Random point counts: 6000. Ranged within [0, 10000]
3 9686
4 3634
4 8866
6 6101
9 656
10 2447
14 2682
15 9797
17 4134
18 8597
21 3888
22 2510
22 4792
24 267
24 9357
28 5034
29 5037
29 5425
29 8109
30 4137
32 4726
33 9772
36 177
36 8791
37 9379
42 7596
44 3313
46 5648
51 6501
59 7434
59 8662
59 9450
62 240
62 8895
63 9178
66 6234
67 782
67 3774
69 9099
75 1459
75 8579
81 2924
86 3169
87 8338
88 648
88 3884
89 3838
89 3864
89 7171
95 2812
95 4457
97 7606
97 8511
100 5002
100 6139
101 6756
102 7715
105 5581
107 6605
107 7970
108 145
108 8354
109 4730
111 5827
112 4918
113 1108
113 1726
113 7543
115 1215
117 718
119 1717
120 4634
120 9550
122 1668
124 8872
125 5494
126 4596
129 8405
132 9319
136 8649
140 866
144 5947
146 4663
148 215
148 7192
149 8524
151 7353
151 8292
153 5300
155 3946
155 8468
155 8643
156 6295
156 8415
160 3010
161 7614
161 8916
162 7959
163 5854
164 9019
169 4854
169 7243
171 8858
172 9918
173 7284
178 9840
179 5621
185 3315
198 3622
200 2632
203 1479
204 4700
205 7315
205 9846
206 8040
207 2792
209 4448
213 1195
216 4157
217 1225
217 7526
219 7068
223 3075
224 8731
225 6802
227 111
227 2926
230 2447
232 2162
236 8798
237 9505
240 3209
243 8237
244 2786
244 3467
244 5735
246 7020
249 6072
250 6504
250 7538
252 1291
254 4042
256 7808
258 831
258 7800
259 4542
259 9133
260 5499
260 7799
261 5664
262 8296
268 377
268 9011
272 2993
274 8474
276 3202
276 5544
278 5614
281 3065
281 3369
284 3890
289 331
295 1862
301 9291
303 1311
303 7354
305 3794
305 9957
308 5260
309 4841
310 90
311 3515
311 8723
312 2908
314 3474
314 5179
315 2012
316 5087
318 4393
319 5388
320 3326
321 909
322 1262
322 6875
325 771
327 100
331 1938
333 3867
335 893
339 7959
340 6011
340 9436
341 8521
343 3690
343 4068
343 4306
343 5581
344 6045
345 9251
346 6633
348 3660
349 5354
350 3175
353 9377
355 7347
356 631
356 5035
358 4342
358 9182
360 5905
362 3898
362 7281
366 9102
376 3037
377 4120
377 4274
382 5034
385 5477
387 1373
387 2408
394 399
394 6984
395 1991
397 8138
398 3328
403 7103
404 5456
406 2686
406 7110
411 4964
412 2009
413 7282
413 7672
414 2064
414 9326
414 9592
416 3861
418 7915
419 3572
420 8318
421 908
423 3832
423 4988
427 1194
439 6536
440 3284
444 4926
447 6281
448 2499
448 7346
448 9457
449 7778
453 3812
454 4449
463 4566
465 2063
465 7517
466 3671
468 5378
468 7013
469 5926
470 651
472 635
472 9477
475 7543
476 4954
476 7459
477 3121
480 9670
482 5091
485 8045
487 675
487 5653
488 6537
489 4212
492 4787
492 5147
494 8389
496 4602
497 8225
502 1201
502 2977
504 3591
505 2619
506 2030
508 8578
509 9454
512 6624
514 2472
515 8166
516 4703
519 7106
520 2768
522 3081
522 3174
529 4250
529 8587
535 1664
537 58
537 5896
543 2438
544 7084
545 3057
545 5984
546 7822
547 884
550 1497
550 3197
551 517
551 8058
552 3682
553 3517
554 8761
557 6914
559 1618
561 1711
562 4430
562 5706
567 7569
567 8635
568 1373
569 8031
575 369
575 1285
576 5460
576 5761
578 9134
580 3912
581 651
582 4142
583 6329
590 9782
591 7898
592 4393
593 1524
594 2086
594 9641
595 5070
595 8390
596 5747
601 7295
603 388
603 6236
604 8647
607 4198
610 3265
611 2787
612 3647
614 2406
615 7001
616 3189
627 4360
630 3752
632 7867
633 7636
634 7386
639 6213
641 4692
641 7876
643 806
646 77
649 1400
649 3454
650 5541
650 7617
650 8225
651 9838
653 614
653 2826
654 4675
654 9689
655 8224
658 1960
659 8344
661 4039
661 6331
663 2627
664 8898
666 2111
667 9153
667 9502
669 1736
669 2480
669 6121
678 4946
678 7747
679 5654
682 1563
682 4988
684 3071
685 3685
687 1237
688 1420
695 2270
697 7308
700 1609
700 4223
702 1480
702 8489
703 2336
704 450
708 705
708 8878
709 9939
710 5595
711 907
713 8222
716 3899
716 6401
717 1601
718 3452
722 380
722 5593
725 3396
725 4381
727 3663
729 2706
729 4968
735 3007
736 2815
737 4710
739 3389
741 3210
743 3947
746 1380
748 6784
751 770
752 1770
752 8804
757 8603
758 1340
759 3329
764 4242
765 2362
765 5108
767 5637
769 1358
769 3722
769 6626
771 3336
771 4256
773 680
775 4905
776 4595
776 5257
777 5115
778 1573
786 3114
786 4399
791 3066
792 7644
794 8943
794 9982
795 8553
797 420
797 8593
798 7763
800 3402
801 3734
804 3034
805 1634
810 8052
813 5374
813 9144
816 3317
818 1974
820 585
822 608
822 1375
822 7600
825 6120
828 3004
828 7700
829 2496
829 3861
830 9406
831 3170
832 1247
834 3892
834 7301
838 4936
840 4764
841 3445
842 3944
843 8065
844 2566
845 2918
850 3463
854 8085
854 9071
857 4748
860 5524
864 6050
869 4084
871 6295
875 9132
876 693
876 908
876 2947
876 2986
879 1605
883 5854
885 1415
885 4373
888 5936
894 3093
895 2250
896 2241
898 4654
902 3930
904 2363
904 2875
905 2676
905 4654
909 3159
911 4346
916 7516
917 1558
922 2088
922 4254
924 2983
926 3656
927 9257
928 8108
931 7137
938 3055
939 3060
942 9625
944 9346
947 3143
948 8247
952 2119
952 2423
952 6775
953 5581
955 5135
958 9042
960 5624
961 6951
963 6999
963 7963
965 3095
965 3502
966 845
966 2764
966 6246
970 9943
973 8708
974 6809
977 5191
979 3217
982 7349
982 7400
985 9167
988 6207
992 1370
996 2330
996 4607
998 30
1002 3529
1005 5407
1005 6705
1005 9894
1006 1901
1007 7012
1007 8607
1013 7492
1013 9966
1018 2446
1021 7810
1023 5437
1024 6617
1031 4813
1031 6214
1034 8786
1035 2438
1039 9902
1040 1310
1040 7728
1041 955
1041 3266
1041 7145
1043 7151
1044 1118
1051 9177
1053 2476
1053 7901
1053 8124
1055 5272
1056 8635
1060 4244
1060 6709
1062 6060
1064 5195
1064 8444
1065 8459
1066 7235
1072 1671
1073 1551
1080 7276
1086 3902
1086 9362
1088 5261
1088 8210
1093 4029
1096 720
1096 5326
1098 2810
1099 3660
1099 9947
1102 2737
1102 3510
1102 5288
1102 7745
1103 1712
1104 5513
1109 7921
1110 4412
1110 7335
1112 711
1112 5332
1116 4187
1117 1359
1119 7833
1121 6340
1122 2009
1123 9395
1124 1024
1124 3997
1125 5405
1130 7577
1133 5101
1135 9009
1138 4259
1140 8061
1145 6984
1145 8848
1146 3160
1148 7778
1148 8144
1151 4151
1153 7130
1154 7706
1157 5656
1157 6693
1159 1794
1160 1890
1161 2021
1164 2116
1164 4949
1164 8230
1167 490
1167 9877
1168 4908
1168 5810
1168 8614
1169 54
1170 7207
1170 8887
1172 2302
1173 7639
1173 9980
1174 3224
1175 2480
1178 6071
1181 6620
1184 2584
1184 7615
1186 8845
1191 726
1196 6477
1198 147
1200 6262
1202 3251
1205 7169
1205 7712
1207 998
1208 3854
1209 1441
1211 9739
1214 7622
1217 556
1217 3668
1219 6962
1220 1051
1221 9146
1223 8423
1225 2346
1228 579
1229 2746
1230 207
1233 1943
1236 2213
1236 5587
1238 4580
1241 7567
1244 1145
1245 4676
1245 4998
1245 6432
1252 1919
1255 2345
1255 4942
1259 186
1261 4490
1262 9692
1263 3818
1263 5559
1265 8318
1268 62
1270 1760
1271 1887
1271 4315
1273 1703
1274 1394
1275 4128
1276 5253
1277 3937
1278 8085
1280 2299
1281 1580
1282 8510
1284 7349
1285 8388
1286 849
1286 5815
1286 6541
1287 8527
1294 5021
1295 1873
1298 70
1301 7769
1303 1262
1305 2165
1306 3555
1308 7079
1308 7546
1311 1317
1315 8002
1322 630
1324 3005
1324 8018
1325 4114
1327 6377
1328 4456
1329 1760
1329 5146
1331 259
1331 2370
1331 4374
1334 7053
1337 4293
1338 4989
1340 4868
1341 5819
1343 7026
1344 2174
1349 3910
1351 7511
1352 2871
1353 7166
1353 8482
1354 7205
1356 6492
1358 5629
1359 9550
1365 8347
1367 6155
1370 4493
1373 5113
1376 5607
1377 595
1377 834
1378 6977
1378 7300
1380 3751
1387 1230
1387 6851
1387 9730
1391 5275
1397 6073
1398 4522
1398 8470
1399 1625
1399 9057
1403 8646
1404 159
1405 2979
1405 4563
1405 5983
1406 3235
1409 1169
1409 9545
1410 707
1410 4898
1413 8886
1415 4946
1416 5441
1420 4894
1422 2878
1423 1599
1423 9462
1425 4790
1425 4880
1428 166
1428 407
1428 8229
1429 6956
1430 1744
1431 3209
1434 6487
1434 9825
1436 1026
1437 4079
1438 225
1438 1302
1439 2378
1440 1927
1440 6884
1441 8314
1446 7914
1447 5182
1448 1581
1448 5850
1448 9856
1449 643
1449 3157
1450 2524
1451 880
1451 4330
1451 4500
1451 4559
1451 7553
1452 9592
1456 3742
1457 6262
1461 7594
1464 443
1468 1805
1469 3159
1469 4311
1469 9117
1471 4867
1473 1371
1473 4043
1473 5818
1476 2240
1477 4041
1478 1391
1481 5973
1481 7788
1482 1591
1483 2310
1483 8637
1484 2623
1486 2822
1486 8705
1486 8953
1486 9538
1489 148
1491 8670
1494 2058
1495 7420
1496 784
1503 3758
1506 7295
1509 9549
1510 1360
1510 2500
1512 7750
1515 7963
1516 1706
1516 2782
1516 8755
1520 7705
1522 7135
1526 7421
1527 8824
1531 2943
1532 8432
1532 8627
1533 9529
1535 4772
1539 5852
1539 6637
1539 7393
1540 1714
1541 6733
1544 4948
1547 2672
1547 2814
1547 3599
1550 2727
1552 3263
1553 3157
1554 3574
1556 9598
1558 5916
1562 683
1562 2909
1562 3389
1562 5883
1563 4205
1565 5011
1568 1995
1569 4439
1571 1899
1572 6009
1579 4693
1580 5527
1582 2484
1583 6624
1585 5161
1587 361
1588 3586
1590 2788
1590 9414
1592 466
1592 5587
1593 8666
1596 6907
1597 544
1598 201
1600 6630
1601 5975
1604 792
1604 1541
1606 557
1607 2140
1608 5166
1608 6266
1609 2702
1609 9389
1615 1068
1616 9880
1618 6796
1618 7407
1620 5696
1621 1949
1621 7544
1624 6555
1627 9530
1632 6676
1633 8167
1636 4016
1637 1846
1637 3898
1638 2971
1638 7319
1640 164
1641 2775
1641 4469
1642 6764
1643 1614
1643 6225
1644 7990
1645 3228
1647 9735
1650 7559
1652 7023
1652 7469
1657 7620
1659 3890
1660 2452
1662 4544
1662 6390
1663 1492
1664 1637
1664 6432
1665 3785
1666 5738
1666 9243
1667 1910
1667 3218
1667 5537
1670 7105
1671 5901
1674 3594
1677 1026
1677 7125
1677 8970
1678 7689
1678 9727
1679 493
1683 9628
1685 991
1688 1888
1690 300
1690 959
1692 2690
1695 6185
1696 5172
1697 4983
1701 6012
1701 6579
1702 9575
1705 3116
1708 4109
1708 5455
1709 1114
1710 8033
1714 8410
1714 8697
1717 9944
1718 832
1722 6353
1723 2938
1725 6892
1728 9980
1729 941
1731 1381
1732 5552
1735 1885
1735 8818
1736 8414
1737 8207
1738 9046
1739 10
1739 5529
1739 8231
1740 6050
1742 15
1745 8009
1746 4133
1747 7522
1747 8401
1748 5774
1748 6717
1751 8304
1754 1399
1764 6135
1770 423
1771 9658
1775 7249
1777 2291
1778 2569
1783 8108
1785 6467
1787 7092
1788 8123
1790 5991
1791 7005
1792 4671
1796 85
1798 4505
1800 9651
1803 106
1804 7988
1810 8574
1812 2779
1814 7957
1815 3450
1817 9338
1818 3125
1818 4243
1822 493
1824 1931
1825 641
1825 8514
1826 6385
1831 6707
1832 4508
1833 4519
1833 8486
1836 4135
1837 7254
1838 8992
1842 154
1842 2556
1843 7792
1846 1925
1846 2650
1846 2855
1848 586
1849 3386
1851 2130
1851 6377
1857 8526
1859 564
1863 8443
1866 5176
1866 7315
1866 9237
1867 3953
1868 2164
1872 4153
1872 5832
1873 9080
1874 5427
1874 7198
1875 7367
1876 1082
1879 349
1879 7390
1879 9701
1881 4591
1882 1862
1882 9608
1884 7499
1887 3628
1888 6681
1889 3451
1889 9071
1891 4961
1892 4525
1893 6388
1894 251
1898 7672
1898 9568
1906 2079
1906 6636
1912 843
1913 7964
1915 4503
1916 5823
1918 2975
1918 8502
1919 7913
1920 4266
1921 2291
1921 6613
1922 1052
1923 8173
1924 4098
1927 4542
1932 2182
1933 5553
1934 4873
1935 8266
1936 2172
1936 5762
1936 9352
1936 9589
1937 5350
1938 3036
1939 8951
1941 4912
1943 2005
1943 9167
1944 4305
1945 1383
1945 3652
1947 2205
1947 9242
1948 5383
1950 549
1950 6298
1955 2926
1956 2905
1956 9969
1958 2132
1960 2068
1960 3138
1961 5900
1961 8589
1963 1214
1969 8590
1970 968
1972 6177
1975 5896
1977 9012
1979 7220
1979 9915
1980 8994
1982 4376
1982 7652
1982 9807
1985 67
1986 4378
1986 8306
1989 9709
1991 1639
1992 4691
1995 611
1995 7301
1998 5599
1999 3193
2001 2972
2001 4256
2002 5174
2005 2406
2006 4506
2007 8022
2007 9040
2011 5772
2017 464
2017 2457
2020 8175
2021 4584
2022 4641
2024 1506
2026 2180
2027 9467
2030 7467
2032 145
2034 1522
2038 9619
2039 3997
2039 4722
2041 9284
2043 3261
2043 4547
2044 8554
2045 1045
2050 9663
2051 1763
2051 4969
2051 6550
2055 2551
2055 7407
2056 4117
2058 5515
2058 9371
2061 3382
2061 4510
2063 2087
2064 4559
2065 4246
2065 6158
2066 4244
2066 8565
2068 1225
2068 6476
2070 8546
2071 3756
2071 4971
2071 6121
2074 1089
2077 3422
2078 8138
2079 7587
2083 8408
2086 6854
2087 8984
2088 6455
2091 7304
2093 7601
2095 5378
2095 8982
2099 8530
2102 9990
2105 8357
2108 6478
2109 4030
2110 609
2110 8382
2111 1106
2112 7182
2116 9112
2117 8159
2117 9253
2118 1526
2119 1329
2120 9319
2122 985
2122 2807
2122 3305
2127 9125
2128 7252
2129 2051
2130 6785
2131 4265
2132 8875
2135 7305
2141 1671
2141 2718
2144 2651
2145 1402
2148 8718
2151 4804
2152 9218
2154 1142
2154 5411
2157 4345
2159 3584
2162 687
2162 3954
2166 1638
2167 6517
2168 4410
2169 6082
2171 846
2178 2181
2180 7106
2183 3544
2183 4973
2184 7175
2186 2987
2188 2055
2193 7764
2194 9756
2196 6619
2198 9458
2199 7700
2201 230
2203 2283
2204 7314
2209 1592
2212 5024
2213 3398
2214 3670
2215 6866
2217 9213
2218 2805
2219 823
2221 6597
2222 1321
2222 2131
2222 9773
2224 3095
2227 3488
2228 2441
2228 4757
2232 984
2232 8306
2233 9839
2235 2838
2236 4533
2237 5040
2238 9036
2240 6229
2241 6291
2244 5674
2245 4756
2245 6717
2248 3495
2249 7834
2249 9190
2251 3580
2251 4642
2252 7577
2253 4826
2258 2731
2258 3061
2259 245
2264 7656
2265 1091
2265 2713
2277 6785
2281 616
2281 4003
2282 3692
2282 5575
2283 4396
2284 8444
2285 7980
2286 2697
2291 6081
2291 7075
2292 990
2293 1171
2293 2840
2293 4400
2296 4407
2297 9385
2299 4993
2299 5736
2304 4683
2306 4049
2308 3643
2309 5728
2312 1183
2313 1611
2313 2486
2316 2930
2316 3896
2316 5498
2317 930
2319 489
2319 6435
2320 330
2321 2145
2323 698
2324 4022
2325 421
2325 3051
2326 4716
2327 4623
2327 6979
2327 8306
2332 6927
2335 9876
2337 1728
2338 8021
2343 5646
2345 4945
2353 2750
2354 1160
2355 8763
2358 7473
2360 5029
2361 4507
2361 5343
2361 6780
2363 1460
2367 201
2370 1997
2371 1959
2372 3062
2373 9255
2374 2117
2374 6843
2374 9302
2375 1270
2375 4185
2378 4959
2378 5924
2381 6547
2385 6817
2386 3210
2387 3334
2387 3463
2390 2103
2390 3747
2391 4088
2393 4331
2394 8339
2394 8759
2396 423
2397 5299
2397 6227
2397 8966
2401 4571
2407 5830
2410 1301
2411 5159
2411 8968
2417 2097
2417 6717
2417 9413
2419 4738
2420 240
2420 9890
2421 2872
2423 2423
2424 3423
2424 4960
2426 3896
2435 5824
2435 7192
2436 4459
2436 5520
2440 7102
2441 9987
2447 1101
2447 3093
2447 9005
2448 263
2448 2209
2448 4437
2449 6928
2449 7495
2451 1178
2453 3950
2453 5715
2460 3882
2462 186
2462 1269
2462 8325
2465 5196
2467 1421
2473 7682
2477 1371
2478 2335
2479 377
2479 6457
2480 2887
2482 593
2482 4802
2483 6758
2483 9908
2484 440
2484 6632
2484 7212
2485 8492
2486 811
2488 4535
2488 6812
2489 3611
2490 7058
2491 3753
2492 7067
2493 3416
2495 7811
2495 8761
2498 865
2498 1586
2498 8836
2507 2627
2508 2569
2508 3844
2509 1570
2509 3981
2509 8312
2510 2897
2511 779
2511 1464
2513 1826
2515 841
2516 1009
2516 3456
2517 6651
2519 7717
2523 1595
2523 7097
2523 9426
2524 5003
2524 5184
2526 3715
2526 9267
2527 492
2527 8237
2529 2421
2529 2768
2529 7720
2531 7940
2534 8908
2537 4213
2537 6149
2538 3900
2541 8832
2546 6454
2546 8539
2550 6337
2552 8973
2554 9188
2558 4435
2558 6005
2559 1184
2559 2166
2559 9538
2561 1666
2561 2560
2561 9068
2563 4396
2564 2230
2564 6359
2565 2389
2567 540
2569 6864
2571 3096
2573 7044
2574 7053
2575 3638
2575 4539
2575 6986
2579 2999
2580 1201
2580 6795
2582 1000
2582 9691
2583 334
2584 1799
2584 6895
2585 1344
2585 6404
2587 575
2588 5143
2589 1536
2589 5503
2590 7563
2592 2907
2592 5513
2592 8775
2595 9246
2597 425
2598 7035
2599 2318
2601 3198
2604 2849
2607 1740
2608 6561
2609 7626
2612 6337
2613 8758
2614 3356
2618 7572
2619 2625
2620 362
2622 9617
2623 6267
2625 8081
2626 3154
2628 1526
2628 2606
2630 6850
2632 5746
2637 2916
2640 8054
2642 3921
2644 4922
2645 4726
2653 1694
2654 2079
2654 3170
2656 1594
2657 9687
2658 3201
2659 5354
2660 3441
2663 4359
2664 5498
2665 3005
2670 6348
2670 7494
2671 7178
2673 4502
2677 3959
2681 7724
2681 9884
2682 2212
2682 4486
2683 3286
2684 5374
2689 1681
2689 3821
2690 9512
2693 6932
2695 2843
2697 5679
2697 6573
2701 7216
2702 3235
2703 4455
2703 4495
2703 5015
2705 7878
2707 8343
2710 6618
2712 2800
2715 904
2715 5467
2719 9645
2719 9992
2720 508
2723 2115
2725 2079
2728 7369
2729 6212
2729 9579
2730 8535
2732 8635
2735 8596
2738 6107
2739 3927
2743 479
2746 4198
2749 5987
2750 3810
2750 5151
2753 9666
2756 8452
2759 7929
2760 3869
2760 8508
2763 3532
2769 7929
2770 6623
2772 9520
2773 9313
2773 9902
2777 5130
2777 5630
2779 5139
2781 616
2781 7604
2784 8697
2787 1495
2787 9929
2788 8047
2791 1326
2791 7896
2792 3959
2793 5398
2794 5483
2798 6247
2798 7640
2800 2083
2800 2482
2804 1896
2805 7216
2806 2817
2807 2505
2807 5608
2809 9801
2810 3082
2810 6273
2811 4859
2812 146
2813 5801
2816 8159
2817 1046
2817 4025
2817 7197
2818 1703
2818 8299
2825 6576
2828 237
2829 5836
2835 5626
2835 8286
2835 9652
2836 5943
2836 9372
2839 4431
2840 2205
2840 2439
2840 3003
2841 5732
2843 1684
2844 2362
2852 5252
2856 483
2856 2061
2856 2922
2860 612
2860 7348
2865 1109
2865 2578
2865 7468
2866 5658
2868 1973
2871 860
2871 2772
2876 9219
2877 5295
2877 9580
2879 4414
2879 4731
2880 7079
2880 8379
2881 2709
2889 6441
2891 5899
2892 1245
2895 3644
2901 623
2902 6971
2903 5443
2908 3565
2909 7160
2915 863
2915 9323
2922 1886
2924 7984
2928 1180
2929 8603
2931 9261
2933 1596
2933 1948
2934 3086
2940 2534
2941 6801
2943 99
2944 6658
2947 2875
2949 5754
2953 1314
2954 5630
2956 4952
2958 9582
2960 2723
2960 7666
2961 397
2961 6727
2965 1238
2965 1586
2965 7283
2966 5834
2966 9920
2967 4297
2971 3976
2971 5304
2971 9391
2974 677
2975 2718
2977 9990
2980 8030
2982 5739
2983 4345
2988 3935
2988 4175
2990 48
2990 1689
2991 8761
2995 6794
2996 9486
2999 1948
3000 8151
3001 3205
3004 4524
3006 3095
3006 5132
3009 2018
3012 9732
3013 3102
3016 6870
3018 996
3018 1989
3018 8906
3020 429
3020 8241
3022 2492
3023 8650
3023 9307
3024 4937
3027 4094
3028 7517
3031 513
3031 8105
3031 9040
3033 9519
3035 505
3036 3286
3038 7395
3045 5439
3047 1461
3049 6182
3049 6417
3050 6671
3052 10
3052 1436
3057 2818
3068 4599
3069 6445
3070 1241
3071 7106
3074 5292
3075 9409
3076 2067
3076 6597
3079 7592
3080 659
3081 1532
3081 2342
3082 270
3082 1822
3082 2452
3083 5917
3084 1097
3086 6950
3087 7854
3089 7607
3093 4869
3094 1932
3095 2789
3096 4694
3103 6760
3107 9892
3108 9056
3111 2613
3112 5535
3112 5688
3114 294
3114 2340
3114 5877
3115 3506
3117 6263
3119 8580
3122 1345
3124 5765
3128 6598
3129 5319
3130 1522
3130 8570
3131 8479
3132 4154
3134 5843
3135 4739
3137 6331
3144 825
3144 9386
3145 2710
3147 2139
3147 4691
3150 1711
3150 5956
3150 8004
3153 1375
3154 2035
3157 5166
3161 5768
3161 8169
3162 5441
3163 8305
3164 3635
3165 4424
3167 1865
3169 7994
3170 9320
3174 2002
3174 5372
3176 8119
3177 4697
3178 2999
3179 526
3181 3141
3181 8816
3183 6020
3184 120
3184 4534
3185 996
3185 6026
3186 1532
3186 4603
3187 7865
3189 3464
3189 8747
3190 5327
3193 3532
3194 2640
3195 2770
3200 1675
3200 4072
3201 7053
3204 2440
3204 4999
3205 4526
3208 2966
3210 1810
3210 7782
3211 1413
3212 918
3217 2173
3221 6445
3222 5441
3222 9825
3223 3876
3224 8303
3226 1295
3226 4674
3227 4687
3228 79
3233 9678
3234 4950
3234 9926
3235 1562
3235 5838
3236 3952
3240 6686
3241 6544
3241 7161
3241 9965
3245 5931
3246 1994
3246 7329
3247 6993
3251 4692
3256 8358
3259 301
3265 7730
3268 1146
3268 6692
3269 8091
3269 8885
3270 92
3270 2746
3277 1730
3283 3561
3284 6567
3286 4641
3287 437
3288 2952
3288 5607
3291 824
3292 8293
3297 5904
3298 8402
3303 1435
3303 8443
3304 6382
3305 2948
3307 707
3308 4885
3308 7447
3309 3727
3310 1002
3310 1930
3311 6038
3311 6726
3315 5455
3316 5932
3320 2998
3323 3819
3324 8633
3327 8980
3328 2213
3334 8050
3341 5222
3342 1810
3343 2906
3343 8451
3347 4041
3350 637
3353 1698
3361 3583
3361 5468
3365 4538
3368 9061
3369 6307
3373 2592
3376 4213
3378 7702
3380 3946
3387 2790
3388 1355
3388 9989
3393 3388
3396 1040
3396 7350
3396 7740
3398 3280
3399 3598
3400 2010
3400 8874
3401 1875
3401 8609
3408 8858
3413 2052
3425 7551
3429 2574
3429 6240
3431 5330
3433 8612
3435 7960
3436 8983
3437 226
3437 6652
3438 3255
3438 4149
3439 3086
3443 4294
3446 9484
3447 3001
3448 8789
3455 8815
3456 2189
3457 7028
3460 5114
3461 3123
3462 4292
3463 9390
3466 2998
3467 8053
3469 3743
3470 4818
3475 648
3477 7531
3480 2402
3485 8143
3486 9498
3488 9054
3491 6266
3500 1555
3503 8384
3511 3857
3512 9837
3513 3752
3516 9212
3517 5159
3519 382
3522 1689
3522 5584
3524 1147
3526 6803
3526 9961
3528 4418
3530 9752
3533 4649
3534 9190
3535 4768
3535 5183
3538 2077
3540 9413
3542 646
3542 9367
3543 2349
3543 5260
3545 5124
3545 5619
3546 2356
3548 2948
3548 3023
3549 6279
3550 1357
3550 4266
3550 7805
3551 5470
3556 7608
3559 3156
3559 3575
3559 7370
3559 7968
3562 8748
3563 3503
3566 4359
3567 1136
3571 3323
3572 7470
3572 8895
3575 3066
3576 6681
3578 7345
3580 7970
3582 7140
3588 9249
3593 441
3593 8168
3594 4657
3595 2257
3597 3513
3598 2372
3598 6755
3599 1014
3600 7585
3601 3820
3602 7037
3605 2868
3608 5143
3609 5016
3611 2340
3611 9010
3614 7612
3615 1970
3615 4868
3617 6375
3619 6618
3621 167
3621 634
3621 6789
3622 1502
3624 687
3624 1894
3626 8616
3628 4075
3628 4159
3629 9729
3631 4777
3632 4275
3632 5611
3632 7921
3634 6466
3636 6288
3638 2703
3640 209
3646 2822
3646 4137
3646 8490
3648 2249
3651 9559
3652 2540
3654 6537
3657 4416
3660 4630
3661 3139
3664 6243
3666 9515
3670 2031
3672 594
3674 2748
3675 9271
3677 3489
3677 7408
3679 3824
3680 3025
3681 2100
3681 8866
3688 8077
3692 6539
3693 3525
3699 7977
3702 4337
3704 3874
3707 1950
3708 7614
3713 3313
3713 5658
3716 1239
3716 1346
3718 6255
3720 9497
3721 3461
3721 3535
3722 1216
3722 7222
3722 9112
3728 9229
3730 1950
3730 3968
3731 6668
3733 3389
3734 3291
3734 4207
3736 5997
3737 5860
3737 8299
3738 5886
3740 9382
3741 6799
3747 3677
3748 9191
3749 3971
3754 3203
3754 5660
3756 9217
3758 7060
3759 8923
3760 2018
3762 5703
3764 4492
3766 714
3769 6938
3772 1856
3774 9153
3775 2843
3780 79
3781 3492
3781 6068
3782 4025
3783 5396
3784 3406
3786 1226
3786 3344
3789 9046
3790 513
3791 7538
3795 8874
3796 3379
3796 8654
3796 9828
3797 5609
3799 4495
3801 2557
3802 3348
3803 686
3805 8709
3806 3112
3806 8842
3808 5227
3808 6736
3809 5141
3812 437
3818 8999
3820 9946
3821 7985
3822 3484
3824 4153
3826 8098
3828 8302
3829 4455
3830 6124
3832 9271
3833 209
3834 917
3834 8210
3836 9219
3837 1789
3837 1928
3839 3366
3840 5829
3841 1215
3843 9669
3845 5607
3846 2292
3846 4591
3850 8466
3853 513
3858 3226
3861 7022
3863 8386
3866 924
3869 2990
3869 5113
3870 6524
3871 3060
3871 3232
3871 6585
3872 771
3872 1547
3874 8773
3878 3854
3879 850
3879 1749
3882 2456
3884 2005
3885 4262
3889 4215
3891 1941
3892 3902
3893 1060
3893 2133
3895 7377
3899 5440
3901 8302
3901 9035
3904 8163
3905 2947
3908 1444
3909 8446
3911 4920
3912 3413
3912 5640
3912 9057
3914 6880
3915 8063
3916 6140
3917 9282
3919 8098
3922 3214
3922 3752
3923 207
3925 7750
3926 3827
3927 990
3934 4805
3935 3354
3935 7697
3936 2031
3936 3773
3936 4891
3938 5641
3938 6292
3938 7373
3941 5992
3942 2897
3943 609
3943 1284
3945 5114
3947 3620
3949 9562
3951 184
3951 2487
3953 5985
3955 2721
3955 8583
3957 2122
3958 1365
3959 4705
3960 1852
3960 7644
3961 3840
3962 1362
3963 3199
3967 661
3969 486
3973 3897
3974 1228
3974 5871
3976 1780
3984 2380
3985 4911
3985 6688
3986 5097
3987 3507
3988 3048
3989 8785
3991 7335
3993 505
3993 1988
3993 7813
3999 793
4002 1497
4003 497
4004 918
4005 7299
4006 83
4008 5356
4010 1544
4013 7325
4015 8809
4019 5836
4020 3802
4022 7677
4023 9041
4023 9771
4028 1108
4028 2759
4030 8978
4033 5503
4034 3640
4034 9981
4036 4124
4039 41
4040 6218
4042 2834
4042 5182
4043 8109
4044 464
4044 925
4045 4694
4046 7
4046 7058
4047 285
4049 6736
4050 3544
4051 1217
4052 5326
4052 7081
4053 2822
4059 180
4060 9695
4062 7522
4065 1810
4065 2541
4067 2320
4068 9005
4070 9225
4073 2939
4076 6708
4080 5069
4083 2645
4084 5233
4085 8864
4091 961
4094 4579
4096 655
4096 6652
4099 3448
4099 6120
4100 2042
4101 1042
4101 4175
4103 601
4105 3232
4108 3875
4110 517
4110 2727
4110 3460
4110 7166
4111 7470
4114 6678
4116 9134
4117 7641
4118 7984
4121 4635
4121 8350
4122 3173
4122 5400
4122 7988
4123 9581
4125 6926
4126 1843
4126 9138
4130 2056
4131 26
4131 3958
4131 5490
4133 8508
4135 350
4137 2772
4139 5131
4143 3356
4143 4622
4143 6415
4143 6896
4144 8699
4147 5128
4147 7083
4150 1923
4153 1056
4155 5751
4157 9552
4158 1242
4164 7089
4166 4662
4168 4556
4171 2978
4171 9857
4175 1509
4177 9878
4179 667
4181 5061
4181 9481
4184 3993
4186 9155
4186 9470
4187 3348
4187 7384
4191 7689
4191 9626
4193 7715
4195 2211
4197 6642
4198 2366
4199 2837
4201 6393
4201 9246
4206 8173
4207 6133
4208 3042
4210 6308
4210 7118
4211 598
4213 3054
4214 3206
4214 5589
4218 4771
4218 7769
4220 917
4222 2757
4222 4197
4223 8544
4231 6487
4238 2750
4239 6093
4241 4335
4245 7607
4246 6374
4246 7637
4248 6540
4249 6285
4253 8568
4254 6329
4255 2234
4256 4016
4256 8223
4258 2004
4260 4685
4262 11
4264 9130
4265 5147
4277 6012
4277 9489
4278 60
4278 2105
4278 7800
4279 2181
4281 4759
4281 8325
4284 1988
4285 4442
4286 2057
4286 6564
4287 3478
4288 4354
4289 6938
4291 2765
4295 4340
4295 7358
4297 34
4297 41
4297 7612
4298 8246
4301 530
4304 5811
4306 7761
4306 9677
4308 5205
4310 4265
4310 5401
4313 1230
4313 9255
4316 8275
4319 2995
4320 1460
4320 2682
4320 5599
4320 9518
4321 8085
4321 9026
4322 4834
4322 7992
4322 8544
4323 8319
4323 8343
4326 8623
4326 9867
4327 1811
4329 5668
4330 2012
4331 2977
4333 1916
4333 3669
4338 4117
4341 1723
4341 4140
4343 2991
4344 8695
4345 7091
4347 8535
4348 950
4350 6917
4353 8253
4356 742
4357 590
4359 6521
4359 8088
4364 3749
4367 2343
4370 3270
4370 8315
4370 9629
4372 8575
4373 5755
4373 5892
4374 5795
4375 9047
4377 3606
4378 4137
4382 4003
4382 6753
4382 7627
4386 5942
4388 6339
4390 250
4390 1970
4390 2418
4391 227
4395 5325
4395 7339
4398 8560
4399 1339
4399 3942
4400 9257
4406 4051
4410 2038
4412 6119
4415 2971
4415 4647
4417 3053
4417 8277
4418 3324
4418 4889
4419 7853
4424 822
4428 1018
4428 7869
4433 9531
4434 563
4434 4158
4435 5246
4435 7188
4436 991
4437 4436
4437 7675
4441 2006
4443 1803
4444 633
4444 9126
4446 7292
4447 3276
4448 1685
4450 7167
4455 758
4459 1648
4461 1652
4464 8363
4465 3215
4466 276
4467 6534
4471 650
4473 2444
4474 4713
4474 7210
4476 1017
4477 5025
4478 3513
4478 8825
4479 1752
4481 5798
4485 8393
4487 4546
4491 9825
4495 5602
4496 8173
4497 9068
4500 6871
4507 7721
4508 5427
4512 3127
4513 4468
4515 8405
4516 5634
4516 7950
4517 1634
4517 3383
4519 386
4524 2519
4526 6213
4527 9227
4530 5157
4530 8356
4530 8851
4532 3466
4532 8033
4534 5435
4536 9709
4538 1372
4539 2773
4539 6336
4539 7870
4543 4395
4544 2677
4545 4285
4546 6643
4546 9505
4547 1585
4549 2775
4551 8193
4553 1662
4554 3583
4554 7355
4554 7681
4558 9326
4561 6330
4561 6448
4562 1481
4562 7276
4566 5182
4568 9713
4569 2114
4569 2207
4569 6303
4571 9855
4574 2637
4577 3758
4578 8628
4579 8186
4580 9727
4581 1346
4581 5246
4582 8943
4584 1095
4585 3727
4586 5126
4586 5723
4590 4305
4591 3940
4591 4059
4591 8892
4593 5856
4595 1055
4596 9426
4597 6278
4597 8354
4598 7704
4598 9514
4599 1264
4601 2103
4601 5557
4602 5753
4603 5760
4606 194
4606 2480
4606 3570
4612 1824
4612 6985
4615 4644
4615 4968
4618 9967
4622 3907
4625 3926
4625 5162
4626 6076
4628 671
4629 1665
4630 7295
4630 8611
4632 9839
4634 2167
4635 7900
4638 8361
4639 2008
4639 9876
4640 5545
4642 5645
4643 324
4644 9396
4646 1295
4646 4489
4653 489
4653 4147
4653 6589
4654 538
4655 9717
4657 7960
4659 1552
4659 9716
4660 8308
4662 1368
4667 8745
4668 4205
4669 4436
4670 1438
4671 6735
4672 7052
4675 173
4675 7013
4677 2728
4677 3892
4677 4027
4677 7398
4678 955
4678 8338
4682 1003
4682 2473
4682 5774
4682 8423
4685 4406
4686 5094
4689 4122
4690 1514
4690 4951
4691 3604
4693 1289
4694 9152
4698 1355
4700 2999
4702 5300
4704 2198
4709 9937
4711 5094
4712 3531
4712 6786
4722 6311
4723 8657
4729 257
4729 6151
4729 6932
4733 184
4735 6706
4736 1077
4737 2886
4737 6674
4738 1834
4738 2612
4738 6683
4740 3625
4740 3900
4740 4277
4741 202
4742 7042
4744 7826
4750 4738
4750 6413
4751 16
4751 1408
4753 2220
4754 4600
4754 9516
4755 2100
4756 1130
4756 9843
4759 2933
4759 7592
4761 1286
4762 2321
4765 7872
4767 1531
4768 7019
4769 8873
4772 2183
4772 7933
4773 9433
4775 7459
4776 2954
4779 3844
4779 9139
4780 6143
4781 2977
4781 7710
4782 6680
4784 6627
4789 2732
4792 9885
4793 6419
4794 6183
4797 3086
4797 5359
4804 4700
4804 5147
4808 7949
4810 7246
4810 8891
4811 6003
4812 7063
4814 5716
4818 3830
4819 4456
4821 8985
4824 4436
4824 9751
4825 1800
4826 344
4826 5859
4828 1593
4828 6901
4829 1050
4829 6331
4832 397
4833 6841
4834 8326
4840 591
4841 4736
4843 5127
4845 3494
4846 8305
4849 9504
4856 1449
4857 2180
4859 7448
4862 1577
4862 6176
4863 1726
4863 5857
4863 9141
4866 5613
4867 9517
4868 2534
4868 4068
4869 2933
4870 9207
4871 18
4872 6087
4873 6333
4874 3993
4877 3988
4879 8660
4880 2016
4880 4655
4882 9266
4883 558
4883 4852
4884 3905
4885 1230
4885 6869
4887 8049
4892 536
4893 9059
4894 609
4899 4708
4900 3582
4903 9351
4906 4014
4907 7644
4909 7173
4912 9128
4914 4771
4916 5160
4919 3788
4921 29
4923 8387
4924 7960
4925 981
4925 1130
4925 5406
4926 5417
4927 9569
4930 5070
4933 4778
4933 5019
4936 1371
4936 6819
4937 1850
4939 3919
4940 2091
4940 2672
4941 2591
4941 9558
4945 7731
4946 1045
4948 5631
4954 6733
4958 2108
4959 197
4959 4367
4960 1622
4961 4197
4962 175
4965 9619
4971 5021
4972 4215
4974 5209
4975 5673
4977 2788
4977 5651
4977 9549
4981 6113
4982 3446
4982 8638
4983 276
4985 2157
4985 2532
4985 7162
4988 6993
4988 7394
4989 6606
4993 6590
4994 4629
4996 52
4998 4519
4999 4986
5001 3428
5001 4083
5003 9995
5004 3867
5007 584
5010 3981
5011 4894
5012 3305
5014 605
5014 5873
5015 8939
5020 57
5021 2717
5022 6325
5022 6490
5023 3882
5023 5669
5023 9635
5024 9432
5027 5542
5029 7993
5030 2396
5031 1276
5031 9839
5032 7100
5033 5555
5034 3162
5035 7251
5039 7859
5042 3706
5044 6620
5044 7403
5045 1683
5047 8800
5051 3971
5052 4374
5052 5023
5053 5292
5053 6045
5054 8729
5055 1950
5056 9266
5057 5556
5058 5075
5058 7940
5059 3561
5060 1462
5060 1501
5063 2856
5064 1049
5067 8933
5069 7408
5070 372
5070 8470
5071 2191
5072 7601
5073 2985
5074 753
5075 2289
5076 5239
5077 5400
5083 2254
5084 5484
5084 8755
5086 4617
5089 5069
5089 9421
5090 2814
5090 4953
5093 2400
5093 5329
5093 6394
5093 9213
5099 8158
5101 5663
5103 2823
5106 1438
5107 2026
5108 4480
5109 91
5110 9437
5113 8634
5114 8798
5118 1025
5118 2780
5119 7873
5122 8416
5123 5888
5130 7977
5131 3979
5132 548
5135 924
5135 1757
5135 2022
5136 809
5141 2073
5143 2109
5146 4039
5146 7759
5147 5940
5147 6441
5148 1619
5148 5787
5150 8780
5150 9817
5151 6504
5151 9327
5152 1784
5153 4340
5154 1160
5156 104
5157 2076
5157 2859
5158 2225
5161 3522
5164 3392
5165 511
5172 6529
5172 8287
5173 4857
5174 3485
5175 2161
5175 2830
5179 5426
5184 2405
5184 6028
5187 1911
5192 3670
5193 3090
5194 8084
5196 4591
5198 3921
5199 1504
5201 2197
5204 5856
5207 5675
5208 6250
5208 9600
5209 3739
5209 3906
5210 9110
5211 3984
5211 5232
5211 8660
5215 2397
5215 8358
5217 9018
5218 5050
5222 6838
5226 3053
5229 2594
5229 9265
5231 3275
5231 5026
5231 5631
5231 9800
5233 2188
5234 1257
5234 5346
5235 3609
5235 6933
5236 5468
5239 2467
5242 141
5243 3149
5243 4127
5243 9358
5251 1269
5254 3683
5255 2795
5255 3189
5255 8298
5256 7614
5259 2302
5260 2070
5260 8568
5261 3584
5262 5585
5262 6086
5262 9455
5264 844
5269 1739
5269 2992
5269 6321
5270 7656
5272 1082
5275 2836
5275 4059
5277 6150
5279 7801
5285 9029
5286 128
5286 2517
5287 2404
5290 552
5298 4410
5298 8778
5302 8757
5303 3087
5304 3276
5304 3423
5305 8523
5308 965
5310 5585
5312 6782
5313 5979
5314 2290
5314 9468
5315 2824
5315 6629
5318 9971
5319 2611
5319 3483
5319 3605
5319 5947
5320 7851
5325 1700
5325 6898
5325 8594
5326 22
5328 1162
5331 5676
5334 6029
5337 4030
5338 946
5339 1901
5339 3599
5341 2229
5344 6610
5346 5906
5348 6410
5350 7377
5351 750
5351 4947
5351 6326
5351 9172
5353 3363
5354 2116
5355 2004
5356 9816
5357 5794
5357 6779
5368 6939
5371 326
5374 5476
5379 4578
5381 1077
5387 2020
5387 2916
5389 2750
5389 8485
5391 7975
5394 406
5396 1570
5397 2790
5398 4719
5398 9609
5400 2525
5401 7115
5402 5855
5403 5790
5404 2581
5404 5475
5404 9782
5404 9811
5406 349
5408 7329
5409 1102
5409 4529
5413 1042
5415 1394
5415 3215
5418 3676
5419 3506
5419 8083
5420 2653
5420 6089
5421 13
5422 472
5422 5538
5426 845
5427 7652
5428 898
5428 1381
5428 4400
5429 2293
5429 3553
5429 4274
5429 6615
5429 7012
5430 7894
5430 8342
5431 7244
5432 2808
5434 6797
5435 4220
5435 8776
5436 8103
5439 9653
5440 6111
5441 4751
5448 7513
5449 179
5454 2704
5455 2169
5458 8082
5460 4619
5461 6394
5464 2560
5464 4772
5465 9307
5467 7765
5468 5450
5468 6867
5470 3867
5475 7186
5477 1041
5483 7180
5484 3190
5484 5302
5486 2225
5487 7243
5487 7420
5496 8986
5496 8997
5498 6885
5500 4585
5503 1912
5506 2216
5515 5886
5516 894
5516 7204
5517 7302
5521 972
5525 1690
5525 6162
5528 4832
5530 4925
5531 6275
5532 9929
5536 5501
5538 566
5540 8703
5541 3153
5541 6238
5543 3536
5544 4172
5544 9963
5545 8125
5546 4039
5547 7210
5551 6208
5552 5947
5554 144
5555 7545
5556 7012
5556 7990
5557 3546
5557 6065
5558 4235
5560 6167
5561 4149
5561 7687
5562 237
5563 1380
5568 32
5568 3709
5574 1712
5578 2340
5580 6122
5581 4586
5582 390
5586 2829
5593 1259
5596 4301
5596 6626
5596 7242
5599 1515
5599 3573
5599 4494
5601 4215
5603 496
5603 2690
5604 1776
5607 3942
5611 3937
5612 8700
5613 6781
5614 7041
5617 4010
5618 1051
5618 9531
5620 6393
5624 7528
5625 7050
5627 932
5628 5298
5629 5275
5632 4103
5633 4807
5633 6355
5641 213
5642 4889
5644 1910
5645 2362
5645 9803
5646 7164
5646 9588
5648 5972
5651 7203
5653 3411
5654 8203
5655 1894
5656 2325
5656 7726
5657 5960
5660 713
5660 6794
5662 3948
5664 444
5665 921
5669 5431
5673 8061
5677 5554
5679 4732
5679 8071
5682 8455
5684 8976
5686 8785
5687 8217
5689 5852
5690 2672
5693 5228
5695 1969
5696 3595
5698 6563
5699 6383
5702 3700
5703 1071
5703 6207
5703 8143
5704 8757
5704 9323
5707 1461
5709 3923
5709 4497
5713 4911
5718 1199
5718 8055
5727 6600
5728 4411
5730 2864
5731 3715
5732 8155
5735 6132
5737 508
5738 7469
5739 1021
5739 5172
5741 352
5741 456
5744 7317
5745 824
5749 4262
5750 2429
5750 6697
5751 4861
5751 5369
5752 6099
5754 8969
5754 8986
5755 3019
5755 4004
5755 8228
5757 3766
5758 2862
5760 9571
5761 5044
5761 7851
5762 5603
5762 7584
5763 7196
5764 5836
5764 6902
5767 7279
5767 7876
5770 9749
5774 9018
5776 5301
5776 6686
5778 785
5778 5532
5779 284
5780 313
5783 3068
5784 7404
5788 1549
5788 3337
5788 4284
5791 5908
5793 8179
5797 677
5797 4259
5798 7457
5799 6946
5801 3366
5814 288
5815 3482
5818 4317
5820 1670
5821 9117
5829 7601
5830 1916
5831 2106
5832 6402
5834 7653
5836 8013
5841 1217
5843 7433
5845 4949
5846 9808
5848 572
5848 4144
5849 1531
5851 7729
5852 1926
5852 4497
5853 143
5855 2709
5861 4597
5863 7104
5866 1618
5868 5762
5868 5772
5868 7996
5869 321
5869 3134
5870 3639
5871 3098
5874 62
5874 2484
5875 3421
5878 8645
5881 3980
5882 8761
5883 8218
5884 8180
5889 8138
5891 6931
5903 1625
5904 8954
5906 3499
5906 7534
5908 1155
5910 515
5910 3031
5910 8047
5916 473
5917 6376
5920 1359
5920 5155
5923 1275
5926 2211
5926 7464
5927 8596
5929 9134
5931 2157
5934 2572
5938 9170
5939 6876
5939 9544
5940 5552
5941 4701
5943 6417
5943 7787
5946 4341
5948 3405
5949 3447
5950 3471
5951 89
5951 3629
5953 9173
5954 8914
5955 3549
5956 4396
5960 5042
5961 3420
5961 6297
5962 6459
5963 5351
5965 2447
5965 4908
5966 2515
5968 787
5969 3089
5969 4584
5970 8159
5971 1248
5972 5720
5978 8615
5980 8670
5981 65
5982 7565
5984 5660
5985 5033
5988 5711
5989 3137
5991 3753
5992 2181
5992 8016
5992 8141
5993 2852
5993 5112
5993 9519
5994 211
5995 6590
5997 5424
5999 7014
6002 5166
6004 5699
6004 7823
6005 779
6006 8419
6007 862
6008 4061
6008 7590
6008 9133
6010 9212
6015 5120
6015 5882
6016 3571
6022 2252
6023 1997
6024 4591
6025 306
6027 7098
6029 8060
6029 8704
6032 5352
6036 5968
6036 8830
6038 7325
6038 8788
6039 3707
6040 4900
6042 3003
6042 5442
6043 3310
6044 449
6044 2341
6046 9602
6049 2410
6049 8837
6050 1991
6050 3516
6050 9571
6052 2395
6052 2732
6052 9067
6053 1664
6053 3975
6059 5836
6059 9759
6061 2722
6064 3522
6065 4711
6065 9108
6069 1787
6070 8354
6071 5188
6073 6678
6074 1032
6077 1949
6083 8528
6084 3792
6087 2922
6088 5326
6088 7447
6088 7868
6091 8906
6092 7309
6095 3554
6099 9585
6101 8684
6106 1729
6106 5324
6112 2817
6112 7763
6112 9004
6113 6217
6116 1656
6117 2007
6117 5774
6117 6700
6117 8654
6123 9413
6124 959
6127 3751
6128 7282
6130 8731
6133 5368
6133 8759
6134 1394
6136 1851
6138 2620
6138 9281
6140 1191
6140 7914
6141 5922
6143 4577
6143 5618
6144 5930
6144 7857
6145 7239
6146 9234
6148 5719
6149 1474
6149 4030
6149 6494
6151 2389
6152 4696
6153 2125
6159 3602
6161 4377
6162 630
6163 5008
6165 272
6165 7177
6169 3531
6169 7383
6171 468
6172 387
6172 3786
6173 1371
6173 7187
6175 5247
6180 5554
6181 3691
6188 3762
6192 5890
6192 7339
6193 1360
6196 5453
6199 221
6204 8231
6205 8881
6205 9457
6209 2634
6211 4191
6212 1037
6212 6193
6212 9421
6226 7202
6227 4023
6228 1566
6228 6354
6229 6685
6231 6758
6233 5531
6233 8719
6235 9839
6237 1850
6240 4531
6244 3667
6248 3193
6250 3343
6250 5268
6250 9158
6253 7476
6255 8370
6257 6196
6258 9364
6261 74
6261 1979
6262 4410
6265 8567
6269 1301
6271 5247
6271 7058
6274 7666
6274 7827
6277 5252
6278 7604
6279 6071
6282 3158
6284 4051
6286 5773
6286 9645
6287 8373
6288 1475
6293 4901
6294 5435
6295 2382
6295 3678
6295 6178
6296 1185
6300 7315
6302 3559
6303 6002
6304 7139
6305 2790
6306 5587
6308 767
6308 8314
6310 132
6310 3040
6311 8151
6311 9730
6312 3126
6313 426
6314 5620
6315 9694
6317 2007
6321 2431
6322 4815
6324 3714
6324 5097
6335 5211
6335 5837
6336 5097
6337 509
6337 3745
6337 6937
6342 8913
6342 9935
6344 2481
6345 8296
6345 9970
6346 2915
6346 4784
6349 2295
6349 5354
6351 4341
6352 5287
6357 4958
6357 7501
6361 808
6365 6125
6366 6999
6367 4523
6368 3675
6374 4741
6374 5471
6374 5512
6376 7266
6376 8698
6378 8901
6381 9562
6384 5530
6385 9984
6389 7461
6390 8834
6395 1407
6400 3115
6402 4817
6403 4124
6408 237
6409 1965
6410 1704
6412 4123
6414 3540
6417 7384
6423 3132
6429 1313
6430 3518
6431 8323
6432 3441
6433 3225
6433 8421
6436 5266
6439 3235
6440 7683
6441 3892
6441 8609
6444 8829
6445 8146
6450 515
6450 6001
6453 2118
6453 2691
6454 3875
6457 8566
6458 4564
6460 8133
6464 1784
6466 3231
6466 4457
6471 8406
6473 2341
6473 5984
6476 1961
6477 2141
6478 3053
6479 2231
6481 2609
6483 7130
6484 2489
6484 4782
6484 8591
6487 3270
6489 4359
6492 2829
6492 8142
6492 8465
6493 5004
6495 6826
6495 8198
6500 1513
6500 6555
6501 5598
6502 3604
6505 1169
6506 7089
6507 3466
6512 4647
6515 2368
6515 4557
6515 5549
6516 3839
6516 6253
6518 9958
6521 9262
6525 6168
6527 5817
6532 1142
6534 2020
6536 6119
6536 9453
6537 6010
6538 9769
6539 4440
6541 3394
6542 1760
6543 2353
6543 6959
6543 7799
6549 167
6549 7732
6552 5193
6552 9812
6553 4270
6555 4448
6556 393
6558 5430
6559 9279
6564 4231
6566 1952
6567 6133
6568 2859
6569 1486
6570 4198
6570 8991
6573 4041
6575 9737
6576 4904
6577 2577
6579 7326
6581 2953
6585 9699
6587 4516
6589 600
6589 7662
6592 2912
6594 6415
6596 4372
6597 5078
6597 6528
6598 6894
6599 7464
6600 3208
6602 2372
6602 9561
6603 617
6605 6436
6611 7889
6611 9060
6612 2622
6613 6822
6615 4126
6617 9551
6617 9875
6620 622
6620 1040
6620 9888
6621 7477
6622 7244
6623 6737
6623 9065
6625 451
6626 7338
6628 6390
6628 9429
6630 7000
6630 7266
6634 5765
6635 5318
6637 1213
6637 1768
6638 6160
6640 1082
6640 2136
6640 6215
6640 9946
6641 2601
6642 2204
6644 5338
6644 8809
6645 9198
6647 3866
6647 7452
6651 2416
6651 7448
6651 8142
6653 2052
6656 3705
6657 9740
6661 5314
6661 6492
6662 6251
6670 770
6670 9545
6677 3533
6678 7028
6679 1561
6679 8777
6682 443
6686 4672
6687 374
6687 5429
6689 1262
6694 5558
6697 5806
6698 8442
6698 8933
6699 5073
6703 3220
6703 3759
6703 7150
6703 9300
6705 3674
6706 5156
6711 8921
6714 6063
6714 7127
6717 6532
6718 4691
6720 7935
6721 5027
6725 3134
6725 7137
6727 3177
6728 2456
6728 9129
6729 685
6733 2623
6733 9792
6735 3448
6736 69
6737 2774
6737 7276
6737 8071
6738 4140
6738 7726
6742 114
6742 3828
6743 6469
6746 7506
6752 558
6754 7434
6755 6479
6756 8561
6756 9417
6757 1636
6759 3007
6761 1205
6761 3140
6762 5038
6769 3335
6769 3888
6771 7611
6772 9460
6774 8791
6780 6889
6781 2328
6781 3316
6782 948
6782 7780
6785 6887
6786 1614
6787 5754
6787 6019
6787 6102
6791 8793
6791 9526
6792 883
6792 5525
6793 1354
6793 4649
6793 8428
6794 8908
6797 3474
6798 3237
6798 6688
6799 751
6803 7396
6804 3655
6804 4922
6804 7961
6806 6145
6806 7491
6807 6511
6809 7939
6815 543
6816 7049
6819 7460
6820 7153
6821 6317
6823 8189
6825 9809
6827 2159
6827 9485
6828 1033
6830 5603
6830 6572
6831 1714
6832 6360
6838 3125
6839 1406
6839 1714
6845 956
6848 3557
6850 1300
6851 7422
6854 745
6855 7746
6856 4463
6857 5832
6858 1796
6858 3426
6858 4277
6861 2837
6863 3927
6863 7702
6866 1147
6867 3659
6870 8131
6872 7341
6874 4890
6875 158
6876 6831
6876 8412
6878 5116
6880 3473
6880 6809
6883 6867
6886 267
6886 1053
6886 9215
6889 643
6892 4994
6894 672
6894 8535
6896 7426
6898 2403
6898 3956
6898 9255
6899 2588
6899 9716
6900 2863
6901 1417
6901 4420
6902 8819
6905 888
6905 3648
6908 8151
6908 9273
6914 4211
6915 257
6916 6457
6921 313
6922 5651
6924 5832
6925 6104
6926 2721
6927 3394
6927 4405
6932 3717
6934 1625
6938 6424
6939 1730
6939 8243
6941 6838
6942 6401
6943 6270
6946 4466
6947 4604
6948 3613
6949 4433
6949 6466
6950 8284
6951 5060
6953 2967
6953 9917
6955 3322
6955 9642
6960 3942
6962 7625
6965 8364
6966 3576
6971 429
6971 1684
6971 7462
6971 9876
6973 1342
6973 7848
6974 521
6975 6090
6975 6980
6978 7959
6978 8706
6981 2105
6981 8080
6982 8181
6983 7327
6985 5824
6987 6623
6993 2688
6994 4745
6994 5808
6994 6521
6995 5120
6996 9700
6998 5170
6998 8290
6998 9093
7001 1896
7001 4415
7001 5487
7001 7927
7003 582
7003 6285
7004 9744
7005 5910
7005 9238
7006 6708
7008 5017
7014 3313
7015 8697
7016 9792
7017 7881
7018 8336
7021 3039
7022 1914
7024 7311
7025 4066
7026 4760
7027 4686
7027 7965
7030 1768
7032 7514
7032 8915
7043 4373
7044 4218
7049 4374
7049 6033
7051 676
7052 5695
7055 7975
7058 6065
7059 7769
7062 484
7063 1090
7063 4929
7064 8549
7066 4479
7069 71
7069 1197
7069 1992
7072 3221
7072 6960
7074 3603
7076 2235
7076 4712
7078 1134
7078 9625
7078 9992
7081 6685
7082 7277
7083 5371
7083 9381
7088 8329
7088 9321
7090 2874
7090 6708
7092 4090
7094 605
7096 3570
7098 8990
7102 7439
7105 5640
7106 5399
7107 110
7107 2447
7108 4883
7110 2101
7113 1516
7115 6830
7117 7499
7118 3982
7119 8197
7122 6597
7122 8815
7125 5700
7125 5987
7126 6765
7129 2480
7137 8853
7139 3706
7142 5846
7144 565
7144 7557
7145 5874
7146 3870
7149 7804
7151 7406
7152 6335
7154 1509
7157 2896
7158 3034
7158 3049
7159 7641
7167 4665
7167 5592
7169 3699
7173 1581
7174 981
7175 876
7177 5312
7178 9890
7179 5855
7180 8219
7181 3747
7181 8631
7184 1974
7188 5599
7189 2804
7193 9893
7196 3295
7199 8267
7203 5127
7204 3034
7204 5581
7208 3581
7210 6847
7210 7911
7210 9488
7211 562
7212 1977
7214 3209
7217 4784
7218 6817
7219 1870
7219 4073
7219 8067
7220 2905
7220 2942
7221 1484
7223 4932
7224 2712
7224 8746
7225 1517
7227 7091
7233 5785
7235 7854
7238 6922
7244 9102
7245 1455
7248 2158
7250 1744
7254 215
7254 4960
7258 5231
7259 1594
7264 807
7264 9286
7265 5373
7265 7825
7266 9774
7269 396
7269 6819
7271 6819
7273 4459
7276 5869
7278 5051
7278 5972
7280 5650
7283 3051
7284 9606
7288 9559
7292 7032
7304 5095
7305 2691
7307 7799
7309 3487
7314 3874
7314 8650
7315 1836
7315 6521
7317 3533
7318 2659
7321 7491
7326 6024
7337 5094
7338 2874
7338 6584
7341 7830
7343 1962
7343 8965
7344 8471
7347 4839
7350 389
7351 7136
7353 6923
7356 8299
7357 1071
7357 8353
7359 7523
7362 1135
7369 5920
7370 2881
7370 4322
7370 5464
7372 2159
7378 5658
7379 8144
7380 681
7383 2629
7384 831
7388 4491
7392 7416
7394 7177
7394 7542
7396 5813
7400 7461
7402 1477
7402 4190
7404 2934
7406 555
7407 7912
7408 9663
7409 8268
7412 7933
7413 7446
7413 8221
7413 8674
7417 2754
7420 776
7420 5155
7421 429
7427 2314
7433 6058
7433 7215
7435 7247
7436 8338
7441 2891
7441 5007
7441 5892
7442 8793
7443 4992
7444 7467
7445 8001
7447 9020
7453 4362
7457 5307
7457 7092
7459 4284
7463 2326
7464 5092
7467 9414
7468 6109
7468 8436
7469 427
7469 5150
7470 229
7471 9349
7474 3338
7476 3037
7476 3204
7478 6104
7480 7627
7485 3316
7485 8252
7494 29
7495 6087
7496 588
7496 1850
7500 8028
7501 5827
7502 4189
7507 3216
7508 8563
7510 3177
7513 9184
7515 4580
7519 7453
7520 1125
7524 5854
7525 980
7526 8051
7527 8213
7529 4481
7530 2997
7531 6040
7532 3750
7532 6598
7532 8945
7534 1499
7536 9755
7539 4865
7540 5270
7541 2546
7541 6998
7542 1323
7543 1920
7543 5586
7543 7181
7543 8366
7545 4515
7547 2362
7548 5646
7549 4854
7551 1914
7561 5519
7565 2052
7565 5129
7568 921
7570 7143
7570 9712
7572 3694
7574 8781
7580 500
7580 1866
7582 6695
7584 6276
7586 86
7586 7355
7587 2151
7590 1753
7592 7843
7592 7873
7594 5693
7596 3719
7598 2223
7598 9991
7603 7611
7605 7462
7606 732
7608 3359
7611 4330
7612 3853
7612 7803
7613 2850
7614 1143
7615 5582
7617 9836
7619 2524
7621 73
7621 9104
7622 6515
7624 4207
7625 5686
7626 8615
7630 2669
7630 5772
7634 1725
7636 2363
7638 73
7638 1162
7639 1039
7639 3754
7640 3939
7640 9248
7642 6218
7643 1661
7643 8619
7644 3259
7645 7057
7646 4163
7646 4991
7646 7045
7649 5123
7649 5900
7650 2903
7652 2365
7652 8343
7653 8397
7654 7507
7655 1606
7657 4788
7657 4869
7658 8893
7660 3254
7666 3620
7670 6862
7671 6929
7677 4515
7679 441
7681 9073
7688 7165
7689 2031
7691 7751
7692 5682
7698 7812
7701 4035
7702 5173
7703 763
7703 7191
7706 2571
7706 9561
7707 1811
7709 467
7710 1484
7711 4784
7712 1628
7712 7671
7712 9552
7714 5073
7714 5136
7715 909
7715 3431
7716 9397
7718 5774
7719 265
7722 6554
7724 7430
7724 9560
7727 7703
7729 632
7731 8876
7732 2464
7732 3873
7734 7597
7734 8051
7736 4116
7739 384
7742 7847
7744 2131
7745 5621
7748 2443
7748 4607
7755 5979
7756 4946
7759 1147
7760 3017
7761 7385
7763 293
7763 6568
7766 2443
7770 7325
7771 8586
7772 7119
7778 1130
7779 3388
7779 7330
7780 7248
7783 4002
7785 8185
7786 3695
7788 7944
7790 3067
7790 4988
7791 275
7793 7415
7794 7042
7794 9327
7800 3477
7800 5353
7802 2267
7804 3125
7811 9367
7813 5884
7816 1024
7818 5933
7822 3403
7823 2041
7823 6144
7826 4851
7829 1069
7829 2922
7834 1230
7834 1830
7835 3398
7836 9145
7838 8296
7844 452
7844 603
7844 6855
7852 3709
7853 423
7854 6740
7857 694
7857 1134
7858 2976
7858 6176
7864 2166
7864 6470
7865 3008
7865 3640
7865 4697
7867 8575
7870 671
7879 468
7881 547
7881 9381
7881 9946
7884 4826
7884 8522
7886 8348
7888 5174
7893 43
7896 239
7899 8659
7901 1780
7905 7606
7907 2089
7908 8823
7909 4407
7910 4896
7912 7085
7914 846
7914 6355
7915 3635
7915 7766
7917 4676
7923 8634
7925 5985
7926 2967
7926 4786
7926 7172
7927 2879
7930 3488
7931 4467
7931 9015
7933 3112
7936 4347
7937 4664
7938 2733
7938 9796
7939 3418
7939 4728
7940 2608
7940 3809
7941 5650
7941 7566
7944 2674
7946 3915
7946 4741
7947 6755
7949 6228
7952 3595
7952 5100
7952 5135
7955 2573
7955 5540
7962 6843
7963 1907
7964 2429
7964 3703
7970 144
7971 6290
7971 7614
7973 3057
7977 6159
7977 7550
7978 1513
7980 385
7980 2446
7984 5088
7985 8699
7986 6305
7991 5451
7993 2423
7994 8265
7995 6307
7996 8199
7999 209
8001 6631
8002 6249
8003 6120
8004 7890
8006 4024
8008 2861
8008 7982
8010 1762
8012 7682
8015 3398
8015 6709
8017 7999
8018 4569
8019 677
8019 4762
8022 4042
8023 1014
8023 2508
8023 7313
8024 820
8027 6972
8028 3053
8028 5232
8029 2751
8029 3617
8031 1674
8032 2924
8032 8868
8035 2398
8041 2369
8042 1447
8043 8702
8045 8914
8046 7124
8047 9748
8049 4477
8051 7345
8054 5269
8055 5620
8056 3026
8057 8026
8059 7390
8060 9618
8061 5796
8063 9897
8065 8939
8067 5314
8068 2984
8070 1017
8071 2098
8071 4900
8073 6463
8076 425
8076 5839
8079 5469
8080 7085
8080 7618
8082 4951
8082 7888
8083 3388
8083 6898
8083 9447
8084 1691
8085 131
8092 4868
8093 8516
8095 1608
8096 9352
8101 2221
8101 4606
8102 4014
8106 1739
8107 2572
8108 3059
8112 2321
8113 3263
8115 1073
8120 7639
8122 382
8122 6905
8123 791
8125 1038
8125 7661
8130 8591
8133 8074
8136 8147
8138 1500
8139 880
8139 5964
8147 790
8147 7555
8149 8156
8151 5838
8153 2274
8153 6249
8154 5797
8156 1271
8156 5604
8156 7342
8158 7856
8158 9697
8159 4868
8161 6623
8162 1205
8162 6586
8167 2724
8168 8447
8169 5918
8171 6687
8176 164
8176 1810
8177 4949
8177 6761
8181 7225
8182 89
8187 2802
8189 2637
8189 3527
8189 3632
8189 8830
8190 3241
8192 3506
8193 9592
8194 2235
8196 4640
8196 9669
8197 786
8197 9368
8198 5561
8199 5872
8201 507
8202 522
8206 226
8206 7637
8207 3372
8207 9921
8208 8628
8209 4523
8214 3697
8216 5533
8219 6791
8222 1453
8222 5453
8224 7099
8226 882
8229 645
8231 5345
8235 514
8235 7689
8237 213
8238 340
8242 1946
8242 2305
8250 4025
8250 5710
8252 5315
8253 7995
8256 3711
8258 303
8258 2324
8261 1365
8261 1475
8263 3399
8265 1895
8265 9836
8266 4137
8268 993
8270 6477
8275 6304
8277 2464
8279 3863
8280 2421
8285 5751
8285 9792
8286 5294
8287 3328
8290 6908
8291 220
8291 9539
8292 9594
8293 1313
8293 7068
8294 2632
8295 8644
8296 9766
8297 1644
8299 1958
8304 1284
8305 4064
8305 5499
8305 9516
8306 3824
8306 4755
8306 7053
8307 153
8310 1389
8313 3635
8313 5858
8314 9841
8319 2083
8320 187
8324 7314
8325 9854
8329 3306
8333 2618
8336 4014
8338 7478
8338 8211
8339 7917
8343 4973
8346 8664
8347 9079
8348 8676
8349 3685
8350 712
8355 310
8355 1516
8355 5578
8356 6167
8356 7589
8358 725
8361 2766
8364 6540
8369 6839
8371 964
8373 1585
8373 9213
8374 4206
8375 9631
8378 985
8378 3044
8379 6731
8380 4796
8380 5892
8384 7920
8385 2588
8389 2873
8390 4927
8391 5890
8393 8412
8395 626
8397 5017
8398 7361
8400 3583
8403 4112
8404 4439
8405 7150
8408 8442
8410 5165
8411 5642
8414 2000
8416 2532
8417 9703
8418 3348
8418 8482
8419 5883
8419 7384
8421 6203
8423 1734
8425 1172
8426 8270
8427 3665
8427 4803
8431 2812
8432 9545
8435 1195
8435 4921
8435 5856
8436 1498
8437 2438
8437 4695
8438 110
8438 9953
8440 9790
8441 4084
8442 5435
8443 1931
8449 9163
8454 2893
8454 7998
8454 9531
8456 3842
8462 692
8463 9862
8468 2998
8471 728
8472 6356
8474 2128
8478 6800
8480 1732
8480 3394
8484 9063
8487 7792
8489 7460
8489 8976
8491 8731
8493 2466
8497 6925
8498 4464
8498 6837
8503 4657
8505 1516
8505 9724
8506 613
8506 3185
8507 126
8512 6385
8516 4759
8519 5167
8519 5676
8521 4268
8521 7616
8521 8510
8522 206
8522 3655
8522 5465
8524 1664
8524 8118
8525 5876
8530 8920
8531 8315
8533 1075
8533 2431
8537 4042
8538 3924
8538 8183
8540 5081
8542 1483
8544 6318
8546 6341
8547 2234
8553 6446
8554 2727
8557 4468
8561 7091
8562 5895
8563 2800
8564 6120
8567 9720
8568 4653
8570 4801
8572 9907
8573 1706
8574 678
8580 5546
8581 4485
8582 5291
8584 4013
8589 6251
8591 2524
8591 5340
8592 5482
8593 2839
8595 8246
8602 2185
8603 735
8603 2002
8603 4235
8606 2727
8608 2787
8608 3551
8608 5064
8608 7679
8610 699
8610 1425
8613 2852
8615 7303
8622 4184
8623 4862
8625 1502
8626 9579
8627 5058
8628 785
8629 6257
8629 8741
8631 4848
8632 901
8637 3886
8637 7172
8640 1259
8640 8989
8643 610
8644 4009
8645 475
8647 1779
8652 6420
8653 3412
8654 6338
8655 1481
8655 3336
8656 3078
8657 5376
8659 4089
8661 2864
8661 9120
8662 5643
8663 5070
8670 9842
8673 830
8675 8759
8678 851
8678 8969
8680 6951
8680 8275
8681 7475
8690 9524
8691 7563
8693 2955
8693 4427
8693 7588
8694 4586
8696 6535
8697 5699
8697 6231
8699 1016
8699 7896
8701 3055
8703 2692
8703 5967
8705 9451
8710 4138
8710 4405
8712 6452
8717 3303
8717 8394
8718 3003
8719 954
8721 2200
8725 6805
8732 3212
8734 3241
8735 7614
8738 9825
8739 5778
8740 3897
8741 287
8743 7465
8743 8335
8745 7382
8747 7156
8748 7422
8749 621
8751 3724
8759 4836
8759 5715
8762 3416
8764 6238
8766 486
8766 8900
8767 3607
8767 9827
8768 2808
8769 235
8769 7951
8770 7855
8771 110
8771 7020
8773 5112
8773 7651
8778 6370
8778 9759
8779 9983
8781 3929
8782 8300
8782 9059
8784 4448
8786 9825
8792 2599
8796 9406
8797 1006
8797 8998
8798 8650
8798 8810
8798 9874
8803 203
8803 5680
8803 8385
8805 8598
8806 1034
8811 6314
8812 3683
8816 7370
8817 4667
8818 6618
8820 893
8821 3473
8826 4946
8827 2157
8832 4619
8833 2235
8836 2925
8839 8056
8840 6226
8847 7138
8848 927
8848 4864
8849 380
8849 9044
8851 3312
8852 369
8853 9408
8854 2457
8854 8860
8855 4075
8857 3731
8857 4108
8861 8067
8863 2140
8864 1946
8867 8522
8867 9099
8873 8260
8877 5419
8877 8537
8879 7585
8881 5604
8883 5138
8888 9537
8890 487
8891 4440
8892 6817
8895 1744
8895 4312
8895 4457
8896 5120
8898 1171
8898 3412
8903 7145
8908 7398
8909 1274
8910 7531
8911 4200
8911 9939
8913 5186
8915 3879
8915 5230
8915 9548
8916 1581
8916 4701
8917 6548
8918 3135
8919 3110
8923 8952
8924 803
8926 5444
8927 8591
8930 3386
8930 5198
8934 7819
8934 7999
8935 7390
8936 3946
8938 746
8940 5644
8947 5952
8947 7314
8948 7122
8949 4728
8952 1450
8953 9038
8955 6744
8956 3984
8961 581
8961 5123
8965 7612
8965 9660
8970 2231
8971 66
8972 5194
8973 1561
8974 2509
8975 1810
8975 6975
8978 3398
8979 9269
8982 4051
8986 3414
8986 4478
8987 9266
8990 703
8990 7679
8991 1860
8994 9785
8995 4150
8998 2806
8998 7895
9000 1685
9000 3213
9000 4393
9002 7469
9003 2231
9006 6854
9006 9023
9011 4378
9012 6948
9016 8834
9017 8301
9018 564
9021 2840
9022 3303
9024 6746
9024 8218
9026 1422
9028 1701
9028 5952
9029 5917
9029 6635
9035 2521
9039 9950
9040 3282
9049 7164
9050 4675
9052 6743
9053 574
9053 4628
9055 8735
9057 3969
9064 6904
9064 9485
9066 5274
9068 8556
9069 9257
9071 2572
9071 2707
9071 5907
9075 1989
9075 3511
9075 3642
9076 9948
9080 99
9080 1566
9082 2183
9083 2977
9087 3407
9089 8128
9095 3111
9097 5074
9098 1065
9099 3513
9099 6732
9100 7569
9103 3917
9103 5785
9104 8368
9106 4984
9107 3653
9109 260
9109 2793
9109 7288
9116 398
9116 2562
9116 9028
9117 8997
9119 9322
9121 5903
9121 6472
9123 2390
9126 4999
9128 6820
9129 2225
9130 9895
9131 2372
9131 5067
9132 9701
9134 6054
9135 8574
9136 2590
9138 5687
9140 6883
9142 4875
9143 1343
9144 7281
9144 8663
9145 2798
9146 2305
9147 890
9147 3661
9148 4657
9148 9027
9150 2119
9151 8606
9152 3060
9153 8801
9154 7096
9156 4009
9159 6782
9159 6927
9160 4504
9160 5012
9161 7590
9162 2498
9162 4225
9163 9000
9167 2125
9168 5121
9170 92
9170 7783
9171 9777
9172 4877
9178 482
9186 6690
9186 7474
9188 3686
9191 2048
9191 4303
9193 3613
9193 7998
9194 6854
9197 2400
9197 7875
9198 1200
9198 3995
9199 5998
9200 7391
9200 8228
9201 1901
9201 7281
9202 5288
9202 9942
9203 4052
9209 273
9211 1698
9213 3347
9215 9406
9216 400
9216 2970
9220 181
9220 9211
9221 7409
9222 6532
9223 3421
9223 6444
9224 184
9224 7540
9231 2041
9234 1481
9234 5405
9234 8840
9235 2407
9240 6279
9241 5068
9243 8233
9244 949
9246 577
9246 8141
9251 5751
9251 9600
9255 6771
9258 9346
9261 4370
9262 9427
9264 3806
9266 4456
9266 6729
9268 7888
9269 6396
9269 6667
9270 1239
9272 391
9273 401
9273 5097
9275 3028
9276 9958
9277 3703
9277 7237
9279 12
9280 4172
9282 9195
9283 198
9283 9059
9284 6651
9284 7130
9285 8650
9285 8707
9286 3079
9286 3925
9286 8617
9289 3415
9292 2795
9295 5627
9295 5723
9296 793
9297 517
9299 6797
9299 7534
9300 5765
9300 6909
9300 7118
9302 2894
9303 1198
9303 5714
9308 5910
9308 6825
9309 5669
9310 5517
9311 5491
9312 9604
9320 5560
9325 2082
9325 2231
9327 227
9329 6437
9329 9689
9330 2054
9330 8395
9336 5730
9337 4668
9337 9072
9338 9475
9339 3707
9341 1478
9343 6467
9343 7204
9345 4358
9346 8339
9349 866
9349 1424
9352 4959
9354 9604
9357 6412
9359 2281
9359 2638
9359 3225
9359 4165
9361 7980
9365 3469
9365 6659
9365 7271
9365 7699
9366 1334
9366 2163
9366 7056
9369 518
9369 2099
9370 2129
9370 5384
9371 2201
9373 3787
9373 4596
9373 4943
9375 6748
9376 4576
9379 9931
9382 8024
9385 8400
9386 7979
9388 9825
9390 131
9390 217
9390 7029
9395 7542
9397 4635
9397 6010
9400 3567
9403 6113
9404 9926
9410 5236
9411 137
9413 5556
9416 6731
9417 3816
9419 9942
9420 1168
9420 1595
9421 8201
9423 5509
9427 6525
9430 8778
9432 6704
9433 7241
9434 5632
9434 6827
9437 8666
9439 1860
9439 7578
9440 7989
9441 1973
9444 4134
9444 4716
9445 2882
9445 8020
9446 473
9448 7836
9450 1127
9450 7450
9454 7106
9455 3462
9456 2296
9456 6720
9456 8190
9458 1792
9458 9223
9459 2384
9459 3500
9459 8638
9460 3691
9465 6995
9465 7357
9469 9005
9470 3281
9471 2098
9472 1277
9474 5532
9475 5440
9476 7699
9477 9401
9478 3796
9479 2964
9479 7154
9479 9400
9480 8903
9483 2692
9487 6465
9490 7180
9491 2312
9491 2705
9491 6697
9497 1127
9497 9319
9501 5809
9503 858
9504 2035
9504 7817
9505 900
9506 1184
9506 3951
9506 8913
9508 5624
9509 185
9510 8518
9512 9020
9513 5861
9514 6547
9515 8219
9517 8906
9521 3041
9524 449
9524 6035
9527 1963
9527 7424
9530 9952
9532 4398
9533 4004
9535 2466
9535 4932
9540 7877
9541 4963
9541 6122
9543 576
9547 3265
9547 9988
9550 895
9550 8611
9552 9696
9555 379
9555 8292
9557 6824
9558 6603
9561 2329
9561 7440
9567 6302
9570 1356
9570 4428
9570 6413
9571 7731
9576 1861
9576 5580
9581 9195
9582 3521
9584 5263
9587 8072
9591 8979
9594 1417
9596 7316
9598 2740
9601 7004
9603 8177
9607 1318
9608 7558
9608 8385
9612 3609
9613 6465
9614 1554
9615 6010
9616 5137
9620 2322
9620 5696
9622 5172
9623 3353
9625 6052
9626 8368
9628 5594
9628 7724
9631 7165
9631 8224
9633 3919
9635 5208
9635 8898
9635 9034
9636 3501
9636 4139
9639 4039
9639 7473
9640 4719
9641 3894
9643 2390
9644 5431
9647 2566
9647 6364
9648 373
9649 1035
9656 529
9656 7823
9658 6811
9661 8183
9665 6790
9666 4551
9666 5533
9668 2297
9669 3604
9670 4122
9673 1567
9677 3263
9677 3565
9678 9031
9679 4929
9680 9951
9683 7870
9685 6204
9686 2325
9687 8771
9688 4606
9690 843
9690 3198
9691 2608
9691 9564
9693 1158
9693 8576
9695 222
9699 1919
9700 2676
9703 269
9703 2453
9706 1179
9706 1713
9706 5576
9711 715
9711 7430
9712 2621
9716 2666
9720 1053
9720 4198
9720 9953
9721 975
9726 1645
9729 4356
9729 4734
9730 3011
9731 2089
9732 583
9733 3333
9740 2845
9743 440
9745 7144
9747 1793
9748 1841
9748 6370
9749 1643
9749 5208
9750 4364
9755 3930
9757 5920
9757 6206
9760 6778
9763 31
9763 3013
9764 5807
9764 9648
9768 2146
9774 1447
9775 3440
9775 8872
9779 1562
9781 9331
9782 8760
9783 4340
9786 4759
9788 983
9788 7293
9792 2690
9794 3762
9798 9332
9802 9396
9804 2150
9804 5679
9806 1208
9808 2132
9808 7388
9808 8158
9811 3587
9811 7826
9812 8020
9812 8641
9813 9419
9814 4628
9815 1938
9815 8060
9819 1598
9819 1716
9820 1013
9820 3302
9822 3784
9823 3532
9824 3152
9825 6618
9827 3600
9827 7638
9829 2936
9830 8570
9832 820
9834 7693
9834 8014
9834 9646
9840 2202
9841 5849
9843 9848
9845 5248
9846 9763
9848 8719
9849 3941
9849 7804
9855 5659
9857 4925
9858 5368
9860 368
9860 7650
9861 4697
9862 8519
9865 6847
9865 7720
9866 7313
9867 8366
9871 3505
9871 4151
9871 5392
9872 1742
9876 9019
9879 7599
9883 5644
9884 4208
9890 8278
9891 3723
9892 5920
9894 6245
9895 3217
9899 2583
9900 7588
9901 1792
9901 2587
9903 889
9903 7100
9904 1493
9904 4840
9905 2306
9905 3593
9906 3721
9906 8844
9906 9633
9908 2499
9910 5090
9910 9854
9912 1667
9914 8127
9915 1668
9916 3990
9922 975
9925 3561
9927 4319
9931 4792
9933 2706
9935 45
9936 6357
9940 7174
9941 9746
9943 1108
9944 3782
9946 7026
9947 1818
9947 3954
9953 3538
9954 61
9957 5222
9957 9608
9959 3614
9961 7876
9964 1196
9964 2643
9966 4403
9966 6739
9967 1259
9969 2640
9970 2427
9975 1102
9975 6572
9976 5893
9979 2189
9980 7538
9983 7030
9984 2253
9984 3714
9984 5078
9984 9415
9985 445
9987 2779
9987 6390
9991 4121
9992 9451
9993 4884
9997 1007
9998 8174
9999 7716
10000 8436
