Random point counts: 250. Ranged within [0, 10000]
115 8523
239 3504
262 6430
267 9695
308 3368
380 8204
441 6129
455 6599
510 8793
512 283
530 956
544 160
583 283
588 2090
598 9259
611 2836
706 8024
787 6660
793 6227
864 6165
873 3602
873 5480
901 2914
904 7498
972 927
975 7939
1104 239
1149 6938
1155 2278
1170 6488
1203 6205
1210 6496
1226 6556
1287 8599
1392 6905
1445 6511
1458 905
1518 1977
1544 6497
1563 9111
1589 7092
1632 9249
1633 9452
1686 1111
1712 8799
1750 6924
1899 126
1899 6667
1923 9929
1939 3851
1972 4714
2018 453
2042 6312
2053 89
2085 4738
2384 7286
2402 5010
2445 5186
2499 677
2516 4555
2589 6330
2694 6882
2711 5094
2727 7694
2753 7650
2758 6645
2761 5041
2792 1892
2798 6012
2808 2584
2876 2305
2884 1493
2886 9525
2910 2074
2919 776
3010 3840
3043 565
3053 3946
3071 3115
3088 9144
3124 1112
3206 465
3298 5559
3302 4045
3416 4356
3428 192
3433 6944
3456 8774
3569 4707
3628 7824
3654 6123
3658 811
3715 7738
3750 1587
3956 2559
4006 8724
4036 6329
4061 5471
4244 2538
4319 6628
4346 4148
4490 3468
4625 9924
4628 7646
4649 7524
4761 200
4816 8298
4900 9651
4946 9030
4958 700
5038 2697
5054 2306
5092 4750
5147 703
5199 2128
5317 9849
5334 4807
5352 780
5368 5277
5482 57
5549 8301
5598 80
5625 9154
5658 3193
5659 2691
5662 8549
5696 977
5701 4172
5717 4539
5790 9220
5796 6939
5823 1142
5872 5315
5901 7485
5901 9160
5905 3040
5995 6504
5998 7131
6001 7471
6162 817
6256 3272
6261 3574
6296 3404
6360 3184
6452 379
6484 9798
6534 7533
6539 9548
6548 8902
6639 2760
6827 5825
6849 7038
6863 2472
6874 4894
6891 2508
6908 3141
6909 783
6949 3172
7008 5100
7024 1273
7054 5545
7110 2995
7196 9468
7197 9722
7235 5595
7272 7516
7333 9101
7342 9798
7385 2729
7396 2933
7399 7240
7440 2930
7459 5501
7466 1453
7548 217
7571 2647
7601 4971
7604 7597
7663 6611
7671 5378
7689 2535
7713 9991
7785 9958
7800 2803
7811 3616
7815 9620
7828 4907
7862 1375
7906 7319
8008 5973
8018 6322
8055 2667
8104 8517
8182 8315
8184 9379
8216 9640
8259 4021
8351 2391
8360 7771
8374 5723
8401 7510
8410 6421
8447 9801
8457 1893
8478 7006
8559 6938
8565 9241
8648 8550
8700 444
8703 427
8704 1312
8742 1623
8768 2538
8816 2133
8844 6013
8853 3154
8873 9253
8920 6022
8929 9577
9023 4258
9029 509
9038 2777
9116 6219
9206 2542
9244 1072
9275 1484
9308 8079
9331 9369
9339 1210
9339 7024
9350 7913
9408 3125
9433 4254
9472 7521
9474 821
9502 2895
9673 6379
9757 5016
9757 6860
9789 5969
9878 6811
9882 2631
9898 2868
9918 849
9931 9693
9974 988
9982 2523
9990 6692
9992 1332
9999 6127
