Random point counts: 4000. Ranged within [0, 1000000]
15 17802
52 747235
154 400601
497 348388
912 841079
974 131695
978 159465
1452 137824
1531 555996
1786 600923
1916 22662
2301 998103
2493 828101
3843 46448
3872 413142
3986 634528
4077 246148
4092 48594
4196 69453
4246 642949
4505 835965
4838 306051
4939 606558
5265 979793
5472 37162
5491 439880
5642 898929
6051 732030
6432 178806
6764 68556
6773 107599
7642 92378
8054 192796
8155 464713
8379 547815
8508 591552
8768 414112
8779 372133
9466 61387
9626 437089
9719 952334
9753 790604
9787 253359
9851 80588
9863 180782
9876 772635
9984 547375
10125 431625
10153 437102
10233 913856
10304 693585
10376 553947
10983 431605
11075 877444
11353 121438
11584 657202
11849 168544
12077 307285
12081 191750
12395 497407
12622 82342
12763 224134
13166 673807
14151 286651
15674 915054
15683 547124
15967 355973
16016 400572
16129 180399
16286 837419
16393 212239
16476 351474
16501 296925
16661 866138
17084 136476
17341 641302
18834 410632
18963 256682
19519 781494
19561 852432
19623 170659
20717 999131
20786 921712
21171 243530
21217 21516
22044 390759
22143 495792
22416 91068
22678 556717
22919 488812
22963 737086
23564 573568
23812 802103
23982 572735
23985 173032
24159 958185
24236 153148
24442 517832
24756 455496
24796 382007
24887 26407
24939 629434
25067 619921
25383 603854
25538 629512
25858 186930
26104 144761
26157 4012
26364 852489
26472 616551
27077 697505
27115 864569
27251 640527
27337 515870
27628 719451
27852 141049
27975 749399
28054 819212
28364 233527
28638 357882
29063 263531
29648 149454
29820 906294
30487 353347
30676 852930
30750 447353
30865 958762
31233 751576
31251 917031
31490 144953
31577 914885
32011 699445
32533 672181
32592 120005
32627 941459
33651 27141
34308 877215
34811 186041
34915 467062
35829 11464
36597 191973
36635 486374
36676 294956
36748 536087
37141 90455
37283 416245
37480 958077
37503 888074
37782 650661
37843 630949
37970 476300
38455 598018
38496 684308
38755 861668
38826 332350
38992 26834
39151 613550
39516 989099
39523 145951
39845 597455
39941 419028
40023 480675
40449 936902
40924 406698
41224 203148
41461 187482
41461 968557
42110 292288
42133 428306
42158 616277
42236 361342
42298 472193
42325 884702
42474 486882
42482 744832
42740 207562
43221 895068
43237 566427
43673 53383
44186 216471
44700 785680
44750 50943
44799 967003
44859 51560
45428 290840
45485 404300
45616 467849
45633 202600
45687 790322
45713 724895
45846 855248
46040 250091
46139 773049
46527 571180
46667 398482
46686 560230
46687 392796
47322 530570
47827 773676
47938 694621
48063 164022
48239 917484
48721 433638
49146 463975
49153 4892
49427 262953
49540 525638
50374 629522
50465 310950
50934 856739
50957 278481
51148 680394
51560 846783
51622 402036
51979 991454
52334 389916
52858 546369
52973 983945
53319 563873
53511 588998
53609 577435
53684 132153
53876 971777
53901 128720
54696 196079
55309 150159
55401 446178
55431 677004
55537 920399
55732 563255
55979 240762
56044 529874
56332 384488
56483 453349
56559 302178
56969 242655
57149 728810
57608 642577
57667 952568
57762 329694
58552 165990
58923 538925
59053 235494
59722 946555
59769 625138
59879 61712
59940 374669
60036 643978
60333 651995
60374 942665
60592 999586
61116 957915
61136 731736
61468 307212
61528 833005
62156 130664
62197 365951
62283 283790
62527 800136
62641 650288
62719 995325
62963 222121
62985 537145
63129 674006
63169 880071
63542 214788
64416 528768
65484 398589
65912 927209
65930 666293
66283 583917
66412 936005
66423 737453
66500 51664
66577 382179
66784 345499
67068 539289
67148 206768
67484 420643
67576 551709
67808 88054
68158 103433
68349 93114
68383 612818
68403 464808
69060 438052
69073 960047
69696 367004
69941 118885
70090 17912
70183 576335
70340 311961
70654 935493
71354 178154
71987 455006
72322 165300
72623 990249
73038 880338
73043 854284
73463 974249
73475 517108
73517 257398
73656 408606
73700 422920
73972 899945
74257 602604
74259 384710
74335 625370
74354 333053
74896 160536
74904 501287
75089 66650
75430 176151
75641 783247
75845 377217
75867 170542
75993 903370
76152 51579
76342 434329
76382 581879
77176 264727
77322 582549
77506 865627
77968 25085
78005 119899
78221 287404
78244 606675
78491 607214
78933 507994
79348 647757
79631 501680
80296 567822
80466 228919
80532 396067
80883 979153
81200 45444
81217 578447
81648 976017
81768 579216
81969 833994
82226 419000
83122 956383
83450 576532
83503 903467
83523 838378
83816 694913
83957 295860
84451 289378
84766 518131
84913 70460
84969 945886
85066 889388
85253 382299
85628 825871
85976 493996
86173 509340
86299 362102
86649 962850
87429 754361
87527 507244
87683 390337
87719 11239
88218 399018
88219 723005
88257 621530
88366 657726
88381 14863
88397 950712
88976 325272
89262 247592
89466 312986
89487 789709
89678 951454
90027 410092
90089 954098
90175 767830
91006 468561
91384 135506
91450 177028
91535 442256
91545 965280
91928 984373
92931 720296
93397 916110
93506 936737
93697 128523
94080 631007
94094 776916
94563 911896
94716 167384
94796 774285
95172 686084
95568 413733
96479 224112
96530 818310
97354 328234
97779 680077
97914 819299
98030 523436
98290 624279
98629 23192
98718 98779
100322 285314
100530 926304
100994 394975
101221 106459
101364 523009
101421 498147
101714 372035
101726 368385
102390 751089
102486 235175
102678 951322
102835 239227
102862 845590
103587 175990
103640 612203
104252 676846
104845 541576
105250 442400
105301 411076
105487 262453
105678 897647
105713 700735
105731 185920
106283 468239
106570 545219
106816 580022
107459 702899
107885 843323
108379 556525
108495 260282
108869 891764
109225 612878
109538 879711
109775 123893
110643 30555
110914 877069
110989 897618
111046 803477
112000 854904
112321 611466
112872 64795
113392 179270
113675 59305
114062 673040
115208 374138
115363 9647
115399 680132
115406 126436
115434 414470
116095 492462
116139 337623
116402 21325
116805 710541
117606 148119
117811 876906
117965 905476
118042 943833
118095 251535
118580 348766
118918 995860
119497 191096
119717 214843
120026 738100
120507 113193
120617 465787
121009 472481
121476 65784
121629 53214
121855 369142
122029 756991
122143 215608
122492 959831
122651 57490
122901 503947
123576 213861
123871 150953
124200 90383
124474 47647
124891 940801
125768 700152
127021 810175
127340 544044
127514 644656
127678 6604
127697 757872
127770 846154
127971 781980
128663 652738
128895 544983
129241 932289
129312 690065
129612 517972
129753 271604
129797 122500
129960 598902
130086 95732
130181 704247
130676 908052
130812 905382
130867 956933
130906 518760
131219 620941
131629 109581
131676 503418
132132 51431
132391 712696
132471 340671
133106 889441
133124 598272
133610 752784
134093 928318
134192 641345
134978 966065
135087 446966
135178 275118
135377 514266
135663 559648
135691 662016
136030 337632
136134 987879
136286 78362
136880 510702
136903 513015
136908 501861
137353 126562
137652 499030
137735 476986
137752 344368
138097 563255
138186 491800
138278 220739
138493 640857
138560 295769
138877 234204
139054 466538
139097 679662
139109 873605
139156 84397
139207 202915
139700 575143
139943 588943
139971 148471
140178 345607
140255 557749
140290 10733
140538 44034
141123 5860
141134 360933
141168 75668
141212 941848
141363 174492
141864 921817
141997 19032
142322 302702
142374 617902
142520 657707
142976 740302
143167 351826
143661 154689
143749 683069
143859 553799
143913 234140
143935 518229
144762 420948
145228 100136
145628 622040
145901 189089
146021 711022
146252 377871
146329 972459
146614 511816
147200 950283
147875 86735
148556 815334
148586 283343
148682 340512
148814 448860
148894 169313
149050 368718
149103 240781
149315 825348
149398 831997
149895 1870
150198 914813
151044 593918
151390 7867
151596 791045
151612 541263
151711 863391
151764 130744
151876 308773
151880 72753
152243 903497
153104 663685
153180 226651
153435 930396
153855 323090
154174 336876
154229 347547
154296 130106
154750 84712
154927 689070
155509 430698
155618 890973
155796 124829
156167 718710
156255 73659
156758 359675
157431 55518
157438 225767
157745 167031
157761 958046
158637 84614
159151 685056
159193 476035
159271 263370
159483 550925
159623 687802
159636 605095
159733 880268
159774 110644
160146 575866
160173 473638
160501 871574
160880 541282
161510 339764
161855 377790
161858 290586
161893 992953
161902 295754
162508 431330
162537 148597
162604 164096
162721 577242
163373 647663
163412 957752
163413 443393
163677 327086
164076 835606
165140 589174
165529 993368
165580 591265
165597 468998
165646 977902
166337 429457
166496 140227
166606 621496
166674 881701
166751 189576
166821 90967
167089 704458
167487 706314
167955 743346
168061 677224
168074 606630
168137 240557
168346 710381
168909 27053
169204 963746
169528 245685
169644 938483
170230 236909
170352 109069
170954 593367
171156 213343
171214 906981
171231 726719
171607 228511
172048 324986
172518 255860
172771 568140
172785 208868
173467 585713
173776 474896
174028 217865
174201 10469
174452 455356
174476 778681
174512 932949
174589 7423
174734 545183
175442 16199
175580 635879
175778 131189
175798 719250
175802 982250
175819 934622
175934 91873
176040 370039
176367 911804
176405 677454
176617 14938
177265 513150
177503 316749
178036 689538
178112 99232
178546 920922
178614 510135
178819 692630
178927 655265
179301 960034
179334 85040
179493 486517
179497 200732
179637 771030
180261 954282
180334 35820
180834 766175
181105 371597
181162 991765
181619 437063
181684 234666
181843 422889
182559 1138
182850 709730
182867 239267
183151 777629
185308 12901
185764 496200
185889 795791
185979 650709
186102 724346
186176 610262
186230 737012
186573 488460
186961 759054
187007 17430
187119 198182
187119 285687
187442 885391
187491 144034
187821 553766
188157 171329
188192 970228
188641 316182
188769 114087
189013 537727
189158 833206
189409 817423
189991 482756
190169 291346
190403 193243
191046 562243
191653 531216
192110 934321
193576 249893
193681 341153
193722 895457
194020 753450
194187 230883
194238 62577
194312 83348
194568 163228
195007 445734
195116 722511
195218 39024
195324 183357
195647 473784
196302 522973
196446 966125
196770 707086
196794 100268
196873 291119
197062 536026
197193 866906
197222 191871
197471 467297
197570 992281
198475 326579
198595 269783
199099 242590
199270 872075
199393 248974
199425 340757
199641 249637
199667 197867
199721 688000
199929 467910
200106 247065
200123 55123
200460 471943
200837 60102
201746 958131
201895 264024
202293 91738
202459 831358
202571 417852
202633 315446
202695 127157
202980 107699
203747 709268
203787 762627
203828 384608
204052 86597
205106 988359
205331 404061
205428 103638
206120 246478
206897 859761
206911 546078
207488 756413
208101 824049
208315 587782
208320 143208
208778 298168
209305 645040
209735 617109
209878 342442
210218 220432
210701 838041
210741 791484
210786 363694
210816 19545
210863 788499
210990 150902
211118 392384
211596 624489
211940 196663
212475 432597
213313 841217
213426 395917
213435 351015
213599 606974
213653 856626
214258 228411
214458 937623
214768 348194
215123 819714
215546 135957
215844 157159
216000 784701
216435 134123
216721 101964
216980 426060
217038 275373
217075 650247
217106 172029
217654 330070
217835 416348
218316 90148
218331 694860
219061 434114
219497 137445
219947 610906
220170 160157
220251 935208
220550 298825
220691 379205
221236 547599
221479 231967
221578 980108
221621 143463
221749 520505
221828 148309
221895 8333
221986 358310
222424 343682
222519 210253
222653 830582
223038 796500
223070 599195
223691 350297
224212 15724
225014 207086
225116 382649
225370 987740
226314 98928
227053 402588
227146 106895
227294 710782
227369 205527
227914 493008
227926 716553
228736 287833
229023 519955
229080 157762
229412 880654
229573 555125
229874 102702
229996 977994
230017 812852
230476 650472
231168 712818
231599 493497
232030 161735
232073 143651
232154 951032
232920 48784
233464 632996
233464 963398
233497 858571
233698 752632
233737 112231
233785 50265
233964 834159
234171 974059
234200 165179
234524 970665
234611 560269
235052 746063
235178 798180
235298 484262
236347 572517
236414 700431
236545 490695
236650 700903
236747 898823
236945 416285
237714 908563
237886 767771
237999 353864
238201 686367
238325 996669
238427 499530
238500 126364
238931 481890
239061 41003
239154 965930
239251 320443
239565 580751
239929 268076
239940 762467
240340 897537
240601 134161
240852 4554
240917 744927
241780 976841
242026 920784
242216 561842
243118 31371
243351 253052
243756 164175
243947 214556
243968 322062
243988 378745
244609 870322
244640 58790
244860 754213
245140 320281
245245 596847
245256 174047
245277 593303
245553 42558
245700 886676
245767 569517
246038 255735
246124 272983
246176 665329
246193 129492
246283 288093
246867 471299
247538 534351
247554 523122
247617 647929
247769 418598
248187 168666
248469 26374
248482 106927
248614 140989
248651 228043
249241 400982
249477 621298
249752 140914
249757 14403
249761 599706
249796 37112
250011 756533
250355 184210
250398 987862
250543 956105
250648 213614
250688 362601
250790 4439
251599 267094
251757 450458
252243 178890
252446 683789
252900 877356
252914 316097
253169 822776
253255 968466
253585 540031
253635 779739
253775 239481
253993 182458
254368 234253
254545 126287
255301 260326
255925 190108
255966 263870
256177 110312
256195 50473
256789 391466
256993 314936
257012 567548
257057 463722
257150 90087
257347 698204
259089 828397
259280 389456
259423 167589
259645 908679
259781 18247
260736 826359
261145 762238
261213 62440
261271 141189
261403 903708
261902 311297
262330 24998
262510 591540
262818 927057
263133 749667
263318 143223
264028 88021
264467 718738
265208 472433
265263 806434
265326 479737
265843 403100
266062 673731
266550 173633
266683 482777
267251 584867
267319 979416
267321 952741
267331 253725
267343 661368
267949 230381
268298 725110
268370 611698
269092 997158
269176 338794
269207 296448
269292 744891
269355 334973
269373 79144
270272 189901
270293 479946
270344 143452
270438 568007
270617 614776
270633 603352
270927 703440
271014 984761
271448 789645
271544 413313
271733 848480
271907 290666
271990 421916
272066 775164
272368 707717
272839 718073
272945 759782
273009 930025
273102 170954
273120 979839
273498 463723
274451 749501
274471 708478
274529 76887
274678 408302
275079 802300
275414 531272
275547 105001
275738 101852
275775 74833
276097 806000
276369 490110
276533 438888
276725 523871
277237 469665
277484 901109
277589 180478
277617 344436
277785 962457
277903 46444
278222 878154
278507 778392
278658 569347
278672 349354
279450 963866
279496 214413
279946 653605
280475 460493
281043 4209
281123 726708
281176 546830
281447 54058
281456 65833
281504 812171
281510 318264
281646 807111
281725 986322
281894 441541
282248 651215
283961 81486
284435 696245
284972 194857
286171 76828
286232 403340
286542 551427
286681 280544
287228 996540
287290 772232
287777 331952
287934 504321
288067 521770
288097 36931
288508 565412
288794 679655
289187 427598
289358 588529
289550 141416
289993 995373
290111 896017
290418 649062
290643 803184
290816 5150
290827 320438
291157 224545
291401 722756
291409 113324
291478 786780
291548 39831
291587 466827
291777 659983
291924 590811
292041 635688
292424 463665
292667 401143
292740 327766
293246 935281
293366 902677
293876 490037
293895 462942
294095 102525
294180 772312
295308 716819
295451 435110
295500 808168
296008 537054
296281 694146
296422 590984
296434 121059
296582 336762
296635 421451
296898 290867
296936 788662
297145 865989
297151 474161
297389 516899
297920 89317
297989 365498
298492 298833
298640 773507
298764 932471
298927 938042
299308 204594
299931 546209
302022 159688
302022 641845
302168 566809
302654 842044
303435 403538
303645 569304
303920 690891
304331 512847
304426 176872
304833 130099
304964 547619
305535 147887
305804 648654
306053 769732
306169 897715
306904 449669
307092 948811
307258 371063
307264 689508
307290 16831
307432 195420
307871 13038
307938 536301
308096 513715
308381 790714
308499 114174
308786 630755
308810 690209
308917 213103
309110 418901
309444 39482
309568 291886
310160 86181
310357 583205
310396 825264
310561 359236
310720 148696
310799 998838
311183 931120
311510 516715
311804 667957
311969 796272
312073 637690
312818 680799
312889 507045
312958 921992
313298 127595
313573 740746
313662 782002
313682 873567
314235 709566
314777 253892
314827 423122
314980 264806
315475 920275
315533 758841
315807 965162
315907 541699
315956 355938
316301 253702
316332 488546
316433 503296
316607 980591
317400 91695
317406 46794
317569 204697
318057 606502
318298 159100
318310 877980
318377 580988
318481 938823
318590 158449
319327 714499
320086 384936
320195 830833
320247 283598
320601 276070
320712 121645
320844 32097
321318 400134
321700 561680
321719 535264
321735 824332
322233 438155
323384 771446
323470 336081
323522 846569
323552 340592
323704 723837
323858 36720
324023 834606
324671 572266
324997 305164
325386 336864
325406 824599
325617 921217
325848 106305
325927 793485
326064 255710
326352 963837
326358 461731
326413 201070
326468 491693
326652 53867
326737 435327
327085 683880
327252 24980
327592 804995
327635 841181
327691 627535
327929 484766
329334 814059
329826 448196
329875 337270
330169 798474
330180 776471
330308 507470
330324 403083
330456 546281
330525 900259
330559 340109
330687 434332
330880 573242
330913 989398
330935 332543
331416 85687
331498 656174
331731 393258
332133 123552
332414 120154
332639 825033
333084 924992
333221 282646
333547 781834
333722 491577
334348 691498
334767 56888
334777 470657
335122 359957
335280 638757
335437 419036
335439 895001
335634 838135
335826 567756
335893 708001
335923 310386
336219 791418
336800 123728
336982 952361
337238 37108
337332 418147
337398 299558
337719 24642
337925 460098
338054 385571
338109 269478
338606 24793
338639 167860
339267 854812
339846 497587
340063 624316
340515 590071
340600 391732
340713 296824
340843 171633
341047 166964
341098 996193
341377 377112
342229 168968
342754 347942
343225 28823
344232 468525
344336 410407
344423 531031
344584 79181
345008 989672
345307 248836
345405 971103
345966 602671
346378 912548
346549 15063
346606 810535
346665 250552
347103 338544
347192 638189
347194 928691
347337 619341
347342 173998
347530 296220
347789 280129
348168 826199
348510 396098
348588 316410
348902 449701
349255 250098
349390 63469
349913 601497
349926 804537
350152 391166
350268 407208
350270 378934
350853 277429
350987 513620
351013 484560
351465 781877
351626 324575
351772 303216
352497 395727
352509 570018
352640 857750
352678 45832
352797 853030
352929 335876
352945 742321
353099 432222
353111 253275
353381 696038
353544 794688
353924 350890
353936 29024
353970 32386
354038 885344
354152 532777
354554 75407
354680 747970
354788 940063
355064 540572
355295 947404
355435 294519
355843 305767
356221 948444
356759 497915
356796 342002
357395 224723
357609 459964
357876 379841
357983 331188
358059 54159
358308 61975
358356 432986
358453 387251
358612 607982
358762 176795
359103 852343
359194 704187
359373 856563
359432 88277
359489 644013
360061 962626
360263 467426
360487 760788
360621 310085
360788 257797
362232 595220
363335 226837
363603 198912
363809 240114
363820 641836
364039 440859
364183 156788
364364 536800
364485 500044
364645 907241
364703 663490
364943 985138
365063 167592
365314 440703
365385 445571
365387 440510
365529 316138
365744 123175
365748 866581
365782 68950
366006 296628
366805 549454
366869 847948
366959 651994
367062 557002
367082 150940
367100 189106
367398 363005
367769 956071
367990 612797
367995 786186
368126 535479
368161 57712
368311 298263
368554 84671
368819 399215
368860 12502
369139 421816
369235 889019
369335 594432
369481 167596
369721 473783
370423 238425
370676 309253
370685 656162
370713 906696
370930 585211
371147 816597
371366 704265
372027 476379
372077 656569
372516 309452
372903 664166
373194 470686
373463 75461
373607 845415
373640 477254
373906 713395
373916 14231
374004 253354
374211 760961
374951 526466
375203 577973
375205 672110
375295 479228
375655 181393
375665 950182
375683 443861
376733 551704
377037 567904
377118 600402
377377 372850
377397 490747
377467 676340
377651 993116
377971 111379
378330 649668
378406 664804
378559 671484
378736 634129
378872 171185
379112 596538
379498 853044
379571 298740
379633 628127
379699 42652
380460 124310
380518 102771
380620 809935
380871 531705
381111 470406
381184 47993
381266 341808
382382 63726
382623 54786
382681 77401
382943 443648
383470 964216
383644 634818
384228 116365
384297 655672
384557 356527
384894 812745
384926 226227
385160 958719
385967 121472
386580 24851
386650 430647
386696 862334
386715 246639
386779 552535
386955 967701
387272 745524
387563 164304
387578 236295
387724 973214
388552 950824
389058 607626
389370 146717
389395 370997
389751 546497
389898 159590
389949 977454
389967 184928
390032 69496
390271 618242
390868 690853
390881 73674
391181 561923
391282 235650
391821 299818
391994 994895
392747 988616
392831 916565
392878 835197
392982 893645
393050 332367
393123 602714
393342 18701
393647 92814
394017 311943
394346 368261
394562 960328
394581 25856
395216 312808
395326 452011
395481 775641
395929 773361
396468 589220
396634 164491
396698 492973
396720 280373
396831 633539
397597 81340
398098 342962
398115 839922
398430 470864
398534 535969
398566 314526
398710 906471
398812 986892
399074 436175
399115 358405
399314 950283
399423 818207
399779 778571
400028 160856
400150 130339
400472 330050
401119 455743
401345 375570
402204 379686
402424 240750
403110 278324
403182 209126
403515 118448
403879 107654
404466 658298
404731 729420
404997 941164
405201 82599
405816 632810
405862 960841
406248 638802
406313 60131
406383 657111
406595 129781
406608 652978
406985 573634
407155 628338
407160 826372
408310 218684
408313 995149
408436 146498
408467 3777
408484 335795
408681 571899
408918 614359
409500 452778
409644 146091
410015 847028
410716 284851
410844 267561
410923 410490
410937 717000
411351 889223
411534 988485
411540 840410
412009 618840
412069 863232
412255 253487
412438 874481
412557 449992
412934 515483
413177 514452
413203 161364
413268 459289
413423 801628
413458 121482
413500 380980
413802 592137
413995 509069
414277 832158
414368 122198
414734 42638
414754 241490
414758 658224
414760 481546
414878 297125
415000 882045
415252 886899
415711 431466
415788 624754
415908 667570
415954 266640
416215 816017
416519 513240
416886 184462
416915 545949
417337 788711
417847 407018
418146 397902
418347 375573
418466 652179
418528 961483
418541 974042
418716 432738
418812 408174
418821 46025
418829 127881
419313 227829
419374 915956
420066 37043
420772 826905
420889 58367
421069 971559
421494 756923
422158 417770
422916 726547
423394 614177
423400 804863
423966 826486
425086 915471
425090 841201
425214 981505
425278 777659
425316 915690
425371 169077
426157 958756
426599 12480
426734 113855
426779 278192
426936 650860
427157 795544
427179 261481
427183 627678
427823 264001
428284 207176
428298 349686
428361 812599
428420 626092
429670 6294
429756 430790
430359 992513
430430 769968
430495 453846
430682 421295
431169 682854
431488 532472
431733 270944
432044 898753
432919 944105
432956 799149
433028 830438
433222 91018
433583 535503
433777 592186
433862 220867
433874 338793
434101 645307
434138 794816
434275 164309
434286 478801
434403 412075
434475 568109
434686 634649
434928 67355
434935 143746
435220 47327
435262 914817
435475 720153
435672 366562
436017 297810
436306 227999
436495 578431
436609 189492
436805 61514
436939 31901
437694 84342
437789 774161
437861 243728
438229 88977
438865 52085
439361 652544
439579 371458
439635 335894
439638 300212
440474 634176
440582 439478
440596 767386
440663 759775
440669 778703
441504 441788
441598 34553
441609 914122
441860 906076
442050 325696
442206 354861
442404 312235
442468 881657
442528 396385
442673 927287
442824 389018
443011 120627
443520 783104
443888 796892
444045 777743
444221 146436
444691 180895
445028 751642
445188 499289
445972 681440
446482 71876
446635 571184
446656 620867
446716 304336
446893 145865
447220 821015
447473 975860
448212 347858
448298 135773
448408 487755
448413 633866
448904 684508
449115 845203
449616 417153
449847 891202
451245 428544
451543 425434
451639 837277
451909 622562
451913 438244
452309 574751
452361 749424
452551 16980
452716 51406
452780 411731
452789 656326
453033 771470
453292 810510
453711 897855
453751 715693
453882 320009
454233 586886
454256 292583
454316 34954
454341 126301
454367 261576
454464 426348
454564 86497
454718 724067
454792 17438
454949 409191
454988 344765
455686 235550
455706 518114
455723 335807
455806 103198
456046 870133
456071 456234
456172 515238
456182 828117
456276 339539
456442 602402
456588 623092
456871 165709
456928 407798
456930 958420
456947 712137
457045 955353
457113 924259
457249 563892
457270 515319
457547 615907
457567 120742
457775 865770
458014 358795
458061 375970
458112 596754
458339 106924
458436 511398
458934 723140
459255 887142
459551 114574
459785 809958
459879 263857
459958 61250
460054 474489
460221 395859
460444 696997
460487 847303
460569 527602
460768 381212
460781 364416
460851 336889
461592 483136
461665 882763
462112 328708
462315 295600
462452 893542
463268 574137
463294 896796
463364 301238
463504 446782
463546 154185
463896 570327
464142 101168
464191 697411
464510 146738
464548 504765
464561 771953
464582 890222
465448 335249
465552 342087
465602 430570
465832 71271
465930 567862
466301 212952
466355 118300
466572 175853
466762 425574
466937 972226
467185 372674
467708 475502
468653 748366
468706 681768
469038 511395
469083 323087
469361 285794
469490 644777
469872 258979
470176 125549
470520 166683
471254 501780
471642 812238
471810 999531
473344 5193
473507 942244
474472 198348
474998 589491
475444 933171
475478 966437
475907 652818
475942 901821
475975 20238
476588 721361
477115 148007
477182 890465
477941 119431
478015 584387
478043 911447
478264 441702
478278 448633
478439 832391
478472 216995
478744 226297
479016 974061
479066 807426
479264 833758
479267 406103
479288 611380
479459 701666
479776 499335
480457 377412
481070 413711
481235 659259
481360 493569
481384 676807
481401 504966
481624 288978
481659 419002
481674 725403
481800 795495
481875 878334
481981 740543
482012 446079
482411 222670
482477 779988
482499 607981
482627 762320
482863 971130
482976 716433
483012 173209
483185 493193
483243 537991
483437 320589
483605 56660
483847 150791
484546 695282
484550 378109
484940 900356
484993 602552
485145 843162
485359 815146
485652 765508
485659 262447
486010 420467
486024 642348
486070 789621
486883 372461
487007 878925
487091 485232
487098 96406
487128 296039
487515 268499
487876 957189
488292 378447
488399 340896
488523 675469
488647 401083
489125 160954
489657 368035
490245 137321
491259 950862
491359 178934
491886 903340
492165 777241
492296 240983
492368 955091
492568 630489
492801 536374
493178 775351
493778 592955
494073 536698
494478 105758
495111 666387
495389 613115
495391 355937
495512 617953
495735 629742
496272 318793
496600 900560
496745 661236
496747 522833
496907 364398
497159 91748
497191 331978
497736 37405
498011 843604
498604 159676
499018 660236
499638 43467
499721 845320
499847 867267
499906 71562
499934 543194
500068 296578
500290 865907
500312 139715
500587 230619
500633 762671
500639 594473
500766 663578
501064 578341
501159 526200
502661 991609
502905 87833
503321 616547
503330 571261
503390 152482
503484 900509
503634 366808
503753 643339
503880 704801
504541 921199
504747 199219
504751 961791
505042 93211
505042 437354
505056 471773
505059 61685
505399 118717
505512 679164
505805 21772
505907 159005
506806 883135
507038 191031
507341 710818
507481 876312
507589 627997
507732 920232
507766 718643
508126 691268
508241 593353
508431 411493
508522 60057
508710 610522
508959 973285
510094 859127
510243 130730
510264 477706
510356 687217
510421 479144
510463 246701
510501 244177
510572 826405
510884 447184
512508 270297
512760 335009
513018 650137
513109 715381
513141 653702
513268 874933
513476 738905
513579 868148
513849 356640
514063 295590
514181 107658
514782 945997
514816 845807
515184 673592
515650 720693
515853 299154
515910 532929
516112 231119
516180 299335
516437 769820
517076 752630
517501 387075
518048 635540
518299 632471
518540 949134
518825 420158
518873 48572
518910 721289
518937 641913
519414 13122
519493 167500
519810 397949
520061 430896
520364 43514
520468 244034
520649 269388
520768 915729
520777 631066
520826 763831
520839 219915
521140 555586
521173 639507
521777 447924
521790 510826
521843 992109
522138 891380
522141 982350
522174 105665
522373 245316
522525 932402
522788 881760
523239 484310
523464 358676
523960 156040
524299 768730
525126 547697
525548 347981
526003 917800
526032 12173
526093 554624
527260 488994
527301 931657
527380 316511
527393 479143
527432 239053
527485 917144
527712 705949
527749 404953
528314 556542
528599 623080
528671 362028
528834 217278
528860 697079
529087 864089
529225 872628
529279 946417
529309 889987
529809 374202
529967 521337
530219 623642
530352 440776
530751 901593
531153 260734
531460 942637
531518 587953
531802 127146
531823 174706
531905 988410
532040 817338
532930 17721
533214 648967
533426 523450
533558 100847
533574 584935
533648 562049
533771 866056
533944 892207
534927 354081
534995 762569
535428 440117
535727 638311
535888 986768
535998 47710
536239 570832
536473 28145
536776 899499
536844 621995
537045 139363
537047 74822
537320 311590
537628 855525
537729 233125
537847 215862
538710 230683
539105 14123
539239 137279
539584 844555
540241 955818
540343 153276
540654 411395
540827 154848
541689 250379
541705 901610
541706 523561
542420 175285
543122 258327
543276 526937
543545 394421
543565 832681
543657 939147
543773 13836
543819 27979
544033 592397
544663 795493
544782 53208
544896 290756
545616 72197
545635 752648
545640 266705
545728 475055
546302 825169
546536 178381
546909 293917
546911 17546
547575 452227
547611 710958
548011 572095
548219 601966
548707 929270
549034 781470
549511 469255
549846 58840
549880 243938
549969 799381
550073 162667
550181 545093
551529 886100
551807 340386
551959 627707
552078 873046
552145 864870
552255 46759
552477 906135
552808 843678
553250 367231
553990 488273
554601 276466
554888 88671
555599 175786
556366 338612
556984 390741
557233 450152
557261 519623
557269 98358
557590 10457
557676 809623
557860 949416
557902 421636
557985 328746
558049 137329
558658 116099
558779 108876
559399 642940
559406 626796
559440 78398
559545 972967
559690 995180
559870 156376
560002 274874
560071 97057
560596 980442
560652 680238
560886 218986
561273 705220
561705 583128
561748 851342
562036 289655
563156 707295
563303 192948
563431 207819
563846 237683
564549 990649
564696 688297
565425 351462
565516 329580
565694 719759
565754 56550
566274 183463
566380 104972
566716 218436
566855 381791
567179 395791
568245 926655
568742 465157
569157 716293
570057 627588
570267 57790
570789 806529
570874 411125
571219 847273
571857 93846
572035 185911
572128 332608
572272 508950
572427 306880
572699 631035
572782 116247
573615 7232
573714 347594
574197 211576
574288 461567
574540 93912
574543 102051
575167 408806
575512 258467
575628 712934
575870 482179
575896 896550
575950 397563
576289 807677
576709 828682
576772 383659
576863 561776
577073 839276
577886 16938
577992 679685
578090 18541
578126 217127
578264 371137
578450 395383
578686 150428
578771 491269
579061 522075
579292 414589
579914 732929
580112 943759
580287 983190
580308 863182
580448 837247
580725 101801
580787 385131
581216 708916
581300 345541
581376 132939
583086 831651
583181 426147
583307 14316
583478 215576
583845 853122
583862 200794
584148 405483
584551 667743
584808 894049
584901 963494
585010 638096
585402 566637
585775 714042
585914 981283
585926 831394
586622 294781
586747 779648
587141 340063
587202 714039
587444 34978
587621 886965
587805 387157
587959 200174
588578 932113
588610 409528
589229 205953
589610 357618
589926 504152
590615 543641
590615 731307
590732 849141
590815 494413
590997 104801
591005 135230
591229 436536
591649 654004
592232 152395
592285 393811
592368 182412
592659 520787
592734 668876
593893 978901
593954 16340
594107 738353
594235 689130
594665 455108
594960 998595
595180 347559
595579 763628
595885 669438
595937 926511
596384 822013
596470 571475
596739 262265
596839 950066
596874 877191
596966 739663
597214 211411
597458 540025
597674 513876
597831 295288
598106 663446
598229 290359
598662 859657
598720 867614
599008 675020
599155 407602
599580 344706
599636 595571
599800 591141
600188 108393
600397 678408
600646 917316
600651 391506
601620 154270
601791 830375
602128 852098
602333 962297
602405 208562
602416 719810
602490 743050
602575 436259
602576 244628
602818 169042
602864 834232
602905 41700
603349 422758
603368 172467
603368 266925
603428 844848
603574 604722
603897 890773
604644 89856
604699 659709
605613 102696
605809 832592
606209 688860
606224 283880
606626 371312
607183 489282
607700 315021
607786 521170
608280 4312
608585 48992
609085 299467
609126 972910
609355 912240
609514 801798
609639 226489
610107 664815
610311 1662
610583 675566
610736 922206
610878 714906
610924 627994
611503 564140
611993 612261
612137 564539
612215 68070
612462 207039
613087 848008
613170 738602
613304 115742
613317 374508
613864 476022
614172 370380
614273 633742
614622 352655
614699 336249
615012 347739
615630 494126
615746 895427
616132 733183
616488 941627
616623 814938
616884 968517
616986 69855
617319 564846
617355 942756
618954 345326
619304 961589
619596 446310
619928 126235
620149 459295
620713 817154
620726 61132
621381 833091
621520 51624
621596 584484
621605 697408
621631 436886
621759 522837
621787 741360
621866 135997
621871 755335
621934 315999
621985 152023
622047 196929
622428 730542
622501 592984
622591 217252
623322 262574
623592 393811
623933 785154
624246 693022
624466 408950
624703 295138
625067 885549
625781 637328
625958 416118
625984 172967
626386 713961
626523 861468
626917 849885
627247 91664
627519 791104
627621 268055
628339 909612
628788 331978
629392 12361
629558 918699
630123 777597
630137 111781
630415 584134
630575 889270
630984 290622
631239 71941
631326 634046
631488 737989
631692 316950
631774 410178
631951 648252
632708 430404
633001 243992
633895 949521
633953 135766
634699 309509
634778 803894
634957 808233
634965 710066
635099 93991
635134 148271
635341 236810
635568 897686
635976 436873
636360 946507
636421 916426
636495 48716
636521 571375
636866 563512
636937 349205
637060 233628
637240 985395
637299 735835
637365 521120
637671 963285
638220 509043
638336 568783
638357 659044
638954 881084
638986 200387
639023 529651
639245 669551
639755 483756
640035 745246
640320 601664
640337 232792
640407 471494
640764 156065
640807 94696
640912 568301
641139 622870
642005 18844
642084 79652
642092 166785
642231 209105
642339 752954
642600 709347
643308 70969
643492 421897
643777 333218
643891 723937
644509 210858
645411 499392
645443 26958
645576 343740
645598 575074
645953 31741
646041 123035
646623 477853
646625 696345
646868 837064
647115 760305
647268 104918
647313 914748
647430 806404
647521 422912
647971 351061
648028 40552
648089 659060
648092 906473
648097 851798
648158 474503
648186 755571
648424 540782
648633 626010
649830 293604
649887 877368
650047 319303
650120 404101
650289 129511
650693 803790
650771 260873
650860 23045
651200 137923
651308 756914
651740 521793
651870 10646
652775 306102
652850 606918
652884 27941
653315 177157
653378 203968
653487 54504
654074 695505
654350 760533
654424 210960
654859 6634
654942 165067
654968 313571
655136 92033
655194 896176
655934 710088
656144 698849
656427 792059
656905 462751
657009 299507
657537 65114
657658 121207
657746 518440
657854 511736
658082 335715
658112 238039
658660 669858
658700 640281
658874 73315
658924 410918
658969 311435
659001 738375
659535 104524
660062 690084
660088 771628
660179 451470
660251 267266
660630 74603
660702 812420
661234 893274
661236 877979
661358 251233
661423 413866
661642 690257
661778 440150
661898 779118
661900 369035
661997 261933
662062 821483
662984 182156
663539 585736
663708 259908
664020 705553
664235 805645
664311 752979
664345 445399
664427 235217
664810 53731
665090 25344
665284 39945
665317 109831
665806 989460
665925 273376
666051 717446
666112 565956
666243 265123
666345 979277
666639 590756
667293 990177
667414 864649
667944 251284
668011 292977
668229 593859
668414 878201
668875 246953
669064 478430
669102 405021
669219 275576
669273 230211
670091 508180
670290 188129
670322 774907
670402 8327
670601 125111
671163 93866
671469 786246
671760 852131
672577 889683
672773 721227
672881 146159
672925 169773
673253 220310
673368 413602
673490 693345
673555 69278
673932 311632
674072 797164
674086 568822
674487 30956
674580 213991
674950 112547
675013 397544
675579 293900
675863 826065
675970 221006
676126 782355
676344 148019
676451 907244
676482 461190
676485 889548
676535 248306
676654 543084
677165 968606
677190 701187
677198 392277
677316 306502
677886 329588
678513 613612
678664 910173
678968 316350
679383 626145
679387 551962
679897 267076
680062 414058
680075 66190
680419 434056
680668 728909
681008 138160
681025 649475
681237 22058
681720 424724
681971 653543
682241 706278
682413 488015
682457 317179
683081 765528
683753 546583
684005 341851
684392 657788
684551 287462
685797 607193
685887 431537
685917 215869
686158 470358
686450 778433
686547 910253
686646 374345
686945 238873
687123 938497
687521 713039
687644 396005
687872 795918
688016 754822
688091 577167
688286 929947
688562 514338
688610 228363
688773 244089
688884 276205
688987 892722
689217 410635
689398 967463
689416 789312
689426 234344
689706 53184
689897 850469
690398 63985
690437 174726
690559 458709
690782 530929
690917 337477
691140 544322
691212 219528
691288 891539
691887 810432
692223 478990
692546 43088
692822 787164
692960 149169
693091 653892
693091 861361
694265 370703
694526 148434
694601 522789
694725 502326
694925 47391
695428 977080
695478 493916
695633 22234
695720 56371
695968 750420
696210 733539
696555 93252
696638 924490
696690 662596
696703 399921
696956 725328
697995 76874
698051 739913
698366 595912
698430 631892
698766 707836
698879 378493
699054 37829
699756 609173
699814 718855
700199 51640
700312 434731
700474 811510
700491 618835
700633 837613
701919 990690
702368 967731
702516 251944
703386 702103
703791 801528
703954 624239
704240 530996
704411 898482
704646 229197
704697 742507
704783 894265
705082 807908
705750 98950
705805 114856
706133 781733
706545 621051
706654 851717
706730 882041
706990 306764
707218 2824
707482 673192
707954 832629
708056 239467
708160 894735
708204 511457
708428 452270
708594 119948
708685 983707
708869 866324
709287 225800
709458 72978
709554 511745
710065 611047
710273 961747
710483 66188
710557 999265
710987 199319
711133 559774
711214 466987
711474 498857
711569 120325
711897 908216
711997 971119
712293 864489
712452 431976
712788 629701
713002 127467
713307 866072
713652 197856
713820 616778
713949 95576
714085 1961
714373 124490
715184 256160
715208 11338
715269 839499
715576 749907
715752 965508
715781 920575
716048 604155
716222 961346
716340 33556
716364 98399
716606 440962
717022 276913
717234 946332
717713 775347
717970 452938
718064 253407
718171 94125
718433 269246
718796 355884
719129 173973
719135 38922
719239 592914
719487 140703
719631 148822
720317 705575
720419 390825
720565 802950
720587 690849
721101 564874
721329 586298
721973 99098
721980 587063
722473 719055
723452 195930
723456 323182
723649 586076
723650 947310
724097 428963
724263 23666
724416 503565
724688 819359
724831 944758
724845 279358
724900 782712
724971 496632
725201 891607
725966 953262
726299 977878
726650 602445
726833 583984
727251 4641
727579 845937
727881 519318
727975 75354
728035 537164
728127 591857
728423 430272
728687 522648
729297 797157
729307 399788
729658 233549
729886 750925
730005 10842
730169 425518
730291 202956
730648 564046
730816 506939
730824 392261
730864 375786
731000 120911
731016 240402
731021 441704
731106 216393
731162 448517
731534 438185
731659 355895
731807 702115
732110 859923
732186 724120
732274 985317
732437 3664
732807 278250
732843 95267
732867 521824
733595 740618
733606 446889
734130 660072
734290 894838
734897 483869
735044 8824
735240 19615
736015 37798
736154 231889
736183 587585
736433 459309
736607 840256
736671 969009
736755 52652
736953 579032
737016 527942
737554 969925
737686 664965
737902 584673
737908 482268
738536 52453
738787 706114
739026 967009
739028 931620
739167 517271
739667 516833
739949 117549
739981 334503
740218 977167
740287 132205
740366 535778
740820 722004
741627 850692
741656 467961
741854 352631
742194 947322
742594 452918
742937 27615
743065 297172
743697 760000
744024 280592
744642 88899
745195 456114
745228 144707
745456 560130
745670 663016
745880 738926
745947 151871
746115 695962
746141 586418
746393 20555
746621 286561
746642 469869
747069 95359
747474 365337
748020 640272
748752 191760
748919 209309
749641 126889
750117 523286
750352 643737
750483 987345
750768 704004
750789 882515
751111 899586
751609 26187
752239 200791
752398 65273
752425 763090
752433 698930
752466 389098
752539 533928
752880 627964
753048 509661
753672 302607
754804 502717
755026 492988
755750 35593
755954 858339
756047 803302
756498 997136
756765 23538
757153 349261
757439 207000
757526 470290
758017 74831
758285 966058
759055 551947
759059 650294
759096 478370
759179 568909
759497 619817
759705 619921
760012 638228
760562 177632
760741 120069
760793 368958
761123 877118
761411 90267
761564 704054
761962 20603
761986 662114
762445 208968
762578 168281
762913 119515
762992 424688
763081 219366
763095 818078
764659 49963
765265 851878
765287 225860
765407 943912
765467 311899
765704 654643
766077 79131
766367 261647
767224 665561
767516 534386
767809 944841
767901 325824
767956 350564
768304 319232
768459 936148
768616 726066
769103 371218
769182 102714
769379 777372
769717 814544
769735 249849
769758 149103
769923 940709
770351 630049
770476 931307
770815 910999
771096 184860
771129 783234
771522 796203
771596 831565
772406 452276
772468 706977
772551 523696
772556 535349
772625 970863
772776 743445
772934 911898
773226 516683
773538 24645
773844 645975
774615 314072
775678 110804
775784 712920
776133 537275
776167 136164
776187 704342
776716 856367
776785 780425
777088 556039
777306 480910
777759 320027
777828 692956
778187 570731
778296 646486
778396 640805
778687 187144
778827 697513
779150 365650
779268 10922
779399 7772
780366 719722
780920 785539
781277 783680
781313 349168
781456 383413
781613 551634
781879 931279
781913 216303
782271 257695
782606 38138
782679 551243
782801 113723
782897 22922
783584 855796
783669 9496
783862 758073
784089 997529
784273 911327
784337 695798
784625 351346
785219 5262
785300 193855
785580 253563
786106 212699
786289 934112
786360 211673
786436 988700
787245 208007
787690 841142
787980 660495
788091 695929
788176 379850
788551 585418
788754 462226
788949 793805
789002 96197
789128 975117
789418 741250
789843 398631
790049 201076
790523 560415
790979 813658
791012 592863
791037 30172
791037 112460
791336 254754
791507 22846
791811 781283
791978 285556
792132 152841
792249 457912
792523 503714
792823 114615
792880 447456
793065 855708
793331 377976
793591 489186
793679 128435
793764 194878
793769 40130
793809 739738
793873 840182
793914 212694
794043 911476
794057 791262
794187 923608
794386 403965
794496 896352
794536 692670
794617 394933
794752 119450
794999 457228
795039 399925
795214 974751
795423 48370
795427 876936
795580 623083
795622 180364
795786 907550
795803 232916
796829 611834
797318 112373
797441 910733
797584 238077
797695 358991
797729 782063
798142 435824
798257 122146
798273 508986
798544 401692
798722 633020
799521 929907
799533 806312
799810 663566
800150 85673
800406 724559
800556 106060
800585 926439
800813 552112
801340 949791
801476 165670
801700 893829
801962 261104
801974 185146
802049 981288
802339 791940
802361 203501
802811 907430
803423 439301
803868 654770
804113 982996
804222 820417
804371 189983
804442 412723
804574 795229
805821 63335
805961 339271
806744 407353
806868 933424
807160 208941
807212 387158
807623 536719
807777 302401
807826 741712
808221 354556
808342 453215
808442 123253
808509 900840
808626 985014
808875 858260
808971 375914
809005 370161
809450 35455
809498 598603
809631 573574
810349 529388
810644 474122
810884 144467
811258 207190
811479 821112
812385 60958
812810 880736
813090 980473
813117 731806
813707 227950
813975 539717
814146 370190
814285 380771
814317 5122
814366 328857
814467 349674
814667 25672
815225 434337
815428 881480
815661 431185
815752 398323
816472 55587
817280 930612
817424 865780
817730 418262
818040 254050
818292 728205
818542 250794
818698 355726
819069 197360
819566 151783
820226 171743
820347 167293
820783 45366
820884 517505
821107 459601
821297 175984
821357 473664
821464 12432
821811 5880
821991 348660
822071 954301
822198 609793
822278 95742
822998 898979
824177 652380
824186 585233
824639 271532
824758 943697
825394 822832
825455 778425
825732 823341
825807 757707
826235 299905
826484 266502
826496 345273
826977 566671
827136 119167
827178 46084
827279 251547
827954 819841
828067 314565
828576 194790
828651 571668
828954 327914
828981 940779
829136 294985
829187 55672
829311 244838
829854 494532
830085 388874
830288 481415
830297 908563
830695 480459
830699 319696
830875 263916
830949 63473
831231 778578
831242 466572
831512 736636
831573 701106
831703 149072
831839 485059
833039 566327
833468 576713
833551 964575
833622 480002
834200 231390
834381 739201
834647 432058
834911 916587
835041 163275
835598 157605
836060 219070
836131 223513
836225 695706
836312 492794
836425 107984
836665 435435
836670 168319
836886 127867
837209 151705
837620 906872
837739 756105
838024 223969
838388 352075
838503 477921
838689 424169
838769 345576
838806 176684
839023 161141
839027 84631
839207 654301
839232 740585
839319 140548
839343 330819
839480 847534
840280 275937
840451 788973
840713 306729
840743 731806
841493 279472
841823 468401
842437 707285
842473 7987
842478 939738
842825 560209
843033 85532
843230 20286
843546 807716
843982 578538
844014 100775
844124 27721
844174 584911
844212 34155
844255 666585
844310 564775
844351 577626
844569 700543
844686 154049
845196 15501
845197 302624
845625 276171
846067 58264
846249 32666
846434 518983
846618 292411
846942 112529
846984 110640
847281 477027
847755 703503
847782 707126
848153 831247
848597 358129
848708 581231
849571 832053
849586 94477
849836 571702
850130 622448
850267 208500
850689 550112
850964 455174
850999 182711
851079 356584
851376 487231
851546 998175
851756 610884
851969 182586
852102 539259
852257 524496
852503 496603
852778 20221
853019 533508
853517 263915
854038 84303
854325 784230
854331 797540
854646 987434
854868 511848
855071 126631
855138 564161
855242 107163
855247 686448
855537 838661
856242 782761
856607 115689
856773 558604
857322 408912
857865 111302
858437 103515
858440 4150
858528 549759
858803 229336
859108 980319
859726 984432
859856 601807
860002 750481
860204 736503
860208 392500
860609 764109
861034 2110
861138 113102
861286 928827
861495 742144
861634 728765
861817 620852
861885 522731
861975 572310
862244 581651
863152 59889
863637 512534
863857 173449
863874 509530
864451 57537
864798 574793
865036 690871
865257 932276
865410 987596
865813 824423
865955 704052
866211 474764
866357 817531
866628 593536
866857 748958
866924 184514
867411 691957
867626 178326
867976 62732
868090 738567
868153 220713
868209 458434
868223 829603
868822 679315
869081 891700
869270 758984
869382 336504
869489 888199
869552 429996
870796 118669
870807 367676
870855 596027
870890 188937
871420 5276
871688 823419
871725 937593
872057 916385
872245 833579
872266 811131
872472 84239
873251 893126
873285 964346
873658 311403
873953 28954
874147 543816
874398 9886
874447 945832
874639 516720
874893 854276
875025 746075
875211 614086
875392 833820
875428 959184
875633 355232
876738 606205
876912 871125
877125 73882
877238 820481
877275 45017
877348 175483
877604 610242
877632 873151
877684 193928
877841 577335
878024 394900
878522 474631
878574 255346
878779 938347
879269 541706
879280 879397
879595 949448
879927 843817
880310 190874
880453 16603
880634 704735
880661 153779
880673 156068
880733 256893
881336 166362
881487 293927
881541 985936
882495 599517
882674 421441
883633 981040
883860 75019
883875 708542
884186 979174
884289 626081
884476 754447
884974 315523
885209 855959
885526 155277
885600 82369
885727 882417
885771 982035
885885 342383
886080 791115
886088 712756
887000 108218
887246 457824
887346 342298
887724 721426
887821 688787
887959 264045
888020 82215
888444 238971
888522 255028
888973 365861
889238 278820
889245 921954
889393 580488
889556 468437
889652 689640
889799 77166
890265 544840
890611 175298
890781 768380
890889 326024
891076 500661
891424 106819
891464 715006
891487 647493
892145 272452
892196 291419
892302 372431
892472 965896
892648 428316
893080 724433
893477 20389
893587 906316
894224 480511
894328 833845
894376 431369
894445 537207
894918 471367
895184 965217
895261 242598
895614 130006
896134 925028
896418 106998
896529 804377
896642 766476
896778 434070
897056 269071
897538 211451
897798 113461
897822 946325
898088 812401
898261 983207
898310 802288
898386 80141
898452 123820
898651 63027
898911 825745
898989 993815
899353 196693
899629 60150
900828 975958
900881 715078
901115 482940
901153 482286
901257 308819
901336 618565
901982 146098
902100 70702
902302 897930
902337 109568
902848 451067
903259 651426
903386 454864
903454 260571
903849 70768
904092 256814
904168 96530
904256 267743
904418 259889
904698 200316
905841 32243
905884 211929
906021 809019
906322 558084
906585 784292
906618 904641
906622 593360
907098 104582
907234 149466
907665 515433
907989 522767
908024 228542
908448 89360
908485 876306
909154 480849
909707 70643
910016 360169
910048 985472
910197 403740
910337 149904
910542 807285
910550 957472
910572 266236
910624 432449
910753 189842
910902 147166
910918 16563
910949 547453
911301 597134
911444 362921
912423 92284
913279 651497
914094 178927
915155 313191
915372 580711
915400 311478
915762 800924
915998 297624
916224 675836
916263 172728
916281 489557
916344 850331
916578 60021
916791 624491
917281 46548
917330 230275
918028 535143
918039 771083
918133 667404
918612 975904
918764 141249
919197 448002
919290 863966
919405 928518
919506 296075
920059 481458
920563 74171
920955 747570
921133 556662
921260 281251
921440 177963
921751 873898
921754 614989
922298 256382
922580 277166
923037 174343
923040 256612
923878 712439
924555 354964
925006 900166
925042 498408
925160 748901
925252 289056
925275 156145
925305 652317
925388 762693
925871 724306
926008 311165
926389 619994
926402 707502
926921 426826
927191 930443
927195 483311
927492 291405
927813 906721
927895 688497
928247 156905
928559 747689
928664 625029
929724 999800
929796 898708
929895 963876
930520 885886
931510 985691
931695 962226
931869 174022
932374 361081
932742 448461
933011 515492
933569 295279
933579 567600
933819 591470
933988 352634
934380 253825
934434 593950
934458 998049
934682 869760
934889 420089
934909 690926
934923 21687
934934 313401
935547 310766
935582 810838
935668 435745
935845 634138
935876 782628
936149 745383
936182 787212
936601 318136
936905 16174
936910 571556
937142 87451
937291 922971
938193 426273
938214 417951
938557 153571
938872 41400
939007 776855
939378 700112
939423 79394
940503 334929
940849 75660
941157 408880
941325 190959
941511 968860
941753 821536
942325 621879
942419 840126
942452 112262
942463 496061
943023 309953
943112 548581
943368 877288
943486 432843
943551 780016
943869 846299
944175 15590
945089 75264
945104 388451
945337 25961
945603 439647
945997 832249
946128 602665
946154 671172
946792 96663
946803 333401
946951 206092
947234 348387
947315 447653
947683 850876
947688 786679
947964 18425
948181 542048
948231 135525
948331 478822
948674 349560
948714 884357
949354 857109
949835 668576
949846 439225
949895 218938
951557 429270
951664 345307
951794 489345
951830 784462
952001 847457
952356 182922
952819 164760
952918 893425
953218 41970
953445 788119
953673 778316
954548 811916
954760 994237
954772 650329
955149 234612
955237 584134
955381 903941
955646 427042
955887 298130
956151 737880
956815 989662
956846 112834
957258 304695
957439 922509
957854 722926
957902 640316
957908 49031
957975 337124
958128 237876
958651 422391
958935 159030
959952 635319
960120 921157
960286 41773
960334 434963
960354 704535
960541 276898
961116 495011
961122 956879
961548 433562
961594 215205
961792 595603
961990 558433
962104 770957
962213 579433
962503 586936
962741 305571
962865 699320
962967 335671
963086 34100
963532 824539
963995 40681
964151 634945
964568 384959
964588 319746
964687 838536
965000 541877
965146 730768
965677 250874
965688 238283
965717 567218
965760 265434
965812 628576
966056 740956
966168 860556
966862 68963
966944 450514
967751 815672
967774 886271
967913 151379
968677 616576
968760 550104
968792 228411
969124 72258
969695 284540
969992 422461
970042 26056
971032 596293
971193 548869
971305 619686
971481 496336
971525 727833
971865 973589
971946 999507
972246 802146
972344 320901
972534 536016
972552 455358
972723 456381
973072 365660
973498 21784
973582 140015
973783 251879
974647 828668
974992 578566
975130 852674
975815 412757
976282 582207
976308 968702
976681 11037
976872 453041
976975 534771
977056 954671
977464 53732
977736 110502
977738 632191
977870 635616
978130 109596
978147 703054
978476 467561
978536 114840
978781 425742
978840 114680
979038 261520
979195 672288
979706 483817
979825 711061
980010 577104
980278 556224
980304 533709
980367 343781
980502 590582
980511 417702
980598 812108
981091 765761
981091 809071
981537 718655
981906 549761
982004 642687
982093 261513
982932 684245
983996 345331
984233 995807
984375 706342
984990 249454
985250 482474
985250 992819
985263 380528
985275 791079
985468 851576
985643 99400
985729 433858
986148 224660
986696 272973
986924 217033
987094 976261
987493 463043
987757 557036
987774 937950
988293 44632
988482 628193
988577 769586
988907 313921
989034 23946
989039 286964
989051 257166
989393 776287
989648 353942
989825 904719
990183 237339
990327 4300
990551 233193
990617 562622
990654 643368
990835 633792
990898 293216
991225 974576
991368 944139
991408 589961
992338 308818
992349 838288
992403 713559
992821 539844
993030 570389
993140 729700
993863 834965
994172 798176
994318 123711
994560 689168
995445 642724
995544 518106
995775 190982
995946 870061
996059 350420
996150 689466
996180 857669
996623 184195
996653 380579
996823 620177
997109 421994
997323 423542
997375 394056
997760 767896
997921 249230
998055 509817
998400 457327
998407 211968
998712 822011
999699 733201
