Random point counts: 500. Ranged within [0, 1000000]
5251 765072
8123 219774
15338 694219
18123 148526
26112 846818
27372 78503
29128 422367
29794 176213
32785 18126
34497 720392
34827 10287
36201 418209
37666 133800
39136 181515
43352 977485
43908 147717
44245 800035
44846 415034
45007 528616
48481 626257
49675 375836
49968 689579
50765 398591
51948 608172
52573 38326
55333 736883
55908 230557
56183 576451
61222 172456
62442 508124
62554 152577
71123 384073
71220 561168
73983 145797
74913 688709
77002 859602
77457 776409
77478 997346
81230 515283
82393 953854
83619 620205
83995 7400
85250 958055
86982 816552
88027 723138
92491 416719
93047 895744
94994 107922
97200 126534
98873 415870
101601 535079
101745 453926
103882 362369
109604 563161
112599 505660
121180 501027
121537 789672
121558 657736
122028 310672
126232 301742
129169 29013
130692 726824
131437 5727
132794 800790
136210 57900
147626 804156
156497 934330
160573 538292
161066 291534
162104 268247
162286 45236
162438 895235
165376 609148
165397 123118
169343 835376
170533 702547
170718 176556
172257 32651
173532 326079
176694 632210
177962 471097
178692 916709
179405 19774
179757 810249
183598 370971
184070 948101
184627 95568
184757 609645
185328 104482
186270 785894
186842 762308
192661 245786
194591 317335
198403 82365
199363 597701
200034 719362
200053 548215
200273 575845
203025 659388
204111 447476
204399 515548
205078 673815
209443 73581
211334 258925
215554 133489
217792 100664
218635 278805
224309 153753
228428 301275
228783 904972
231465 412931
233885 391901
237800 495282
240511 456026
242502 758724
246464 112016
250861 119890
252546 176716
256414 558394
256844 906885
257382 37337
259935 350184
269131 512233
271454 18049
271644 162476
272523 598411
278201 265486
287406 222004
290519 506039
297587 481599
302563 208774
303249 860526
304740 12813
307690 525872
308282 531111
310849 367552
313262 589192
313616 617683
314088 486710
316598 785843
320653 902190
321046 17110
322490 172670
322671 100089
331954 774480
335789 578891
338754 649185
340216 655707
341386 706945
342567 912517
344196 921344
344326 681080
344893 626386
352127 194769
355145 531277
355828 889175
358300 5148
360026 585919
362113 796435
364909 267070
365931 761839
366863 191411
369101 23227
370605 685370
372734 73146
374408 73250
377687 586276
377720 479066
377971 876579
378519 624041
382294 698314
384801 402977
384846 840011
385441 661507
392149 296036
392295 541273
394386 52321
394607 606264
397126 557098
400391 913663
403986 70683
405095 644563
407098 203776
407806 260138
408284 174540
411544 211106
412839 125909
415266 477838
415797 639952
416314 340327
418518 611085
419644 850627
420132 964249
424211 463099
424408 937311
425331 848136
426265 748794
426739 892226
428304 917429
433912 199265
435939 755662
436966 372838
438345 450473
439257 158240
440455 798597
440897 661888
441968 990212
442137 201040
443182 756750
443813 734200
444468 639393
444775 796288
447141 816570
448426 918107
448527 326453
449595 953694
449596 81517
450365 59196
451461 354940
455060 774151
456410 232215
456504 892563
458480 493846
460579 605961
460652 959357
463381 633516
465410 481058
466347 740807
469366 696331
469937 627102
472656 174674
473350 688229
473553 757658
476130 808721
476223 187526
479887 55903
480505 443873
481406 477386
483122 13949
484601 169420
486514 318169
489350 728832
489643 329441
490474 423142
492473 736047
493678 639479
497345 104569
498277 637354
499255 825482
499916 854813
500512 148136
504607 877707
506484 942966
506576 377866
509552 761816
512571 998878
513212 719437
513564 619131
518662 545103
523649 532183
523802 600271
525113 570891
534521 153024
537725 480662
540268 748278
540661 627295
544907 953722
545514 866850
547160 649846
548337 735659
548813 161089
550396 323458
553509 547252
556848 817207
559505 681095
561592 15341
562768 535946
564272 136518
566028 754815
566644 201881
566984 3159
567898 592225
569762 731947
571507 612971
577936 953045
578490 177755
583120 828975
583479 398074
585255 557050
590104 806360
591471 801155
591647 68669
592633 383743
597194 599674
597718 781097
602396 891238
603265 869713
603762 272276
604988 949908
614082 450514
615710 503223
616980 50371
620518 343582
622263 16827
624462 888444
624475 439079
626556 382023
627110 800511
630360 669366
632507 168414
633700 526869
634813 54355
635165 195418
635494 827664
635621 620379
638392 63263
638883 161488
639547 814001
652652 904183
654452 442235
656317 147582
657948 482170
658955 502208
660839 419111
662560 217890
663649 595741
664677 59359
666062 978467
667089 591982
667933 799035
669359 716738
669828 325937
670563 358115
671145 664672
672298 159969
672782 998967
672933 933197
677704 221205
678745 182954
683102 337743
684873 877877
685574 719119
688814 162743
689255 891843
690217 643030
691323 500752
693810 191730
695664 404652
696350 179101
696770 939381
697447 165731
697935 757851
701543 492125
701868 744454
706463 350772
709956 405183
712370 513098
713262 373719
713904 997607
717620 323489
718997 808162
724196 749076
724879 882829
725911 606346
727092 240030
729281 90538
729430 439993
730701 411005
731776 756480
732587 919447
737162 893516
737504 587186
739132 855106
739660 648348
740488 441070
743798 747603
746247 517056
746898 136814
747682 62225
750574 377179
753131 303364
754319 163814
754863 412661
757150 424942
757569 444058
758027 965719
758155 981851
758395 304051
759627 577495
759631 804186
764807 717770
764924 785767
768920 179691
769181 877088
774583 54979
775570 248871
779558 582504
780125 953684
781870 253208
785851 296206
787912 729008
788891 490971
790299 542609
791500 966864
793945 337358
796615 24322
797889 32606
804088 110733
804750 186501
805181 205226
808210 876189
809790 444090
810762 187744
814871 803344
820788 657592
825071 201298
826506 199974
827043 731770
827851 942191
829124 212467
832147 944717
834709 195404
835840 93346
838461 873691
841106 598501
843635 911833
844596 366325
845839 350893
846947 208011
847589 478145
849095 3677
851563 683947
852666 124128
856386 299353
856824 981190
857623 918807
859885 308980
862248 865018
863907 57933
864203 444155
864753 121118
865553 857311
867525 547833
870009 858028
872894 28423
873843 922381
874145 951284
874411 963241
874819 593643
875182 378012
879091 400716
879190 962940
879304 57672
890646 934759
892430 486218
894725 500179
898890 33972
900127 28229
900564 258516
901498 980599
901942 196569
905102 779828
906476 362181
906717 731829
906852 89113
913657 971024
916190 577885
919732 831330
923698 364586
925470 197658
930646 486287
931173 602135
931850 93372
934421 879522
940152 24317
941126 813926
943088 734547
944523 595882
945349 50115
947497 990955
948614 617116
949999 468467
950220 258352
952145 276427
955124 832086
957453 577367
961422 694119
962906 238587
964431 825187
968857 907609
974849 496371
975890 383875
977941 849151
983378 12348
984129 332782
986809 815075
993405 891615
994791 219421
995969 234166
999325 896162
