Random point counts: 100. Ranged within [0, 100]
1 19
2 76
3 11
3 64
6 5
7 1
8 55
8 68
8 72
9 51
10 52
13 16
13 76
14 25
14 60
15 14
15 92
16 0
16 47
16 53
17 43
17 89
19 61
20 16
20 55
20 85
20 92
21 44
22 20
22 65
23 19
23 67
28 46
28 71
28 75
31 4
31 92
32 23
33 16
34 61
34 85
35 0
35 61
36 5
36 60
38 1
40 8
41 7
41 25
42 37
43 80
45 16
46 46
47 26
48 22
48 47
49 33
49 38
49 47
50 69
52 47
52 52
53 42
53 57
55 95
57 34
58 56
59 16
59 27
62 56
64 76
66 34
67 34
67 43
69 48
71 89
73 19
73 77
74 38
75 0
75 68
81 94
84 24
84 38
87 89
88 65
88 89
89 74
90 21
90 26
92 36
93 4
94 6
94 17
94 31
96 22
97 70
98 36
99 49
100 23
