Random point counts: 2000. Ranged within [0, 1000000]
378 154957
780 124541
796 78128
1761 644279
2195 993614
2751 814611
2802 521486
3192 106313
3354 575429
3434 482967
4229 880772
4839 780644
4976 778027
5012 521839
5303 307947
5433 35808
5699 209751
6598 173479
7743 807540
8029 756289
8472 714319
8526 561425
9704 982568
10236 492533
11099 364820
11364 520285
11718 1681
12759 86996
12919 306672
13844 765950
13854 266249
14286 237618
15349 394704
15789 625731
17338 9637
17380 487374
19453 954508
20214 308013
20233 843033
22010 39197
22466 615469
22865 687021
23037 381912
23800 675352
24166 40793
26681 394256
27231 904731
27420 351700
28283 373550
28427 38573
29283 773928
30321 227045
30662 591001
31114 782357
31244 321229
31470 925663
31839 316611
32271 550534
33343 700888
33793 976746
34288 636125
34604 622750
35022 38738
37490 721387
37595 150758
38134 646420
38471 591143
38976 953538
39604 365608
40964 106897
42024 560551
42064 292728
42214 736711
42506 612689
42929 590904
43838 685098
44190 492583
46398 409583
46682 205979
47470 195244
48019 577511
48429 908174
48463 483140
48723 557896
48774 60097
48815 92856
48880 437849
49245 360388
49246 344819
50701 450206
51004 539722
51176 150731
51452 391618
51654 580121
52910 835654
53781 633828
53959 125125
54156 978945
56048 748373
57325 216929
59149 49899
60023 209520
60319 318651
60345 260579
60771 296237
61100 285634
61461 867039
62410 310732
63394 537496
63447 100282
63907 260751
64328 498447
65051 202782
65782 89549
66322 413794
66903 407534
67921 339742
68056 167886
68460 774789
69852 527536
70044 859482
70590 513813
70852 613993
71127 512828
72701 208848
73656 378908
74262 731132
74601 651151
74647 362909
76042 563570
76320 840964
77512 12488
77957 958686
78108 680549
79009 45664
79040 827426
80510 112393
80624 510727
82256 347036
82843 177264
83193 600170
83812 136868
84655 537092
85366 748935
85905 311054
86327 123569
86851 152755
87196 23579
88280 357696
88349 404898
89188 111522
89525 520384
89844 307894
89955 760444
90088 117948
90218 549524
91797 74565
91852 597149
92202 271412
92398 739338
94068 170479
94283 10249
95947 864084
96062 665689
96436 355295
96642 860316
97090 555578
97629 115490
98294 858513
99214 8452
100574 64768
100576 472431
100904 453560
102525 657326
102679 819429
103184 379164
103199 117284
103296 204424
103420 257250
104453 160735
104894 930687
105322 876198
105831 327762
106394 761243
106869 12358
107943 658907
108084 338778
108106 836554
110113 771654
110139 591202
110164 629919
110265 129593
110429 134878
110454 678593
110538 201614
110679 774309
111133 422018
113151 50969
114495 688021
115173 384420
115661 468219
116574 407173
117210 424007
117775 166273
118402 529452
118491 879085
118749 962647
119406 199210
119512 743093
120167 779904
121191 462685
121605 127874
121673 686879
122130 792714
124134 635223
124465 477562
124594 571134
125301 660861
125345 197370
126130 780297
126321 463373
126896 734916
127019 65217
127349 735896
127931 868773
128016 90354
128193 19556
128244 317653
128559 606420
129256 768746
129287 994897
129967 260272
130077 355045
130664 435695
130746 748460
131106 551630
131381 703288
132049 873237
132104 848912
132311 741252
132519 432309
132645 328742
133746 656240
134244 331167
134591 988698
134949 459398
135857 586923
137290 170619
138436 34891
139012 903504
139445 585265
139761 871156
139795 746391
140305 220774
140840 669028
141423 484672
141745 21664
144215 940580
144667 737389
144901 698855
144911 593337
145829 465472
147474 265590
147619 706681
148560 824146
149233 969580
150604 830188
151078 614836
151220 138274
151569 248754
151581 134692
151975 562826
152378 786589
152443 753010
152672 722224
153591 558370
153757 7976
153947 979728
154206 387123
154262 638997
154897 435565
156207 616198
156403 763453
156628 838009
157102 205141
157424 330831
158543 597146
158758 646955
159477 365911
159673 164326
159779 933254
160025 751121
160035 551154
160617 125382
161869 371230
162026 232002
162372 236520
162854 641731
163072 536795
163470 259636
163928 527426
164469 95576
164853 278213
165009 588274
165948 903552
166361 829853
167301 69305
167817 663261
168475 235607
168693 973135
169207 772395
169943 361944
171127 183243
171184 665564
171283 798120
171764 36409
171794 718874
172187 765605
172486 897751
173532 137693
173835 150208
174524 303215
174734 930858
177391 20233
178408 221777
179174 63323
179948 308490
180400 771146
181040 81924
181348 561588
181477 385406
182989 477640
183470 1004
183541 916934
183912 767360
184497 851410
184917 815701
184961 391980
186001 111438
186490 551453
187229 102192
187293 368063
187888 708898
188458 72438
188784 76475
189066 403474
189190 747668
189407 510825
189550 905953
189803 973451
190491 20575
190509 858185
191089 42105
191119 589222
191515 552984
192945 104801
193629 42151
194321 470505
194321 731132
194325 243644
194750 988334
195188 97531
195447 524245
196157 47731
196174 782011
196372 620182
196600 492071
196616 688746
197335 610467
197670 677520
197984 668330
198300 324169
199123 667617
199409 40113
199908 797823
200059 819305
200330 586630
201469 456428
201960 200023
203551 326978
203562 226564
204119 291060
204646 990923
204689 136387
206360 402808
206421 87973
206482 198629
206667 403444
207336 272465
207740 107635
207910 823978
208253 854493
208561 365742
208584 230883
209714 780411
209722 817937
210587 908545
210663 972912
211324 941296
212146 547102
212284 547607
212422 469331
212913 318862
213990 800935
214521 953056
215754 751301
215792 107537
217245 82166
217587 251456
219074 2965
219743 123512
219852 934651
220150 965517
220356 480077
221413 192914
221936 242378
222414 341390
222722 285610
222788 280597
222944 110148
223003 123456
223336 151595
224493 924850
224948 542170
225221 105475
225757 600161
225832 545434
226659 683460
227798 612917
228897 165958
230275 428854
230462 644638
231242 127523
231352 770724
232271 934510
232411 392621
232509 500174
232823 6642
233527 489526
233803 150374
233870 431601
233901 127059
234660 127880
235133 927909
235823 89995
236342 821689
236883 614749
237959 14669
238387 179413
238502 993128
239910 824046
240940 289181
241481 554152
242735 451684
242969 498814
243515 214920
244424 267421
244754 468927
246960 772532
247754 279086
247824 492922
248610 435857
248858 11697
249365 757619
250086 174915
251072 817698
251134 534303
251402 801172
251936 40040
252224 788989
252764 863261
253572 151441
253811 77327
254136 514974
254954 179736
255827 335916
256226 172501
256231 66397
256647 217820
257229 473379
257261 732013
257868 744556
258296 785379
259277 513307
259571 107314
259705 950560
259736 65083
260031 623680
260727 669056
260740 394181
261094 236789
261414 229384
263873 22657
264598 542704
265641 204326
266150 451760
266442 286302
266485 541609
266622 343197
267998 837705
268121 237926
268284 459169
268536 936880
269150 504777
269660 782877
269695 264841
269938 869521
270047 485148
270178 806576
270285 515274
270467 573123
271797 142153
271972 338171
271986 650616
272136 382800
272339 129262
272764 750183
273109 226859
273428 173403
273892 189246
274156 951088
274399 761150
275644 20267
276110 639026
276906 848763
277142 561105
277566 364347
278477 268643
278501 908882
278543 779103
278590 143843
278590 977605
278832 802426
279709 470216
279889 568406
280335 231825
280437 833828
280978 53760
281275 75403
282177 645108
283256 360988
283496 236625
283866 750120
284010 848130
284519 155000
284826 907171
285348 453300
286073 281238
286130 233391
286301 26441
286556 799459
286871 929406
287167 850692
287177 948330
287318 18744
288751 422579
289375 746227
289540 579641
289668 642159
290169 884269
290528 938776
290706 903701
291032 839747
291071 104854
291470 552298
291781 767868
292150 870073
292551 456339
292574 605901
292888 73790
292907 50027
292971 391049
293865 56297
294027 988023
294101 927431
294512 330242
295279 126517
295861 741718
296472 445692
297386 968685
297444 419663
298807 379283
299090 319159
299738 892346
300064 476141
300252 304908
300274 55403
300542 654196
300777 505357
300869 531159
301858 181154
302202 980585
305078 156225
305544 64848
305545 4953
305949 516968
306246 124257
306311 312566
306906 269389
307876 143498
308247 301455
308275 645188
309230 329137
309292 329036
309472 84870
310018 289896
310413 367406
310704 380164
311029 501339
311356 840054
311437 805830
311563 734825
311739 769521
311982 306567
312287 300143
312330 180261
312566 121445
314261 80427
315524 936371
315568 756820
315700 274786
315791 739192
316855 534921
317796 514380
318388 509492
318816 785645
319116 314012
319568 77411
320963 437087
321573 882709
321770 624112
321772 982993
322131 327275
322626 826525
322924 529291
323425 82884
323427 153199
323996 176840
325007 683024
325230 298027
325763 696039
326046 976531
326072 646582
326481 838911
326987 931126
326997 206498
327266 566742
327889 519485
328909 958277
329106 433230
329442 734498
329951 840550
330292 843409
331006 303458
331503 643399
331972 599195
332282 59436
332767 129881
333479 958697
333552 109014
336209 989959
337066 404087
337133 517002
338268 502825
338786 413508
339570 656822
340169 630114
340187 252011
340244 507995
340453 892821
340580 365985
340694 966376
340732 449305
342202 60417
342368 566774
342607 710443
343883 991016
343928 581685
343965 126735
344033 992349
345453 218736
345642 899499
346239 380691
346389 552508
347609 869828
348717 310848
349757 219752
350587 975261
350629 871494
350938 412225
351121 710044
351659 505256
351868 182398
352229 379931
352712 283028
352978 938209
353705 940973
354489 492603
354950 80466
355628 17424
355958 197648
356219 171887
356549 717116
356582 645515
357587 35773
357912 355541
357914 874885
358166 365020
358187 926561
358585 459184
358882 746940
359319 954044
359581 152490
359904 442125
361215 103699
361646 718630
362025 221341
362403 759125
362980 532186
363992 661494
364488 736845
364654 107956
364892 499097
364929 529979
365727 671426
366034 987250
367336 600464
367823 737718
368338 596390
368433 299933
368441 928726
369158 929871
369240 723901
369443 306029
370076 947230
370453 155791
370746 556497
371018 97002
371080 51860
371217 289465
371468 834368
371515 871610
372000 624701
373069 884173
373283 775487
373733 684619
374279 236794
374450 156397
374948 288847
375432 320096
375797 498309
375828 57163
376310 528747
376991 476287
377000 277062
377401 87465
377857 799991
379675 573166
379860 412014
380204 118409
380580 12163
381930 448815
382385 771315
382657 453244
383077 924730
383132 872341
383504 19506
383737 990711
384539 546223
384599 784926
384874 620295
384980 531856
385289 970247
385367 908643
385639 474245
385892 905932
386941 647476
387137 347714
387428 659342
388081 402761
388089 28555
388548 489761
389874 236909
390583 628188
391456 3789
392297 218562
392474 889886
394122 785527
395068 660107
396243 730633
396245 378578
397153 615652
397495 427318
398067 377136
398211 28062
399055 471919
399146 877069
399258 552807
401769 123536
402707 835840
402722 221161
402776 455387
402835 78701
403054 794788
403388 835414
403516 284472
403711 836301
404363 248737
404831 309193
405147 69264
405259 404496
405288 383125
405798 486902
405884 668366
406426 493337
406498 145637
406617 965665
407579 773125
407706 223388
407959 962656
407972 578500
408123 421586
408421 286761
408811 98209
408868 571636
409419 128623
409633 224909
409944 728339
410737 326979
411551 416785
413609 454032
413857 262739
417285 303504
417403 505947
419139 815272
419371 708830
419917 562329
420333 902523
420662 39106
421218 94507
422182 985385
422542 11353
422853 331618
423410 250923
424315 568740
424384 698811
425597 765628
425875 806927
426204 360869
426798 623885
426920 159284
427400 241992
428599 633695
428614 327198
428762 624362
429787 246981
430288 146702
430716 19231
430799 380590
431186 382848
431278 532302
432082 221638
432665 872722
432926 943100
433878 507994
434119 439636
434381 399633
434428 705947
434530 79697
434834 690786
434884 716034
435602 486000
437281 718916
437545 301348
438320 715103
438770 467974
438943 803942
440525 960604
441148 548586
441489 831429
442491 980503
442880 114200
443019 446679
443270 324693
443798 352180
444555 273905
444815 712537
444828 764509
445119 145816
446599 657029
446898 694176
447204 587225
448118 396103
449097 521035
449344 756155
450521 481379
450800 787153
452788 181534
452863 206645
453644 288518
453753 170199
454057 799919
454429 183829
454514 24601
456681 103690
457797 218939
458524 456883
458750 870417
459186 66572
459254 477841
460256 101760
460999 347996
461532 552543
462516 236561
462899 658875
463051 493918
466564 455187
466567 151511
466644 622451
467010 669832
467588 928302
468133 62081
468179 283061
469464 650575
469611 438585
469687 565616
469810 937197
470077 534938
471476 542600
471653 866425
471769 318394
472066 272499
472149 977942
472903 384071
473475 289430
474313 11174
475082 423942
475588 300453
477588 298131
478431 803793
478991 626745
479960 603867
479977 973379
480005 229656
480151 45666
480198 757538
480795 955216
481103 233274
482093 561512
483087 198517
483734 752239
484203 53803
484425 311587
484537 519399
485248 963509
485346 817859
485668 793967
486647 7034
486988 109535
487822 322249
488670 85034
488772 368318
489587 503401
489749 591525
491018 268309
492504 599301
494598 616235
495408 219844
495494 992602
495893 156186
496197 738963
496410 43544
497607 410322
497649 961238
497680 8800
497764 518643
497907 507022
498046 641410
498445 369710
499039 9073
499336 344288
500385 834117
500900 378898
501439 194107
501883 544783
502887 581282
503131 610183
503209 292027
503429 762521
505128 787510
505258 953442
505417 20881
506035 628265
506447 424769
506483 924949
506838 576172
506965 990963
507100 975150
507585 261763
507745 555746
508448 305098
508948 218269
509062 981620
509446 21206
509498 802074
509706 519534
510044 815076
511241 850658
512639 676107
512720 557561
513144 958831
513336 936281
514359 560498
514930 435059
516671 948924
517218 706707
518962 900138
519314 456555
520209 933820
520377 633775
520703 134470
521154 160445
522725 662622
523321 961400
523544 131809
523947 844860
524687 370830
524737 827044
525113 57226
525828 378222
526260 17400
526374 403532
527004 286042
528081 806835
528428 156392
529381 230866
529602 483753
529664 718174
530011 13327
530337 220551
530391 874166
530787 375721
530936 484182
531688 803227
531841 690759
531870 492492
532104 960463
533608 914707
533675 404240
534298 668914
534760 428901
534766 67790
534897 366153
535614 316787
535959 869145
536400 819827
536802 513784
536820 526829
538751 887721
538914 495025
539067 978171
540016 388338
540791 976956
540888 95794
541110 142418
541136 139293
541318 596435
541762 696261
543078 638815
543644 541258
543704 307667
544431 472881
544525 511809
545147 522753
545365 62945
546207 498199
546262 760683
546391 793174
546689 127910
546904 977390
547072 239537
547119 401560
547119 680039
547254 959354
547946 455600
548945 730193
548956 757436
549207 971479
550057 90198
550334 728788
550388 346603
552195 658125
552453 113803
552702 48992
552721 229077
552731 261966
552755 316295
552905 400929
552941 849401
553197 428304
553351 708558
553743 348338
554300 364014
555021 951916
555637 818603
556269 167064
556902 304154
557002 723124
557267 605504
557423 837341
558387 470420
558884 835570
559181 290512
560095 385130
560432 897786
560435 832076
561818 494902
561895 86584
561989 229664
562216 268246
564252 445040
564330 127348
564488 363734
564776 35395
565025 214796
565648 486885
566911 882276
567582 279759
567627 679042
567646 376874
568201 160983
568534 408512
568541 848698
569164 460467
569510 571778
569992 577794
570240 548527
570252 395756
572313 200351
572323 575470
572366 218731
573112 835661
573979 778991
574539 847603
574638 976484
574968 533149
575034 631950
575704 245503
575900 118868
578107 365433
578375 557492
578879 856467
578959 233970
579194 569163
579518 884048
579585 757980
580128 704262
580547 829374
581074 429953
581290 736570
581443 53080
581546 808448
581703 294666
581926 494661
582079 963561
583188 440329
583403 721847
583574 847350
584438 548058
584465 228426
585197 666421
585257 335192
586364 328173
586416 407825
586760 259709
586825 730794
586975 508413
587341 373248
587646 643077
587682 900897
587857 633546
587986 614924
588787 936213
588951 380308
588998 794777
590414 276285
591137 289640
591218 54347
591300 537681
592156 774059
594494 313626
594886 733877
595521 259853
596021 578267
596979 764464
597680 141128
597743 197076
598146 695753
598262 697225
599027 268317
599325 230178
599628 114711
599664 640538
600133 615512
600528 751497
600534 427837
601316 894109
601720 291913
601735 456410
602655 469340
602997 989902
603064 367473
603591 451433
603838 320979
604355 368955
604618 747497
605010 876564
605729 927313
605832 817243
606230 128359
606789 619533
606794 218943
607124 67138
607805 61180
608289 540509
608705 264484
609536 904495
610356 837575
610843 498389
611146 704694
611518 485228
612533 849319
613596 460524
613599 892191
613702 670792
614085 982827
614204 531727
614224 434680
614361 264009
614395 632369
614411 729016
614668 893942
614803 338358
618456 890437
618510 956161
618827 536638
619189 339470
620246 644967
620348 196708
620374 567590
622318 940265
622803 851604
623492 113510
623584 395857
623584 582112
623587 508593
623681 27214
623834 357490
623914 88726
623976 878274
625482 942386
625507 226030
626518 98900
627772 95125
628417 833826
629366 32161
629860 390288
630707 731110
630964 73988
631300 197427
632007 674885
632690 42604
634144 478036
634606 116137
634824 674169
634871 737299
635700 180555
635773 973367
636578 441068
637311 323167
637882 720554
638068 172542
640207 643556
640451 695541
640583 914089
641270 340207
642098 386777
642518 884933
644050 83560
645302 645036
645318 297346
645826 146625
645858 111081
645998 407648
649265 602276
649828 937593
650288 524475
651288 794462
651313 368741
651757 503413
651859 501442
652230 437965
652372 438378
652981 267802
653014 492656
653825 975675
654440 253786
655067 433422
655434 216269
655686 117945
655960 900678
655978 900028
656053 795410
656155 911738
658038 873031
658166 258100
658357 980132
658586 372267
660067 455474
660214 101664
660253 726713
661125 891378
661378 582059
662407 188217
662610 870837
665101 335409
665362 572692
666184 804708
666702 869572
666709 776180
666847 278954
667021 892365
667039 850759
668239 584345
668637 450217
668762 290885
668802 745436
669037 758086
669204 2076
669335 650374
671240 300793
674330 548801
674484 257519
674526 409778
674738 242714
674970 384359
675101 328317
676857 107981
677999 257686
678161 146736
678169 372089
678185 282595
678277 597821
678405 529163
679043 936621
679741 641246
679821 103794
679843 999060
680668 516655
680781 662241
681581 230819
683271 992183
683773 129187
684006 346116
684730 992927
685069 891587
687508 513341
687521 194987
688111 993403
688237 846357
688522 206587
689161 828242
689383 161839
690593 509182
690818 229071
690921 37917
690949 620065
691954 225569
692024 939477
692775 353730
694750 16053
695080 339600
696843 652583
697047 831291
697630 997973
698229 50073
698293 6773
698720 223326
700053 572790
700076 565655
700848 16937
701381 302507
701826 132518
702128 314434
702649 699556
704460 273834
704878 538294
705809 394380
706032 880220
706556 61654
706725 25144
709258 54960
709303 836161
709417 332712
711008 593857
711459 949778
712261 987782
713083 782983
713690 798299
713787 180552
714486 727299
715734 957156
716594 178702
716721 437771
716753 704889
717288 284422
717488 151086
717894 730498
718846 227347
719389 111793
719534 500950
719619 71516
719866 539357
720099 360057
720698 236575
722596 884645
722696 589138
722811 509996
722814 177543
723018 350424
724462 500121
724985 793820
725150 167161
725306 262846
725924 239169
726047 729686
726372 95199
726596 206087
726803 606235
727633 878772
727970 30249
728357 721598
728994 474585
729208 893671
730537 271456
730750 733984
733951 436630
734060 809078
735211 316484
735357 951362
735922 260550
736082 143036
736606 966436
737651 382022
738724 572790
738738 208576
738866 649095
738868 394584
741254 266476
741712 157566
742359 145967
742769 177011
742971 664880
743584 747020
743792 956279
743903 871470
744998 56902
745258 664288
745642 975920
745833 572754
746072 569798
746172 378526
746204 84684
746509 957400
746691 801187
747254 187216
747403 875345
747585 889810
747886 761369
747893 172627
748081 156857
748157 993141
748292 284092
748699 76174
749039 275498
750141 632212
750171 720197
750198 754210
750269 693270
750877 205272
751244 38287
751744 83587
752106 959393
753354 245238
753408 392563
753419 572200
754209 58397
754250 705140
754687 592302
755368 889259
755501 164702
755664 346019
756057 927917
756183 556660
756438 322367
757802 22163
758562 850788
758769 335512
759065 696469
760551 688906
760790 241489
761373 559429
761389 636439
761407 518631
761488 220778
763250 158323
763329 485135
763639 94528
763713 906542
764321 996002
765764 926499
766204 223954
766285 65783
766313 131171
766561 324442
766725 271789
766834 438792
767538 739965
767577 449874
768234 453065
768649 199871
768960 743281
769030 413459
769252 130345
769600 208943
769748 376161
769830 702868
770412 62265
771040 890462
771053 693989
771263 948148
771744 812235
771877 382975
772150 766660
772516 933437
773080 174305
773572 473887
774734 527017
775247 510588
775602 519929
775779 628070
775948 925057
775956 438903
776354 558924
776599 451855
777325 653737
778038 655031
778298 146310
778352 782021
780515 786872
780808 36736
781738 524368
782157 615006
782507 52603
782681 427666
782762 630574
783005 241363
783213 369543
783410 561064
783482 191458
783729 818439
783819 766468
783987 465000
784421 77788
784987 243295
785843 147747
786427 126617
787366 596009
787873 263973
788234 634463
788249 159779
789734 112804
790271 180550
790785 106110
791261 530229
793153 714513
793277 612732
793786 412269
794113 116049
794331 796396
794437 437596
794800 620710
795941 936612
795999 334595
796315 792439
796401 232297
796530 893377
796578 603018
796672 410321
796962 362407
797114 818919
797257 844660
797342 497209
797386 477391
799546 248421
799735 664458
799935 749197
800424 871914
800681 182219
800774 513801
800927 598447
801931 635109
802029 923054
802663 927457
803208 232967
803988 586186
804058 940974
804858 801014
806346 135346
806447 573691
806465 297974
807643 360614
808164 303322
808753 784201
808814 4495
809048 760144
810255 940634
810695 287305
811291 974320
812305 64559
812891 995366
813128 174246
813375 320927
813566 129887
814109 32278
814392 835788
815348 800926
815983 49671
816080 833378
817283 923965
817993 431313
818126 644400
818607 446243
818685 917667
819345 883015
819591 549760
819633 813410
820088 190964
820917 321582
821376 547595
821916 640258
822049 235905
823017 848844
823540 971429
823980 285121
824301 343615
824778 89549
824900 851405
826875 705643
827138 655357
827355 756932
827387 395003
829125 418168
829130 770077
829176 70889
830152 610438
830207 900841
831919 157585
832011 538349
832171 323711
833288 661514
834056 702031
834101 983537
834470 547715
835319 603102
836161 308514
836251 72290
838372 169840
839963 128027
840068 795453
842633 571026
842657 939824
843915 524669
844175 440193
844306 676993
844634 755323
845015 819107
845681 571743
846882 130958
847613 991339
847982 718839
849964 231411
850228 28043
850850 535287
850853 441260
850884 415192
851097 272082
851125 34629
851602 269131
851718 3075
853165 303541
853181 157630
853487 718165
853487 964435
854720 182979
855983 428294
856333 310983
857227 911381
857384 343159
858600 227156
858875 445270
859676 810103
860617 103555
860772 81368
862503 587280
862662 428237
863298 733622
863739 762762
865571 684534
865639 53354
865967 821380
866236 972975
866515 165633
867233 685796
867314 573380
867590 481473
867918 603744
868931 835900
869060 659171
869336 732927
869396 747098
869588 360706
869777 539791
869941 372548
870167 703352
872297 286551
873741 321364
873838 83298
874482 265035
875587 399874
876172 618089
876191 629954
877542 979439
878015 458569
878501 371476
878504 257854
878710 753651
878750 717886
879604 649562
880416 129602
880738 803990
881878 373499
882578 268515
883016 984667
883056 18427
883642 443085
883889 855262
884039 466746
884122 268028
884594 693228
884730 970536
884767 268804
884989 433479
885827 179011
886209 901904
886251 215572
886274 703163
886631 362023
887224 237511
887520 728506
887683 543560
888936 674434
889100 688990
889113 802569
889791 500948
889793 66617
889987 745779
890135 263928
890208 483137
890669 822758
891517 315294
891739 434470
892341 945030
892703 724657
893197 296777
893232 578987
893851 306666
894570 346825
894777 949839
895197 86431
895870 470768
896005 323242
896086 140004
896323 35755
896553 621496
896936 279149
898453 681953
898506 949624
898654 303912
899321 665239
899385 24832
899732 836127
900429 673846
900443 489429
902213 165081
902378 971199
903179 646095
904379 905870
905090 487838
905480 644540
905500 940201
906142 411201
906309 731419
906606 918735
906913 309002
907067 208555
908013 228753
908088 532328
908435 324595
909355 434700
909772 872762
909836 174371
910328 500478
910839 269770
912881 742410
913359 416712
913711 162923
914301 636779
918881 362408
919459 895322
919628 571865
919656 476996
920571 167420
921012 61771
921396 652423
921418 497528
921888 345059
922136 204938
922323 370066
922860 341505
923034 566563
923117 272521
923741 690000
924564 110812
924702 489701
924773 183790
925356 791997
925754 479926
926194 622557
926364 565778
927309 749116
927395 262634
927495 686923
928583 851739
929199 159349
929532 684802
929780 366235
929917 456901
930192 962701
930199 108807
930558 330726
930601 461777
930685 563343
931163 484848
931509 391575
931715 389661
931852 870601
931932 49489
931991 465148
933332 780430
933443 11445
933706 502029
933778 695618
934140 557738
935509 6560
936535 849208
936738 407925
936767 288614
937003 543518
937643 777631
938826 623797
939237 14823
939692 814747
940860 349774
941615 896423
943374 47774
943975 922862
944275 341325
945342 508314
946238 420563
946492 211689
946953 505352
947935 332976
948421 716845
948784 402704
948844 659363
949122 284502
949622 69109
949634 29500
949734 560346
950020 779742
950319 556042
951732 979222
952990 52748
953126 302648
953539 678537
955068 265807
955598 696213
956187 141339
956316 717169
956604 954636
956670 918065
957304 412316
957312 948174
957376 18771
957796 76640
958197 631226
958414 552745
958911 572894
959377 406750
960686 377162
960744 975141
961565 386717
961755 712942
961807 214075
962050 327050
962174 451365
962230 222319
962290 913394
962514 176221
962533 698658
963817 724126
964183 963884
964365 200735
964487 456976
965674 183963
965707 425858
966425 840447
967790 383722
968596 650772
969038 716692
969387 143373
970043 411001
970721 591895
971775 813048
972497 26061
972528 696354
972962 276579
973515 74436
974889 661803
976080 1137
976304 176279
977581 429839
978640 844546
979815 412748
980848 356445
981212 504102
981323 244820
981450 576661
982477 993843
982793 686687
982959 536622
984634 115585
984685 250341
984759 80629
984805 335156
985599 136496
985655 700794
986599 137739
986607 782083
987004 355090
989677 261783
990000 68168
990077 528371
991059 969487
991371 388807
991517 904342
991633 722259
992903 61096
993146 664782
993348 342736
994528 486892
994559 722163
994873 181765
995166 863749
995279 955097
995829 634642
995833 694286
996850 835781
997220 680285
997222 691990
997734 304897
997741 791613
997969 476798
998404 779979
999242 740297
999704 708310
999765 689237
999773 988088
999916 76668
