Random point counts: 1500. Ranged within [0, 1000000]
596 732524
817 891334
4846 141232
5964 142030
7370 172190
8961 126732
8995 114630
9768 848175
10013 341352
10428 337515
10566 194596
10637 67713
12041 77263
12820 684006
12827 819154
13073 101587
13318 389173
13481 483093
14520 279263
14994 454955
16037 595222
17501 757021
17984 557003
18731 215719
19977 509580
19993 611932
20529 519104
20802 952177
21877 109936
21968 203831
22865 672798
23138 584061
23312 868243
23728 792415
24090 723038
24096 736463
24744 464392
25324 431430
25914 423080
26326 174873
26350 679923
27319 243042
27400 42381
27624 727923
28172 940124
28183 411943
30937 687898
33185 464936
33889 729353
34850 726882
35550 498688
36029 99121
36662 913847
37953 420498
38452 97421
38596 136442
38995 470447
39848 64219
40089 88417
41855 972406
41869 122824
41889 347315
42370 585513
42380 235160
42588 974522
42613 499203
42955 13836
43033 116343
43566 1663
44063 997795
44354 215128
46277 359309
46501 325031
46822 854297
46897 86680
47213 38601
49636 3658
50852 409607
52108 632742
52282 463868
52322 744293
52829 885501
52982 864825
53392 820960
53991 75556
54250 579568
54905 526338
56211 77114
57815 795792
58102 439047
58719 910750
59326 226480
59362 393856
60292 146575
60565 571774
61284 872606
61539 677888
63223 631407
63652 105813
63965 906016
63984 95413
64037 359683
67303 762478
68315 643723
69032 96011
69278 394136
70079 247585
70254 588455
70866 280809
73309 828540
73939 974462
75356 808417
76632 478
76821 458160
77179 856352
77829 558340
78644 961572
79561 611900
79872 966792
80042 252395
80327 276156
81210 486133
81306 787435
81716 875479
82405 86998
83023 156883
83145 804240
83294 868465
83642 374130
83851 90818
85321 878787
86006 218223
86485 253250
86562 614205
87031 194141
87403 722024
87711 786982
87973 104624
88657 929134
89840 584878
89903 106334
92126 393468
92364 111173
94886 816593
96059 465889
97181 604317
97732 7103
97958 482376
98221 929541
98224 441352
98893 478431
99741 452859
100141 717546
102909 139680
102928 628955
103509 512728
105335 60612
106761 457977
107709 318965
108259 751859
109624 339293
109733 902749
110227 120203
110506 482470
111779 76606
112168 210305
112972 474592
114597 713110
115335 919393
116005 506337
116450 997776
116765 792518
117103 287471
117427 77988
117705 986151
117979 410655
119614 465117
119924 146834
120980 497221
122487 378551
123079 126212
123909 894292
124538 309177
125568 214051
128152 383891
128517 508553
129404 826959
129700 108735
131728 863306
132418 308473
135035 800915
136380 745911
137472 488921
137653 638096
137958 835589
138143 883705
138541 77163
139553 340702
139681 32479
140384 132493
141217 684765
141378 118501
143448 933561
145139 533693
145337 272910
145564 771183
145565 601119
145833 879067
146960 7607
147601 535230
149213 622319
149528 77565
153284 430138
153718 765407
154647 284314
155297 390185
155984 138963
157643 579563
158250 494790
158957 282029
159529 821772
159543 485110
159832 147260
160681 166193
161374 320223
162339 473957
163859 82316
164173 390781
165023 864129
165349 594759
165429 696183
165658 940550
166167 246647
166532 206459
166834 563619
168380 169586
168392 752632
168432 870668
168490 747361
171412 558945
172797 556018
173107 601489
173346 11872
173739 421770
174402 288071
174495 815121
174575 82094
175454 417201
175830 257660
176095 906265
176111 169668
177454 846594
178736 665135
178941 454521
179574 140854
179930 146984
180468 626763
180476 954486
180867 503995
181260 260403
181263 681038
182473 107878
182506 865830
183240 199165
183774 747399
184130 637787
185815 711342
188544 661029
188831 350343
191207 543515
191845 549040
192008 644583
192537 604275
192551 524116
192644 721405
193953 252296
194608 511767
195455 609699
196095 928125
196553 547235
197273 416303
197761 301754
197993 630798
198211 525379
198598 100455
198729 829091
200467 967768
200980 867952
201797 706436
201972 956888
202600 283223
202885 686155
203390 887849
203597 740245
204216 5234
204438 590163
206546 97055
207034 118628
207578 511114
211231 168574
211767 822301
212447 635762
212679 368425
213388 530809
213773 922428
214266 959289
215772 334172
216048 962347
216722 344908
217092 63922
217949 526030
219376 458087
220212 556299
222855 307064
222920 436232
223780 638420
223996 399158
224117 456789
226547 958053
226626 145877
228502 145954
229138 399142
231801 958396
232021 564579
232221 340993
232518 297816
233073 84273
233113 831692
233270 247475
234294 704412
234799 518494
235575 800547
236122 194160
236196 920098
236301 125616
237456 421210
237573 904129
237892 889283
238016 730496
238644 694519
238873 446629
239753 514161
240662 426801
241054 273698
241564 630199
241747 960319
241844 132937
242677 636383
242757 768963
244072 507398
245536 440461
246223 915591
246290 714973
247405 174377
247425 742913
247935 774613
248658 572341
249401 408868
250293 808728
251969 702376
252257 896652
252362 362015
253116 356618
253699 148027
254247 524731
254438 159440
254501 123832
254767 270289
254912 700812
255758 873120
255962 519500
257154 43421
258885 555996
259140 285432
261118 207167
262536 280876
263204 766591
265563 254968
267645 109923
267834 633266
270311 901357
270408 302669
270526 872016
271048 811133
271112 378227
271249 217259
272776 229107
272916 92556
273863 195058
274247 551742
274836 333660
274896 278213
275834 863456
276011 151464
277050 483089
277765 822629
278336 236563
279433 946403
279612 838232
280192 634515
280617 595770
282336 661977
282336 994366
282361 731859
283180 458033
284763 655793
286226 487644
287287 715217
287429 91624
287934 827510
288145 18269
288255 332013
288543 93907
288817 207301
289118 600721
289482 491693
290871 784755
290955 381654
292901 691457
293239 963648
293365 312388
293574 792747
294404 892333
294678 972453
295924 861958
301880 624961
303301 320469
303587 131963
305205 132263
305428 883754
305723 782978
305943 30192
305979 542731
306102 905527
306496 649255
308910 323157
309178 441751
309630 760632
310729 160125
311063 974232
311908 169304
311947 48160
312370 986501
312422 646534
314089 544792
315104 265070
315228 267692
316388 711284
318032 253860
318686 592005
318978 433471
320436 343703
321394 597532
322011 796709
322014 468092
322165 969603
323075 513924
323450 434185
323964 117209
324224 172093
324356 964222
324710 134053
324898 269107
326165 343192
326567 877738
326618 798750
327028 774455
328129 245344
330192 983778
330325 548923
332360 563557
332619 507469
332667 688127
334210 462302
334661 206557
337113 988046
337401 77337
337517 793640
338580 323239
339249 280639
339537 108667
339707 447958
341669 775240
342407 427458
342683 352164
345036 434470
345351 86581
346802 944251
347474 442707
348205 568123
349234 2573
349395 837539
349411 602008
350716 519316
351240 829832
351283 79487
351392 791089
353435 821275
353745 685196
354141 339734
354230 177052
354653 963883
354980 575728
355025 546187
355358 384135
357269 753727
357560 176977
357817 234004
358544 283252
358691 63582
359029 853193
359270 306338
360357 793288
360578 623774
360720 147728
361150 3055
363635 924660
363914 342444
364615 594673
365346 237126
367619 149463
367697 319028
367878 808946
367901 977440
370183 255829
370701 555210
371291 425723
373053 487276
373863 996571
374780 223435
375060 736589
375203 426017
375702 307686
376460 555476
376926 413123
377173 819186
378695 737853
379292 822133
379464 867661
379501 103252
379531 350335
380483 381044
380761 151884
381415 632171
382796 416407
382944 555734
384167 858983
384621 8537
384757 142510
385010 800777
385138 560352
385708 496654
386062 726828
386298 74340
387811 417555
389455 640148
389658 283659
390292 343498
391341 497791
394999 29107
395190 418799
397128 73391
397291 6757
397687 107396
397750 340236
398197 512904
398908 449654
401050 456654
401365 728145
401708 490041
401934 638803
402477 572322
403153 73246
403221 296323
405735 839037
406215 646263
406837 53065
408115 171380
408322 765904
409076 758846
409690 758470
410349 486792
410480 21215
411126 311366
411496 908647
412080 43157
413659 418742
414462 932661
414552 797297
415670 291180
416107 430049
416372 144722
416937 261038
417696 544228
417937 529478
417990 363210
418393 375972
418846 679396
419507 728130
420047 589346
420957 255519
421045 824495
421426 923749
422706 720887
423885 634861
426217 805721
426253 626150
426488 149584
427218 271096
427861 338829
427885 620520
428743 415600
429312 19824
430762 315618
431996 332111
432223 760087
432548 177049
434374 226134
434416 997025
434812 34961
435873 502760
435981 800643
436160 512677
436369 494040
436759 215637
437524 416144
437765 69862
438771 694430
439380 817032
440096 425270
440232 725682
440923 707747
441506 909480
441615 194102
441736 10633
441887 879693
442768 18977
443808 128276
444658 39869
444750 608035
445140 894928
445202 598375
447251 928654
447462 945952
447909 25105
448368 617668
448988 626045
449444 588657
449506 457177
450563 674187
451508 913044
451582 764578
451914 147779
452226 81036
452482 384122
452853 560166
452983 573891
453286 52060
454107 619752
456312 568018
456860 209940
458706 125495
458904 427075
459362 229484
459748 83350
460171 805947
460301 359867
460919 409083
461902 152232
462166 788409
462563 477394
462660 81161
462839 59020
462991 932052
463015 937517
463961 56664
464225 246282
464596 115735
465907 359958
466108 196826
466514 207648
467336 187212
467990 546692
468336 683049
469514 581307
472782 277496
473138 563741
473845 446289
474577 942003
475371 562149
476068 407519
477129 335041
478100 909340
478165 461699
478832 71924
479687 947202
479788 136034
480255 477534
480347 806724
481030 96215
481135 964017
481386 615686
485843 618008
486113 412134
486429 799654
487039 511552
487228 177703
487410 62163
488027 673078
488324 997226
488350 784094
488791 417088
489548 693138
490751 180984
491728 344820
491905 688538
491978 471843
492230 919068
492815 117341
493758 97248
493850 490953
495488 640464
496057 182602
498989 202280
499928 100140
500584 393323
500776 380456
501997 569079
502368 875104
502875 315633
502879 372469
504817 475080
504841 940179
505727 297636
507035 662279
507310 424303
507363 902712
507546 404164
508388 657624
508990 440888
509259 703384
510523 286995
512205 871753
512608 890876
513819 462976
514334 281874
514992 702774
515364 457203
515941 114339
516019 430076
516244 376840
517085 907319
517486 46401
518758 504908
520197 969684
520378 211575
520642 870238
521772 603868
522397 800474
523005 734552
523078 235919
523187 328374
524006 199594
524122 73725
524235 599289
525212 866869
526082 833718
526728 630138
527236 118689
527362 131442
528309 532005
528767 353057
529752 777602
530807 934961
532287 860592
532291 543254
532503 676365
532592 899162
532607 632935
532991 255631
533871 609757
534012 556457
534715 966420
534728 4740
535886 921146
536729 180675
536875 93096
537856 198456
538520 384790
538787 512116
538903 175017
538968 58375
539264 376787
539330 485079
540521 376946
541047 923659
541607 883525
541647 491210
541659 357140
542562 835372
543097 673889
543811 351140
546119 807327
546534 745966
546763 144619
547207 378535
547587 484603
548131 66656
548677 403516
551958 711341
552958 927838
553373 664656
553872 113697
555299 1220
556483 484652
556538 196119
557946 834902
558718 831056
559381 778952
559400 467681
559922 496091
560223 178405
560395 736027
560674 989858
561056 597014
561432 449142
561732 809414
562343 182199
562504 20749
564778 186048
564992 88419
565097 34918
565183 128780
566022 218953
567084 7111
567391 318253
568433 771833
568675 498645
568691 887107
568915 424377
569088 495524
570112 746386
570799 60444
570965 593999
572316 763946
573366 441087
573594 629742
574455 887844
574499 170017
574604 277931
575118 729321
575255 725852
575581 501704
576227 35566
576462 477212
576610 893882
577106 69995
578255 797135
578970 510414
580370 966356
583038 672139
583474 623520
584767 358753
584785 681420
585798 65854
587401 129681
587827 552339
587884 252874
589105 845937
590727 644529
591383 102061
591689 343934
593705 598488
595627 490597
596277 482327
596856 502475
597182 861012
597340 216552
598332 766364
598711 859617
598866 297486
599477 61577
599588 217655
600129 483236
600490 379194
601447 423923
601602 42656
601921 442136
602414 536683
603120 566070
603636 438088
603698 151788
604035 794793
604576 558166
604712 772213
604756 323147
605024 675665
606808 881218
607389 369768
607425 339014
609526 299476
610986 572954
611954 220302
611960 690811
614082 587656
614183 469785
616984 782666
617125 183408
617353 366929
618740 734344
618984 826635
619278 41507
619954 826869
620400 961360
621082 355034
621163 178719
622814 994829
623416 324346
623632 628099
623772 837381
623946 402111
625141 397082
625604 959950
625968 516465
627435 970800
628761 545260
629057 758828
630187 185843
630485 389575
630936 520192
631617 524523
633819 399069
633898 784219
633990 110160
634236 558360
634649 146409
634717 780415
635146 784007
635424 265033
635445 739438
635497 253524
635942 33470
636041 777701
637291 788125
637710 16096
639020 966720
639291 207979
639536 427435
639997 487943
640131 246988
642584 424468
642601 66140
642850 951931
643418 681386
643952 698933
644005 209782
645006 713476
646024 987166
646189 454239
646610 648950
648086 729303
648544 797572
649351 969544
649633 988681
650660 213356
651584 892876
652197 26521
653018 772558
653450 905556
654010 241532
654238 717928
655822 204078
655829 278600
656193 791758
656691 242619
659388 730847
660094 806104
660811 305890
660856 451689
661422 158403
663043 113948
663080 432089
663413 68800
663583 281513
663868 719479
664548 254516
665421 181940
666248 642830
666593 812867
666809 729417
666875 425493
667437 373297
668145 936658
668668 528897
668799 52844
668957 915986
669539 640841
669667 419684
670869 694104
671498 604226
671586 273549
672110 648288
672181 692979
672561 661770
673185 318843
673546 297215
674817 289696
675290 399325
675350 724757
675807 881666
676616 907350
677064 646795
677686 828457
677897 809336
678027 208642
678052 862403
678343 472290
678624 731055
679013 940310
679551 9560
680454 817474
680585 176380
685110 735334
685216 14073
686513 989940
687793 904689
688655 957855
688686 579176
689300 782492
689429 468112
691533 854029
692234 718852
692979 890294
693186 219621
693731 440376
694077 383392
694148 595695
695787 671039
697447 280367
699131 169509
699504 865419
699771 280017
700491 872652
700544 103252
700815 186806
701034 598755
702290 47283
703290 579286
704140 48298
704311 608395
704511 826050
704612 693428
705453 402504
706283 47533
706498 401463
707029 435854
707090 518374
707993 891295
708507 387973
709798 205593
710190 414012
710814 955610
711455 254020
711835 358812
711937 134855
712289 373749
714135 65919
714420 568691
714874 291891
716250 717739
716513 561028
716902 418299
718983 268134
719749 116862
720885 104918
722819 219408
723264 487142
723573 990603
724104 503673
725641 514508
725818 361499
725975 491740
726511 168817
727120 339417
727412 622046
728582 306058
728802 508293
729761 888605
731621 882779
732581 929205
732617 263721
732873 817558
733591 753143
733838 803702
733843 912889
734618 522601
735315 78491
735569 676962
736061 553820
736234 419394
736270 329280
736860 282672
738234 755639
738972 907509
739879 826872
740050 521585
740932 548571
741572 275526
741753 931681
742006 885618
742259 740878
742373 704165
742850 688027
744505 688748
746362 91131
746612 53486
746772 244186
746836 566272
750833 693179
752055 572195
752093 973377
752099 524482
753316 776744
753520 322445
754089 730315
755336 627251
755761 362717
755826 649420
756167 784157
756963 211139
758027 154716
758295 53444
758482 177169
758720 855265
759271 158201
759494 664436
759592 852814
760260 999018
762540 730008
762579 374462
764747 590548
764960 737480
765181 846359
766173 397233
766928 42696
767205 306011
768625 875349
768747 380494
769225 155262
769861 363585
770245 795505
770324 791924
770672 273326
771112 450824
771437 933172
774172 41201
774241 415502
776446 553586
777401 314209
777964 957376
778153 224261
779647 782063
779844 41132
782356 619997
782555 373705
782842 982314
785778 458416
786300 801369
786415 117005
786717 436369
786732 134115
787919 415301
789539 316219
789763 164296
790133 577301
790269 689318
790798 897072
791063 253561
792437 442355
792571 897698
792943 524819
793657 800341
794484 633562
794545 136330
794602 984722
794866 609511
794893 736645
795067 345714
795382 161397
795919 369879
796041 217426
796580 72936
798490 797396
798622 278112
800719 441722
801065 883336
801114 975353
801503 736708
802108 22654
802298 444864
803719 596952
804039 576
804102 453552
806549 444817
807013 856572
809313 146110
809711 480958
809972 49872
811107 623078
812605 181612
813345 708088
814149 944853
814543 65926
814639 233369
815077 504336
815152 166266
815223 581658
816353 475777
816546 110281
816709 657846
817623 99439
817876 176820
818106 886965
818529 678561
818540 348110
821183 903864
821518 702143
822549 263313
823193 721938
823412 960392
823524 50567
823844 37558
824006 206556
824152 198770
824166 918538
824310 143647
824959 957959
825109 63712
825658 879361
828690 649445
829355 544856
829806 766225
830563 124519
830848 149822
832180 302304
832497 946370
833324 651314
834967 341264
837462 282281
838482 732681
838908 949082
839155 97286
839245 688791
839395 147016
839409 111609
840275 516608
840357 977452
841308 559619
841614 607497
842887 98641
842982 800802
842985 529260
843812 728369
844964 804349
845045 281335
846506 459622
847183 722764
847442 884672
847805 483935
848659 984993
849122 482955
849789 408496
850050 452650
850986 25578
851133 604566
851634 975716
851733 264658
852058 818485
852084 732161
852603 221800
852683 885758
853667 989393
854313 83036
854718 267454
855656 800396
856678 563188
856715 533682
856821 358921
857580 981080
857594 180261
859398 288968
860218 489957
860541 904276
860816 233688
861176 745119
861486 813492
861513 617062
861566 333847
862350 826078
862405 172728
863686 887075
866119 857906
866946 548493
867063 441213
867522 946239
867685 283154
867707 925482
868138 727713
868633 349047
870357 68757
870520 906759
872894 266580
874177 237661
874578 112897
876266 139242
876355 632700
876573 622201
877479 703792
877571 109623
877618 10013
878515 873148
878568 786437
879547 221869
879915 668792
880075 102431
880342 77353
881445 757985
882370 970763
882579 473671
882853 612757
883037 38089
883320 339132
883684 431445
884655 522427
884948 116021
886636 847680
887124 599357
887600 753191
887855 194476
889162 654345
889190 841564
890650 102421
890825 978787
891790 572843
892116 225021
892947 350680
893308 50865
894212 886836
899890 715689
901474 312342
902362 676103
902370 967741
902759 634879
903091 921178
904163 539500
904664 809126
906323 735754
906807 118314
908717 112260
909226 810201
910041 189823
911420 382334
911516 636744
912572 52507
912756 866752
913537 879787
913568 896366
914095 438283
914284 109671
914815 888609
915486 941527
916698 314929
917287 417094
917310 44674
917750 829341
917765 430198
917952 136675
918384 359348
919029 424524
920016 216225
921477 182922
922894 18519
923377 581566
924317 762445
924602 130615
925164 898972
925414 986511
926024 379557
926797 718754
928285 790847
928440 348585
929050 201841
929262 927710
932618 562875
933141 726747
933458 780693
934489 641137
935749 126155
936748 484031
936865 117341
936880 201984
936971 443780
937070 675684
937750 538236
938476 455122
939636 383065
939841 346892
940014 549110
940614 440877
941306 641821
941465 632354
943468 946570
943515 707503
944380 591131
944810 342944
944898 807119
945647 339005
946336 368033
946544 629355
946798 81391
947047 163399
947188 783986
950759 773474
950818 887947
951091 144605
951160 914579
952093 477250
952915 254715
953093 579724
954080 882346
954818 371147
955159 457626
955226 213927
957180 804517
957260 391158
958226 570549
959821 268912
959854 382722
960662 913260
960897 534674
961936 852695
962895 721988
963031 175526
963264 35876
963775 33396
964438 815080
965362 824856
966584 871832
966950 215319
967265 574534
967871 760205
968366 907531
968632 759329
969859 922114
970532 70218
971095 529685
971154 95133
971528 767111
971571 683028
971701 937133
973405 30744
973607 209187
975858 181480
976921 247337
977230 921032
977396 326247
977398 749780
978453 901577
979200 220485
979897 337800
979950 696848
981173 555871
981739 273804
981786 837675
982001 380788
982780 313389
984194 398375
985555 690892
985842 97361
986185 584258
986241 405347
986272 203071
986819 907046
987206 119035
987284 599230
989891 60004
990364 907586
991940 794319
992434 985071
994561 723506
994619 571392
995311 110358
996048 402195
997268 627294
997653 267845
997678 356371
998167 51207
999233 190485
999689 970892
999970 536958
