Random point counts: 8000. Ranged within [0, 10000]
1 8733
3 5242
3 5658
6 2923
6 3379
7 4065
8 3192
8 3612
9 5753
11 8629
14 7705
15 2660
15 7891
15 8888
17 2167
17 2615
18 3618
19 1264
19 9768
20 5375
22 9122
22 9382
23 6125
24 3191
24 3220
24 7327
25 7995
25 8298
26 1297
26 3534
27 2336
29 1393
33 8697
35 8846
36 6426
38 5498
39 5633
40 6887
41 3283
41 8072
42 7740
43 6769
43 7640
44 338
44 6665
45 8327
46 3479
48 7777
51 25
52 7761
53 4028
55 3732
55 6899
56 3604
57 4543
59 5500
61 1469
64 9525
65 7960
66 90
66 1191
66 5241
67 3484
70 5032
71 5928
72 7015
75 8337
75 9724
76 2185
76 5361
77 1594
77 3306
77 5453
80 1990
81 5970
83 7785
84 9335
85 392
85 2409
85 4147
87 8652
87 8653
88 7348
89 7509
90 5917
91 6209
92 9728
93 1328
95 8988
96 9655
98 2027
98 9981
99 1703
100 4616
103 4622
103 6017
106 8881
107 448
107 823
108 2000
108 9155
109 3682
110 836
110 5673
111 9262
115 2630
116 3432
116 6846
118 2953
119 1644
119 5678
120 1611
121 1534
123 6332
126 9309
127 3474
127 7161
131 4662
132 1106
132 2729
134 4917
135 3835
136 5667
137 4000
138 333
140 105
140 4742
142 4627
143 894
143 6392
143 6417
143 7339
148 5066
149 1414
150 7280
151 7205
152 1441
156 949
156 5739
159 3325
160 7310
161 7407
165 8787
166 8514
167 7476
171 616
171 6118
171 6511
172 3450
173 2832
174 3178
174 9509
175 2635
175 3996
178 1696
181 2707
181 3671
182 6482
182 7002
182 7280
182 7712
183 1414
183 3828
184 7342
185 6027
185 9047
186 454
187 6315
191 247
191 4919
192 3248
194 2137
195 570
195 1492
196 535
197 1777
199 4145
202 2495
205 1657
205 4363
206 4989
206 7845
209 1543
210 8867
213 1703
215 1149
219 8654
221 2962
221 6982
221 8808
222 2837
223 3890
225 5763
225 6661
225 7533
227 3809
229 6396
230 5783
230 9524
232 4880
233 9206
234 7382
234 9547
237 4109
239 5511
239 8963
241 954
246 7279
248 7128
249 3782
250 4992
251 1931
251 5734
255 6963
255 9228
256 265
257 1024
258 323
258 401
258 675
259 4244
259 8927
261 582
261 3139
261 3511
263 6388
266 3643
266 8534
267 4097
267 5037
268 6072
271 2146
272 8447
273 5605
274 2770
275 2324
275 5826
278 1708
280 4384
281 3326
282 2927
282 4648
283 8988
284 9123
286 3550
288 3478
290 7459
291 6035
292 2150
292 4792
293 3180
297 5668
297 8391
299 604
301 73
301 7078
302 7365
303 5102
303 6096
306 138
307 3504
307 9174
308 1724
311 8439
311 8618
312 5919
313 3547
313 6567
314 9184
315 7123
315 8581
315 8593
317 4555
317 5691
319 381
319 715
319 5696
319 6504
319 9363
321 3760
322 911
324 1206
325 3541
328 2887
329 2257
329 2450
330 402
331 1868
334 2998
334 4545
335 5135
336 146
338 4218
338 6769
339 9927
340 8504
340 9524
341 2839
341 3166
344 7962
345 6635
346 1059
346 5992
346 6742
347 6893
348 1106
348 1311
348 3383
348 5699
350 1593
351 393
351 1158
352 5987
353 3272
353 8281
355 2483
355 5078
361 5456
363 4970
365 436
365 646
365 5486
366 6123
369 5964
374 701
375 4963
375 6862
375 9033
376 1704
376 3304
378 2139
378 7082
378 8942
379 1489
379 3996
380 4123
380 8246
381 4840
384 9832
385 5823
385 7220
389 7007
392 9659
393 5173
395 6225
396 9911
397 7326
397 9657
398 6053
399 1628
399 2224
402 8650
404 162
404 4996
407 8428
412 5123
412 8892
412 9173
413 4148
413 9174
413 9245
416 5846
416 6209
416 6225
416 6939
417 7843
422 2599
422 4485
422 4853
423 1952
423 2837
423 5529
423 8855
424 4541
427 7199
428 1822
428 4593
428 9404
430 5976
432 8589
433 422
434 5056
436 1224
436 9161
437 2483
437 9640
439 5393
439 5453
440 1013
441 6918
441 7302
444 423
444 592
444 959
445 1180
445 7731
447 311
447 8546
448 5836
448 8949
450 1563
450 3462
451 2277
452 9360
454 5158
455 7936
456 1136
458 9508
462 6181
465 7410
465 8756
466 3547
466 7355
469 2352
469 7832
470 4286
471 2576
472 900
472 9349
473 485
475 3136
475 8751
477 5108
479 9245
480 9222
483 3387
484 6184
487 591
487 872
489 5645
491 339
496 9159
499 7049
501 7371
503 1156
505 2272
506 3955
506 4975
506 8938
508 2058
512 6494
513 8598
515 9422
517 8220
520 9690
522 9960
523 5229
523 6677
526 1927
526 8878
527 8792
534 1219
535 887
535 8694
536 8725
536 9240
537 4268
539 1986
541 4712
542 7504
548 4871
551 2884
551 3288
551 7661
552 4172
554 481
557 4550
560 3759
560 6479
561 1336
561 9390
562 6434
563 1093
563 1483
564 8470
571 2986
571 3315
573 5226
575 7449
576 5671
580 3606
581 5383
582 3154
582 7336
584 2906
584 4700
585 2403
588 198
588 3195
588 6151
588 6661
592 4250
592 9313
593 298
593 8335
594 2428
595 3123
599 1098
599 1588
599 3498
600 2816
603 6859
606 9491
608 4282
610 2264
611 9480
613 1787
613 5781
614 1684
614 6681
614 8348
616 8619
616 8940
618 2724
618 4508
619 8226
622 571
622 3378
623 1262
623 6256
624 7571
626 6640
627 7339
630 3108
631 325
631 2076
632 8672
634 6679
635 307
635 1498
639 2385
639 6466
644 2576
644 8202
646 2933
647 4633
650 3292
650 5615
655 2431
655 3792
655 7411
657 2312
658 3151
658 6501
659 3766
659 5760
660 7865
662 4507
663 335
666 6577
667 3515
667 6639
667 9598
670 8791
671 5135
671 5466
672 9881
673 2968
673 9371
674 795
676 8357
677 5796
683 1360
684 3240
685 316
686 8461
688 1778
688 2543
689 7481
691 9855
692 4524
693 4730
694 904
694 3183
694 4432
694 9530
695 6565
697 1389
697 7027
699 7678
701 3598
702 6966
707 2409
707 3272
714 7323
714 8300
719 6623
720 3831
720 7846
722 9414
723 1442
723 6933
727 2694
728 9273
729 9992
730 8028
730 8560
732 8376
733 2106
735 9268
737 4378
739 7584
742 5142
743 3
743 1557
743 5385
744 4952
747 4163
749 4336
750 2729
752 4786
753 9225
754 2027
756 8743
757 9194
758 1014
759 339
759 5352
760 1553
762 2789
762 4620
763 1793
763 2088
764 713
765 893
766 2186
766 7987
767 1434
767 1814
768 189
771 91
771 6212
771 9989
772 3726
772 5947
773 5885
774 5796
775 3444
775 9796
776 9092
777 2621
777 2703
777 8920
779 2094
779 5817
779 6618
779 9022
781 4310
784 7659
786 3752
789 2755
789 3585
793 6518
794 9481
795 5514
800 7015
801 1567
803 215
805 3077
806 6274
808 3628
808 5085
808 6890
811 1344
812 3664
812 8392
813 5910
814 9934
815 2802
823 7548
825 8051
826 1493
826 2947
828 4687
830 4716
832 8222
832 9000
834 7939
834 9990
835 3923
835 8195
836 9561
838 2167
838 3461
839 3009
841 1448
841 3474
841 3586
841 5018
844 832
844 2268
845 9969
847 5542
848 660
850 4689
852 1582
852 2907
852 3058
853 7220
854 5079
854 9412
856 761
856 7950
856 8621
857 5223
858 6902
859 2393
859 9202
860 8731
861 2202
864 3050
865 4698
866 4116
866 6311
868 360
868 4177
869 9574
870 2167
871 7633
872 5660
874 1738
874 2158
874 3997
875 9001
875 9521
876 4600
876 4601
876 6762
877 5378
882 5636
883 6207
883 8333
884 5913
884 9873
885 3892
885 5240
889 931
889 1621
889 6461
892 45
893 550
893 5162
894 8413
895 1420
898 5822
899 5937
902 4607
903 7396
906 6112
907 4134
907 4745
907 7550
909 411
911 3798
912 5420
912 6145
912 9740
913 1794
914 3817
915 5072
916 376
916 1152
916 5299
917 3798
919 9144
921 4931
921 8585
927 2671
933 1865
933 1882
938 2238
938 5292
938 6344
940 6657
943 6933
945 9833
947 6834
948 9272
949 2767
950 5606
950 9744
952 4943
953 341
955 4753
955 9311
956 6177
957 7
957 5274
959 5630
959 8868
961 591
962 2066
967 5396
967 5878
968 6392
969 3128
969 8764
970 1389
970 2017
970 5760
971 1806
972 1399
972 4795
974 3194
974 4922
974 6502
974 8520
976 3757
980 8307
982 7151
986 972
987 4151
987 8960
988 2345
988 5387
989 7558
991 279
991 1503
993 7809
994 853
994 5159
994 6509
996 5296
997 2696
998 245
998 561
998 6296
999 5591
999 7440
999 9942
1003 4268
1003 6469
1005 9776
1006 2743
1006 4649
1009 4677
1009 6739
1011 8990
1013 471
1016 166
1020 830
1021 9269
1022 3373
1022 7409
1024 9114
1025 5963
1027 4892
1027 9200
1028 3894
1028 9265
1029 1463
1030 9534
1031 6181
1031 7901
1031 9053
1032 799
1032 8424
1039 7074
1044 9245
1045 6269
1047 8838
1048 3436
1049 1071
1049 1919
1050 4592
1051 2950
1052 909
1052 3712
1055 6459
1058 7101
1059 1813
1064 432
1066 6424
1067 2991
1067 6655
1068 8894
1069 165
1069 5208
1069 8729
1070 1252
1070 4940
1070 8356
1071 8952
1072 8361
1073 9063
1076 1324
1078 4114
1078 5363
1081 1509
1083 4670
1084 8134
1088 2503
1092 9727
1093 9525
1094 518
1094 4733
1096 2833
1097 8457
1097 9908
1098 6549
1100 5597
1103 6637
1105 6437
1109 4419
1113 1063
1113 8966
1114 1466
1115 1624
1115 2861
1116 4100
1118 8026
1119 47
1122 1074
1125 4137
1125 8008
1126 6749
1131 3888
1131 5169
1134 1805
1134 7248
1134 7292
1135 1000
1135 3974
1135 4751
1135 9224
1138 3540
1139 6227
1139 7219
1141 607
1142 5180
1144 118
1144 3974
1144 5603
1145 476
1145 743
1146 6135
1146 9071
1147 1315
1148 104
1148 1205
1148 8400
1151 1951
1151 2590
1151 5446
1153 9102
1155 2166
1158 2549
1158 7347
1160 7410
1163 1760
1164 7393
1165 5958
1169 4011
1169 6198
1172 446
1174 6274
1175 721
1180 1264
1180 3921
1180 4382
1181 9657
1184 4243
1184 6896
1185 1422
1187 1712
1187 6814
1190 2482
1190 6461
1190 7978
1192 3176
1192 4788
1194 719
1195 9450
1196 8692
1197 1671
1197 6806
1200 4951
1202 6157
1202 8417
1205 442
1206 1180
1207 1255
1209 6680
1211 6909
1212 1360
1212 6466
1212 8098
1216 5318
1220 9585
1221 5888
1222 5106
1222 9401
1224 9911
1225 759
1225 4340
1225 7878
1226 6520
1226 7322
1228 4451
1228 7452
1229 5575
1230 3375
1232 8764
1234 1278
1235 2170
1235 8659
1236 7013
1244 8694
1245 3939
1246 6210
1248 9693
1249 4215
1250 3092
1254 1492
1254 8256
1256 1411
1260 3829
1262 4780
1263 5254
1269 1713
1269 3453
1269 3813
1270 958
1270 3309
1270 6086
1271 5128
1271 7093
1273 2942
1273 7849
1275 3433
1276 152
1276 1047
1277 7261
1278 8041
1280 6363
1282 2358
1283 583
1286 332
1286 9728
1287 4108
1288 2417
1292 769
1292 9688
1294 2005
1294 6479
1294 9354
1296 2023
1296 7719
1298 6712
1298 7745
1300 7254
1301 4384
1301 9589
1302 8153
1304 6864
1305 3301
1306 4267
1316 344
1316 2235
1317 8562
1322 5958
1323 6008
1325 7093
1327 8102
1330 3941
1330 9929
1331 8195
1337 5601
1337 6962
1338 856
1341 4327
1343 6797
1343 8987
1345 1052
1345 7485
1348 1103
1348 6254
1349 1132
1349 2418
1351 7915
1355 4154
1355 8098
1356 2768
1356 3649
1356 8729
1357 6523
1358 2646
1359 696
1359 2118
1359 2794
1360 804
1363 5296
1364 5649
1367 2352
1368 4418
1368 6512
1368 8297
1368 8816
1370 3019
1372 9932
1374 8117
1375 7393
1376 1777
1376 5830
1377 4246
1380 6952
1384 7258
1386 2721
1386 4205
1387 5072
1387 9018
1388 1291
1390 6727
1392 2472
1393 6005
1393 8151
1394 8119
1395 8638
1398 8472
1398 8588
1399 7890
1399 7944
1401 6303
1403 11
1403 4081
1403 6159
1403 7009
1403 7157
1405 4723
1407 6816
1407 6889
1408 5550
1408 7963
1409 731
1410 1598
1412 9235
1413 1798
1418 1933
1418 9142
1418 9423
1419 1792
1419 2399
1423 9240
1426 4949
1426 7530
1427 8175
1428 9079
1429 608
1430 431
1433 4804
1433 5303
1434 4276
1434 4327
1435 3845
1436 2337
1436 4713
1440 2026
1440 7031
1441 4416
1442 9699
1443 3951
1443 4286
1443 5809
1443 6905
1445 3588
1445 5542
1445 9955
1446 2740
1446 6023
1448 8043
1449 4258
1451 5910
1451 9845
1453 1329
1453 5064
1453 5655
1457 5455
1459 6040
1460 7805
1462 1872
1465 7
1468 7139
1474 9197
1475 9588
1476 7774
1480 2249
1481 2632
1481 5069
1482 1051
1483 8206
1485 7285
1486 554
1488 4822
1488 7186
1489 6735
1490 6587
1493 1642
1494 6098
1496 1494
1496 6182
1496 6472
1496 9751
1497 1410
1497 3671
1499 1829
1499 6535
1500 844
1501 5173
1502 38
1503 2547
1504 6090
1504 9132
1506 4865
1508 271
1512 662
1512 5108
1513 1722
1513 9807
1515 942
1517 3233
1521 3199
1523 5335
1525 6388
1527 3343
1527 4531
1531 347
1532 2469
1532 5966
1535 5713
1535 8826
1536 8269
1537 1071
1538 5829
1539 1558
1539 9394
1540 4633
1545 1472
1546 8123
1551 6143
1552 9488
1553 967
1553 3543
1553 4249
1553 5480
1554 1078
1555 8977
1557 2787
1558 7008
1560 5326
1561 6601
1563 9859
1564 4859
1565 4912
1566 3110
1567 6970
1568 4282
1568 8275
1569 461
1569 4806
1570 6357
1571 7531
1571 9769
1572 5687
1575 8731
1576 7674
1577 4636
1578 5903
1579 3453
1582 2156
1583 7087
1583 8397
1585 1045
1585 2822
1585 3468
1587 6086
1588 1628
1588 9969
1589 614
1589 7460
1590 8484
1590 8526
1592 2915
1592 5253
1592 7288
1595 4967
1597 1431
1597 7112
1599 9233
1603 7625
1604 6712
1604 8324
1605 2702
1606 1309
1606 7987
1608 348
1610 1211
1611 4821
1612 3589
1612 7310
1613 5961
1614 784
1616 1930
1616 1960
1616 3636
1616 9967
1618 5155
1620 1834
1620 4132
1622 315
1622 7651
1624 1499
1624 7721
1626 1214
1626 2746
1626 8735
1628 4949
1631 1853
1632 1932
1637 4717
1641 536
1641 7350
1647 7787
1649 2122
1649 6420
1650 3045
1652 325
1653 8188
1654 9710
1656 3889
1660 3219
1661 1338
1662 3134
1664 4357
1664 5035
1664 8267
1667 579
1667 7703
1668 6959
1668 7601
1669 8981
1671 4288
1673 7988
1674 4146
1676 5773
1677 5302
1679 3125
1679 4160
1681 1975
1682 6208
1687 3169
1690 5646
1690 6344
1691 5
1693 2785
1693 3218
1696 171
1696 6854
1697 876
1700 7918
1704 2767
1705 7212
1706 1641
1706 3764
1707 2316
1708 8668
1716 7370
1718 5795
1718 9572
1719 6399
1719 6675
1719 9335
1723 7442
1724 976
1725 9177
1726 5104
1729 3754
1729 6733
1729 9145
1733 1152
1733 6519
1733 8716
1734 3956
1738 5566
1739 1327
1742 6953
1743 9364
1744 6555
1744 8366
1747 4573
1748 6845
1750 3627
1750 3688
1751 7850
1755 9157
1760 9920
1761 484
1763 6415
1768 4236
1770 7970
1770 9873
1772 1156
1772 7609
1776 1053
1776 6823
1777 99
1778 6403
1778 6506
1779 580
1779 1689
1779 7942
1783 3695
1786 7896
1788 1284
1788 8523
1790 3210
1790 6038
1791 5747
1794 2661
1795 6416
1795 9497
1796 7108
1798 7077
1800 9709
1802 4616
1802 6134
1804 7695
1804 9405
1806 1222
1806 2492
1806 9968
1807 2540
1807 2775
1808 1359
1809 1001
1811 9242
1812 2036
1814 508
1815 4979
1818 7102
1818 7243
1819 8968
1820 452
1820 3052
1823 7361
1824 1686
1828 4528
1829 9551
1830 1699
1831 8979
1832 6029
1837 2408
1837 3412
1837 8141
1840 4532
1842 6358
1842 7058
1843 3683
1845 1039
1845 1604
1845 3789
1848 8928
1849 3700
1849 3750
1849 7024
1850 3460
1851 301
1851 6592
1851 9036
1856 4831
1858 5120
1859 7400
1860 1241
1861 1353
1862 10
1864 3390
1864 8023
1865 1350
1866 4591
1868 577
1869 5428
1870 8036
1872 9302
1874 289
1876 6224
1877 274
1877 3728
1877 3797
1878 1894
1878 2041
1879 6408
1883 1180
1883 3321
1884 7285
1884 8359
1884 9856
1885 6375
1885 8682
1887 56
1889 7214
1890 4960
1890 8480
1890 9894
1891 4084
1892 1070
1892 5928
1893 2012
1893 2525
1896 8231
1899 3839
1902 2332
1902 9012
1903 864
1903 2658
1909 7489
1909 9071
1909 9158
1910 422
1911 1303
1911 5862
1911 8903
1912 5405
1913 4066
1913 8547
1915 4005
1915 9144
1916 3138
1916 5143
1917 2658
1923 1599
1923 9848
1924 2998
1924 5803
1928 1557
1928 8311
1931 8088
1932 2335
1932 7526
1933 6349
1935 4787
1936 1264
1936 5238
1938 710
1938 3251
1939 2559
1939 2771
1940 2979
1940 6614
1940 9199
1942 6804
1942 8182
1943 8663
1948 967
1948 2291
1948 6155
1948 9089
1949 5170
1950 3173
1950 3302
1950 8606
1951 9543
1952 2801
1952 9091
1952 9621
1953 1750
1953 5716
1955 5988
1957 127
1959 7182
1962 2976
1963 4422
1965 8302
1966 4956
1969 1440
1974 6256
1975 1600
1978 1395
1983 3030
1986 9284
1988 7226
1990 956
1990 5766
1990 9140
1991 560
1992 3561
1993 4034
1993 6753
1993 7539
1994 844
1995 4635
1995 9434
1998 2354
1999 6206
1999 8837
2000 7415
2003 2080
2004 5854
2005 8962
2006 8583
2007 9259
2009 2839
2010 8003
2011 43
2011 1760
2014 508
2015 7242
2018 5354
2018 8566
2019 5546
2019 7022
2020 415
2020 7642
2023 3954
2023 4400
2023 6282
2023 9007
2025 6802
2026 7691
2026 8255
2027 3821
2028 6272
2028 6943
2030 8931
2033 5215
2033 6637
2034 298
2036 6316
2038 7480
2039 2383
2039 6532
2040 9482
2041 7987
2043 1356
2044 6480
2044 8395
2044 8926
2045 6313
2047 1701
2047 4328
2051 9894
2052 1393
2052 4614
2056 2854
2056 9172
2059 2409
2059 8695
2060 7371
2062 6800
2062 9314
2064 935
2066 6834
2071 4610
2072 1725
2072 4270
2072 7110
2073 2354
2076 6389
2077 3846
2079 721
2079 1645
2081 8504
2083 7940
2085 746
2085 8528
2086 4903
2087 2202
2088 3523
2088 5596
2089 5745
2091 5006
2091 5609
2092 126
2093 3028
2093 5061
2094 7139
2096 7206
2096 7515
2097 1459
2100 6678
2105 563
2105 4019
2108 4963
2109 2526
2110 1758
2111 8455
2112 4506
2113 6805
2114 1655
2115 4052
2117 760
2118 855
2118 5431
2118 5950
2118 8834
2120 4168
2123 1798
2123 7513
2124 8981
2125 6271
2127 3610
2130 6410
2135 7166
2135 8254
2136 6244
2136 8720
2137 4236
2137 5465
2138 8512
2140 8298
2143 794
2143 4695
2143 5996
2143 7661
2144 3050
2145 2968
2146 7565
2147 6992
2148 4907
2148 8627
2150 4462
2153 5508
2153 8682
2154 7352
2156 4567
2158 4334
2161 618
2161 4725
2162 3227
2162 4568
2162 8892
2163 341
2164 6998
2165 4883
2165 6932
2166 2335
2166 4454
2167 3099
2168 364
2168 8474
2170 6342
2171 1517
2171 5901
2173 5910
2173 7814
2177 4466
2178 510
2179 3322
2180 5893
2182 5117
2185 4418
2186 588
2187 4554
2188 1632
2192 3520
2194 3324
2195 8972
2199 7881
2200 3391
2200 4607
2200 8666
2200 9000
2203 8911
2205 6845
2208 5222
2211 9853
2212 2390
2212 3628
2213 3799
2215 966
2216 8068
2218 9648
2221 8964
2223 6758
2223 7378
2224 4411
2228 6762
2230 7220
2230 9219
2231 6125
2232 1517
2232 9758
2234 368
2234 5799
2235 4820
2238 5011
2239 5816
2241 4254
2242 3845
2242 4767
2242 9339
2243 8565
2244 139
2244 3611
2246 9372
2247 7911
2249 7694
2249 9793
2251 314
2251 1935
2251 5441
2251 5872
2256 2248
2256 8828
2257 3680
2258 5157
2262 4820
2263 6766
2263 6831
2264 5644
2266 2759
2267 4424
2268 6566
2269 6547
2270 5141
2271 952
2273 7413
2275 3050
2275 5181
2275 7158
2277 9871
2279 6126
2279 6436
2284 1958
2284 8705
2286 9180
2289 6817
2290 8175
2291 1220
2292 5111
2293 6731
2294 6207
2296 9691
2297 2491
2297 4292
2299 2622
2299 8146
2300 624
2302 1916
2302 7125
2304 3173
2305 1438
2309 842
2310 2308
2310 3248
2310 4123
2310 9995
2313 1701
2313 2294
2314 737
2314 4148
2314 5561
2314 7162
2315 6532
2316 3209
2323 5417
2324 3618
2325 1208
2327 2266
2327 7676
2327 9889
2328 7409
2329 2605
2329 9223
2330 6352
2331 1124
2334 4041
2335 3285
2336 3895
2336 8599
2338 4698
2338 5961
2339 571
2339 5808
2343 6321
2348 2459
2348 9182
2349 3676
2349 5148
2351 3107
2352 5474
2352 6759
2352 8781
2353 933
2353 2365
2356 7168
2357 5747
2359 9795
2360 773
2363 8081
2365 6760
2366 9711
2366 9911
2368 358
2368 8230
2369 706
2370 7117
2371 3954
2372 5432
2374 1622
2375 1512
2376 5667
2376 6794
2379 505
2379 7782
2379 9812
2382 2826
2383 3492
2384 2278
2385 5862
2385 7644
2387 7627
2391 3568
2391 3692
2391 7572
2394 9524
2395 1728
2395 3383
2395 5303
2397 5716
2398 717
2398 5210
2403 4248
2404 3957
2404 8245
2405 7092
2407 1322
2407 1555
2407 5125
2408 1175
2408 7463
2411 4241
2413 8249
2416 434
2417 3843
2417 8539
2419 1630
2420 2270
2420 2692
2421 2068
2422 178
2422 4025
2423 1145
2425 9907
2426 6312
2428 2885
2428 5407
2430 9073
2431 1426
2432 587
2432 7368
2433 2032
2433 3024
2433 3291
2433 9288
2437 647
2437 1925
2437 6822
2437 7000
2438 2676
2438 3014
2440 565
2442 5089
2442 5538
2444 288
2444 6882
2445 3201
2445 3598
2446 5887
2447 4821
2447 6316
2448 561
2449 3491
2449 7229
2450 2876
2451 5458
2452 5921
2453 721
2455 455
2455 1867
2455 9214
2457 1625
2457 5307
2458 8276
2459 1779
2462 2964
2463 16
2465 3577
2465 4520
2470 2979
2470 5428
2471 159
2471 9766
2473 5445
2474 3383
2477 633
2477 8828
2478 2464
2479 7477
2480 3820
2481 96
2483 4283
2484 1163
2485 5256
2488 8952
2492 3016
2492 5364
2493 1755
2494 1383
2494 1466
2494 8495
2496 2701
2497 5805
2498 1241
2498 4861
2499 4456
2499 7794
2500 135
2500 5316
2502 3434
2502 5605
2505 4739
2505 8184
2506 1257
2506 7025
2506 7837
2510 4387
2511 5137
2512 136
2512 947
2512 9435
2514 3355
2516 315
2518 6555
2519 8514
2519 8701
2521 6796
2521 7689
2523 8189
2524 7691
2527 436
2528 8374
2532 8378
2533 1454
2533 1684
2534 550
2535 2978
2535 8441
2536 4637
2536 8697
2538 3369
2540 2390
2540 8695
2542 7133
2545 4153
2548 7428
2549 2330
2549 9389
2550 4238
2556 6475
2558 2016
2559 932
2559 2726
2559 4354
2562 7333
2563 1239
2567 4340
2567 4915
2569 6453
2569 9300
2572 3849
2574 7311
2574 9909
2575 2620
2577 9976
2578 2782
2579 5992
2580 4184
2582 2306
2582 6822
2583 8696
2584 6752
2588 9962
2589 2616
2591 4406
2592 9210
2594 432
2598 640
2600 124
2600 431
2601 4386
2608 9214
2612 445
2612 7649
2615 702
2616 4016
2616 8077
2617 2704
2618 989
2618 6041
2620 2103
2626 1781
2627 8883
2628 4097
2629 9803
2631 1023
2632 1137
2632 1560
2632 6055
2633 4106
2634 7445
2635 905
2635 3632
2635 6340
2635 6550
2638 5753
2638 8548
2640 9396
2641 741
2641 8616
2643 3302
2646 1588
2647 2872
2648 129
2648 5856
2650 1733
2650 3758
2651 3589
2652 7905
2654 8442
2655 9278
2656 1081
2659 3342
2660 1982
2661 731
2662 7698
2662 9916
2663 8746
2664 6119
2664 8640
2669 1437
2669 3032
2674 6464
2674 9759
2675 5127
2675 6695
2676 1836
2676 4847
2678 7897
2679 4381
2680 1688
2681 1436
2683 6755
2684 1762
2685 3072
2686 2264
2686 9425
2690 847
2695 3532
2696 1160
2696 7361
2697 6469
2698 7122
2699 9881
2700 1811
2700 8616
2702 857
2702 8047
2703 5375
2704 3816
2704 8606
2705 6255
2707 9261
2711 2507
2713 9243
2714 6773
2715 6164
2716 1622
2716 9949
2718 8446
2719 7849
2720 9854
2721 9802
2722 4755
2724 6606
2727 7368
2730 1383
2732 2664
2732 3972
2734 5019
2734 8537
2735 5479
2737 2743
2737 3610
2737 5114
2740 4326
2743 3856
2746 1151
2748 1980
2749 9595
2752 2442
2752 4317
2754 9599
2755 2632
2756 4600
2758 2547
2759 1155
2759 9846
2761 3166
2762 8232
2765 3857
2765 8805
2766 1700
2766 6346
2767 4220
2768 5452
2769 3466
2769 4417
2770 66
2774 2481
2775 172
2777 8154
2778 3846
2778 7220
2781 4665
2783 2520
2784 7386
2788 9482
2790 6426
2790 9523
2796 5151
2797 5679
2797 7916
2800 1916
2801 2766
2802 6771
2803 768
2804 5457
2805 9928
2806 4943
2806 5553
2807 1001
2807 7707
2808 1752
2808 5681
2809 5887
2809 7483
2811 5699
2812 2800
2814 3913
2818 6204
2822 110
2822 8556
2823 5639
2824 6298
2825 296
2827 52
2827 1662
2827 3823
2827 7790
2829 5728
2830 3709
2831 9641
2833 1335
2833 8257
2833 9667
2836 9710
2840 7498
2840 8652
2841 1183
2842 6177
2843 406
2843 8640
2847 1180
2849 2133
2849 8568
2850 420
2850 1393
2850 7714
2852 3284
2853 8126
2854 1759
2854 7126
2855 6545
2856 2183
2857 7548
2858 2060
2858 3442
2858 5178
2859 5239
2859 7189
2860 1423
2860 5893
2861 9979
2864 345
2865 3141
2865 4321
2865 7761
2866 3101
2866 6882
2867 3333
2868 5612
2868 6377
2868 8798
2871 4307
2871 8188
2871 9063
2872 1585
2873 1723
2873 1787
2874 2371
2874 2814
2874 6416
2874 9904
2876 1803
2878 693
2879 3907
2879 3997
2879 6525
2879 8441
2881 5522
2882 9645
2883 1420
2883 5472
2887 106
2887 2022
2887 5874
2889 6736
2890 3266
2890 4490
2891 6905
2891 9752
2893 4085
2893 6951
2893 9782
2894 6806
2895 7738
2895 9363
2895 9414
2898 984
2898 4773
2900 6805
2900 8609
2900 9702
2902 1621
2904 988
2904 3309
2904 8566
2905 4937
2905 6624
2905 8965
2907 1613
2908 2547
2911 5838
2912 7714
2913 2204
2914 8434
2915 9684
2916 6015
2922 2049
2922 3377
2924 1092
2929 808
2929 2144
2933 7599
2935 6380
2936 665
2937 6305
2938 4000
2938 5407
2939 3106
2939 6392
2941 2262
2942 4247
2944 2358
2945 5383
2945 6181
2947 547
2947 6430
2947 6797
2949 1281
2949 8602
2950 6683
2955 3625
2955 9732
2958 9326
2960 106
2961 3773
2961 4792
2962 4297
2963 1320
2963 6121
2965 2422
2966 3576
2967 8724
2968 2648
2969 1398
2970 3730
2971 5578
2973 244
2973 9168
2974 4676
2974 8138
2978 3566
2979 2458
2981 6166
2982 4684
2985 8805
2986 3231
2987 1873
2989 3674
2991 914
2994 7757
2997 7343
2998 4151
2999 2417
2999 3434
3000 6637
3000 9185
3000 9808
3001 332
3003 5596
3005 3849
3006 7666
3007 6096
3007 9788
3008 1331
3009 7164
3010 1559
3011 5776
3011 8418
3011 9275
3013 2303
3013 7500
3016 7223
3017 2284
3017 3731
3017 7455
3018 4019
3022 7854
3024 1585
3024 8701
3024 9377
3026 8642
3027 3133
3033 4306
3033 8547
3035 1449
3037 5627
3042 1171
3042 4197
3044 3148
3045 296
3046 6751
3051 7734
3053 3029
3056 190
3057 2641
3058 6916
3063 910
3063 5380
3067 7646
3068 4039
3068 7966
3072 1217
3072 2326
3074 6473
3075 9440
3076 2307
3077 672
3077 3256
3078 4305
3078 6488
3079 2096
3081 2777
3082 2895
3082 9090
3082 9319
3087 487
3087 3220
3087 4788
3088 4641
3088 7589
3090 3492
3091 2936
3092 4432
3092 4504
3093 6835
3093 7683
3094 897
3096 3975
3098 2201
3098 5394
3098 8178
3099 282
3103 1848
3103 3252
3103 9256
3104 2398
3106 4796
3107 3102
3107 4942
3109 8668
3110 7653
3111 2673
3113 1172
3115 9097
3118 6562
3120 438
3122 9744
3123 2638
3123 9251
3124 8484
3124 9831
3125 2577
3127 4881
3129 2917
3132 6354
3133 1583
3133 9103
3133 9679
3135 4857
3135 5181
3135 9533
3136 1512
3136 6204
3136 8866
3137 2611
3140 3150
3140 7568
3141 1022
3141 8645
3141 9313
3142 8314
3144 3696
3146 4147
3149 496
3150 6486
3153 6680
3156 2423
3156 3787
3156 4451
3156 5174
3157 6640
3157 8001
3158 6902
3159 315
3160 397
3160 8882
3161 1001
3161 2146
3161 3296
3163 7721
3165 3507
3165 4826
3168 2822
3175 1920
3178 1714
3180 2406
3183 832
3183 5169
3184 5394
3185 3324
3186 7014
3187 5219
3189 802
3190 6637
3193 7702
3194 7724
3195 2793
3195 4491
3204 7852
3205 5640
3205 5690
3205 6060
3207 2717
3207 2889
3210 7193
3211 4066
3213 3597
3213 6672
3216 8319
3217 649
3218 36
3223 2853
3225 7387
3225 7498
3226 6434
3226 8363
3228 716
3230 7035
3232 7589
3233 4709
3236 9063
3238 3190
3238 4333
3239 8282
3243 6697
3245 4580
3245 6870
3245 8589
3246 2997
3249 6967
3251 8482
3251 9101
3254 1000
3255 9476
3256 8933
3257 1553
3257 2750
3258 5732
3259 3703
3264 7030
3265 4111
3267 2757
3268 4292
3268 5217
3268 6519
3269 5690
3270 9167
3271 3111
3272 2991
3272 3417
3273 150
3274 7378
3275 4305
3276 6605
3277 1509
3277 5797
3278 2052
3280 8418
3281 786
3282 271
3282 4256
3283 6774
3285 3743
3290 4841
3291 3397
3291 5414
3292 746
3292 3150
3294 7304
3294 8932
3295 4253
3296 2177
3297 7946
3298 1164
3298 1360
3304 9497
3305 2879
3305 9045
3306 5289
3306 6290
3306 9198
3310 3177
3310 9873
3312 1433
3313 1840
3315 1378
3315 5165
3315 9195
3315 9934
3316 1563
3317 459
3317 1041
3319 3674
3320 6735
3320 9500
3320 9970
3323 7198
3325 1701
3325 4647
3326 9012
3328 6421
3329 1574
3329 4930
3329 5899
3329 8248
3330 651
3332 3055
3333 2644
3335 18
3335 9042
3336 1165
3337 8126
3338 7491
3340 1569
3340 3789
3341 6460
3342 5952
3342 6805
3343 737
3343 5720
3344 735
3346 6404
3346 8770
3347 4572
3347 6902
3347 7245
3349 5421
3356 3117
3356 4972
3356 6591
3356 9779
3357 4396
3358 1722
3363 7447
3366 8379
3370 177
3370 5382
3372 4531
3374 2838
3375 2367
3376 146
3376 1398
3376 2058
3383 1106
3389 4404
3390 672
3393 2182
3393 4297
3394 3330
3395 2529
3398 1874
3400 1845
3403 5123
3406 3450
3406 7125
3406 8674
3407 560
3407 1985
3407 6898
3411 2925
3411 4404
3415 1893
3416 6286
3417 4879
3417 6325
3418 5196
3421 4216
3421 6257
3422 7731
3424 1471
3425 3141
3426 5411
3429 0
3431 4785
3433 208
3433 3819
3435 935
3437 1005
3437 8277
3439 6597
3441 6391
3443 2916
3444 8821
3446 230
3447 2768
3448 2595
3450 2587
3450 6190
3451 590
3451 1424
3451 7000
3453 1998
3453 5840
3454 2898
3454 7942
3455 6151
3456 210
3456 6868
3457 5019
3457 7984
3458 2764
3458 6787
3459 4789
3460 8679
3461 4939
3468 1222
3468 5501
3468 9823
3469 8767
3474 397
3474 1842
3475 6888
3478 3860
3479 5267
3481 1171
3481 7610
3483 3707
3483 4935
3483 7099
3483 8382
3485 5463
3485 6586
3486 8037
3487 3078
3488 3456
3490 8205
3491 2116
3491 4205
3493 8278
3494 2010
3494 3628
3497 2029
3497 6841
3499 9432
3502 2875
3503 2454
3503 6800
3505 778
3505 1824
3509 1394
3511 6788
3513 4302
3520 1852
3521 3319
3524 1631
3524 6379
3526 7916
3527 529
3534 4657
3534 7856
3537 3314
3539 1591
3541 4416
3543 6928
3544 3961
3545 2469
3546 669
3546 7807
3547 2849
3549 2808
3550 1450
3550 1787
3552 4076
3554 6775
3555 711
3556 4705
3557 7620
3559 1089
3560 1319
3561 4257
3561 7359
3561 8124
3564 6728
3564 8361
3565 5516
3566 3125
3566 5109
3566 8419
3566 8952
3567 2152
3567 2457
3568 6971
3570 8815
3571 2901
3571 7908
3573 3337
3577 8870
3578 2960
3580 3145
3582 137
3582 8579
3583 1871
3583 5094
3585 2099
3589 631
3589 6479
3590 6047
3590 7631
3591 4731
3592 2042
3593 6959
3593 7055
3594 2346
3595 2191
3596 2480
3596 4432
3597 3388
3599 3637
3601 676
3602 2194
3602 5584
3603 1170
3603 7112
3604 7140
3605 9835
3606 7974
3608 7075
3610 2104
3610 7738
3614 338
3616 6608
3617 6194
3617 7401
3619 1126
3619 3447
3620 1238
3625 4429
3625 8069
3626 274
3626 3077
3629 3905
3630 2539
3630 9989
3631 1988
3632 6296
3632 9667
3633 2297
3634 9222
3637 5856
3638 8658
3642 1635
3642 5360
3646 1518
3646 9081
3648 1704
3648 9195
3650 817
3650 3859
3650 4883
3650 8113
3651 379
3651 6371
3653 7019
3653 7087
3657 1314
3662 1667
3662 4186
3663 3513
3664 2310
3664 3169
3665 9327
3667 4666
3667 7685
3668 5462
3669 1675
3669 1773
3673 6226
3677 5026
3678 7873
3679 454
3679 2164
3681 9354
3682 1633
3684 2783
3685 3302
3688 9145
3689 1795
3689 7075
3689 9304
3691 8515
3692 2259
3692 3603
3693 9821
3694 9730
3695 6559
3696 8398
3698 3816
3699 7847
3700 9079
3703 1671
3704 3906
3704 4302
3706 8940
3709 3754
3709 8705
3711 5071
3712 1288
3712 2970
3714 625
3714 1585
3715 2273
3717 6156
3717 6910
3719 5027
3724 108
3724 5951
3724 8232
3725 828
3725 909
3727 1017
3728 5631
3728 7971
3731 7406
3732 6844
3732 8632
3733 3890
3734 3988
3738 2849
3739 5750
3741 3771
3741 5457
3742 7370
3742 7776
3742 8987
3744 4017
3744 4853
3744 8394
3745 1683
3746 7612
3747 735
3749 3546
3749 3588
3750 9495
3751 2060
3753 3211
3753 8022
3756 5654
3756 6606
3756 9113
3760 7228
3761 1590
3761 9642
3763 7063
3763 7450
3764 9697
3766 4885
3767 1598
3767 6934
3768 3470
3768 4135
3769 6767
3769 8952
3769 9319
3771 4028
3773 3355
3773 7104
3774 2625
3774 4261
3775 8282
3776 9176
3777 6567
3777 8986
3778 9852
3780 2993
3781 1717
3781 9211
3782 5153
3782 7876
3782 8639
3783 2378
3784 8246
3785 8756
3786 5254
3787 2535
3788 9129
3789 3232
3790 4343
3791 4416
3792 2791
3792 8741
3793 354
3794 7526
3794 7606
3795 1480
3796 1375
3798 2938
3799 1084
3799 1963
3800 3482
3801 7428
3801 8377
3802 205
3802 1571
3803 5787
3805 8566
3808 7369
3809 7164
3810 7422
3812 5299
3815 5876
3817 6651
3819 3027
3819 3058
3820 6506
3822 6821
3823 5876
3825 1467
3825 5583
3827 6377
3828 1568
3828 3709
3829 150
3830 1651
3830 8013
3830 8123
3833 4916
3834 9592
3835 1329
3836 984
3838 1732
3839 6921
3840 6327
3841 1970
3842 6751
3843 6813
3843 8775
3845 3593
3846 2926
3846 7458
3850 716
3850 1395
3850 4128
3850 8936
3854 3453
3856 4661
3859 8715
3862 2781
3862 3187
3864 8771
3865 6887
3865 7710
3866 1456
3867 5060
3867 7666
3868 4124
3869 2105
3871 1586
3872 2198
3874 821
3874 5372
3876 1445
3876 9825
3880 6587
3881 2999
3881 5434
3882 332
3882 1939
3883 3788
3886 578
3887 161
3887 1109
3888 4295
3888 9055
3890 1590
3890 3741
3890 5172
3891 253
3891 5070
3892 2312
3892 4113
3892 6165
3893 2829
3898 2413
3902 6364
3904 7069
3909 348
3909 7521
3911 234
3911 1872
3911 9284
3912 4430
3914 1897
3915 2186
3916 4333
3918 5981
3919 8589
3920 596
3921 1868
3921 6641
3921 8804
3922 2813
3924 2274
3924 5040
3928 851
3928 5993
3929 3348
3929 8236
3931 4186
3932 6261
3934 470
3937 1460
3937 2549
3940 6472
3942 3671
3942 4664
3942 6224
3948 3160
3949 1106
3949 1668
3950 4774
3950 4931
3950 8015
3952 2936
3956 1695
3956 1896
3956 8300
3958 2923
3958 7197
3959 909
3960 4260
3960 7749
3962 8375
3963 1141
3965 2028
3965 7835
3965 9206
3966 9765
3968 6016
3970 4108
3971 4538
3971 7854
3971 8551
3971 8685
3972 8369
3973 1008
3975 7317
3976 4202
3977 4797
3977 5345
3977 9633
3978 845
3978 1072
3978 2251
3979 9145
3982 9092
3984 3213
3988 2602
3990 1156
3990 3662
3995 2132
3999 1125
4000 3296
4001 6830
4004 5266
4007 4423
4007 8713
4008 2275
4008 4623
4008 9956
4010 382
4011 9071
4012 2055
4014 9574
4015 138
4019 3355
4020 6538
4024 8784
4031 4069
4033 2377
4034 6672
4035 1907
4036 1037
4036 1455
4036 5917
4039 2270
4039 2314
4040 3788
4040 4626
4042 4896
4042 8274
4042 8449
4043 4725
4044 674
4044 766
4045 9921
4046 9391
4047 9212
4049 4846
4049 5374
4049 9240
4050 448
4050 8734
4052 1692
4054 4876
4055 6813
4056 1917
4056 4022
4056 9613
4057 3722
4058 9445
4058 9776
4059 5079
4059 8958
4061 5691
4061 5708
4061 5922
4062 1762
4062 8614
4066 953
4066 3451
4068 221
4070 8196
4071 9071
4071 9863
4073 7070
4077 3574
4077 4438
4078 1342
4078 8390
4080 1019
4083 2219
4083 6133
4083 7727
4084 7032
4087 6921
4088 600
4088 1463
4089 1307
4089 1842
4089 5366
4090 6646
4090 8047
4091 172
4091 1843
4092 2671
4092 4635
4092 8970
4093 2636
4093 7428
4093 9763
4094 8036
4095 6892
4097 3628
4097 9133
4099 491
4105 596
4105 6586
4106 259
4106 7029
4109 4228
4110 8969
4112 7632
4116 9271
4117 6742
4121 4636
4121 9951
4122 9144
4124 8463
4128 7765
4130 1129
4130 1937
4130 4272
4130 8717
4132 119
4132 2863
4132 7770
4133 5163
4133 7664
4134 6167
4136 3773
4137 5834
4141 2092
4141 2914
4143 6624
4144 674
4146 2680
4146 4640
4147 3399
4147 7985
4147 9539
4149 9013
4151 1333
4152 5105
4154 4914
4157 770
4159 5162
4160 4410
4160 7150
4160 8836
4161 4182
4163 3355
4164 4319
4168 1666
4169 4237
4172 152
4178 9894
4179 6523
4181 2047
4182 55
4182 1917
4182 7347
4184 4641
4185 1734
4185 2472
4185 3276
4190 9478
4194 3573
4195 3545
4195 5315
4195 9640
4196 2088
4198 6743
4198 7241
4200 9484
4204 2873
4204 5236
4206 9835
4208 2827
4209 3907
4210 517
4211 2082
4212 150
4213 7904
4214 2943
4217 417
4217 5455
4217 7874
4218 7295
4219 929
4221 5646
4221 6266
4222 1041
4223 78
4224 2119
4225 3054
4226 608
4227 3785
4229 1495
4230 2400
4230 5068
4230 7657
4231 6294
4232 8250
4233 7157
4237 5779
4237 9876
4238 2817
4239 8018
4240 8278
4241 5544
4243 566
4243 2968
4245 4203
4246 4500
4246 7628
4249 8080
4250 3709
4251 7836
4254 3545
4258 7842
4259 4798
4260 3021
4262 7384
4263 2957
4263 3319
4264 804
4264 7168
4266 6249
4267 982
4267 7876
4271 991
4271 6295
4272 160
4273 2554
4275 3689
4275 8035
4276 4446
4276 5530
4279 2354
4279 3914
4281 8158
4282 5965
4283 1342
4284 4226
4285 598
4285 1555
4285 4253
4286 7184
4286 7605
4287 8051
4287 8578
4288 573
4290 2351
4291 4164
4291 9954
4292 2079
4293 6888
4294 3175
4294 6022
4294 9001
4295 24
4296 7425
4300 7301
4301 6463
4301 6846
4301 7328
4302 4238
4303 5778
4304 2682
4305 2718
4307 1157
4307 1829
4309 4926
4310 703
4310 1473
4310 8275
4312 8194
4315 4
4316 1483
4316 5179
4317 7241
4319 9824
4322 2368
4324 8750
4325 850
4325 9660
4326 6788
4328 8116
4330 5060
4331 8488
4334 3409
4335 2467
4336 2867
4340 9442
4341 2853
4341 7071
4343 1424
4344 5755
4344 6693
4347 1714
4347 5715
4348 1264
4348 3138
4351 6597
4352 9605
4353 5228
4353 7384
4354 2491
4355 5265
4356 6005
4359 557
4359 1315
4359 2321
4359 7069
4361 3176
4365 7624
4366 9291
4367 7659
4368 2240
4368 2761
4369 8604
4370 428
4371 6172
4371 9501
4372 3524
4376 1923
4378 1791
4379 5395
4380 8624
4382 126
4385 1916
4385 8179
4390 6676
4392 4001
4392 9147
4392 9654
4396 1817
4396 3718
4397 2080
4398 5929
4399 6589
4401 4129
4401 9184
4402 8481
4403 4257
4404 594
4404 4254
4406 9600
4407 2593
4407 4754
4409 2046
4410 4226
4411 3890
4411 5451
4417 6062
4420 431
4422 1900
4422 7966
4423 7062
4425 6613
4426 589
4426 9654
4427 847
4427 2154
4430 119
4432 8529
4432 9086
4433 5854
4434 6151
4434 6213
4436 2325
4437 7712
4439 2930
4439 5998
4439 8062
4441 3050
4441 8180
4443 5650
4443 9061
4444 9363
4446 4218
4447 427
4447 2514
4447 4724
4451 3740
4451 9052
4452 415
4455 50
4456 3850
4457 3772
4462 3287
4465 3722
4467 5731
4468 9680
4469 1431
4469 5966
4472 2977
4474 5778
4475 856
4476 6239
4479 8716
4480 6693
4484 7633
4486 8916
4487 2285
4490 8219
4492 7873
4493 7735
4495 7882
4499 6054
4501 1859
4501 4466
4505 669
4505 9034
4506 933
4507 1022
4507 7060
4508 1630
4508 2792
4509 2111
4509 5376
4513 9026
4515 2434
4517 8521
4518 4389
4518 7380
4519 5148
4520 4860
4523 1220
4523 3900
4525 3718
4526 2295
4527 956
4530 7256
4530 8161
4534 8892
4536 9139
4537 8938
4538 3197
4540 6514
4542 1744
4542 6665
4543 9515
4548 3933
4548 6015
4552 6259
4553 9337
4553 9639
4554 4516
4554 6158
4554 7326
4554 8386
4555 3552
4556 6167
4558 9556
4559 9312
4562 7079
4565 453
4568 3117
4568 4032
4569 2269
4570 2186
4571 2679
4571 3050
4576 8987
4577 6095
4578 6837
4581 2013
4582 5478
4583 4696
4585 6479
4589 5765
4593 355
4593 2911
4593 3861
4594 2616
4594 9406
4595 264
4596 8215
4597 822
4598 2421
4599 2585
4599 4341
4600 2928
4601 1920
4601 5683
4602 162
4603 7385
4605 7171
4606 9240
4610 2052
4611 2352
4614 5480
4616 8050
4616 8730
4617 1157
4617 4237
4619 5768
4622 5755
4629 418
4630 5840
4631 8383
4633 3690
4638 5425
4640 9283
4641 7556
4641 9543
4644 3997
4644 4993
4645 1859
4646 4885
4646 6138
4648 487
4648 6128
4651 1510
4651 2082
4651 7392
4651 9984
4653 9236
4656 9581
4660 365
4660 6320
4661 9562
4662 5325
4664 5973
4667 620
4669 8573
4669 8859
4670 6592
4671 4211
4671 6043
4672 3550
4672 3697
4673 3688
4673 8850
4678 623
4679 8999
4681 3320
4682 8405
4682 8772
4683 178
4684 1626
4685 2444
4688 5468
4688 9616
4690 2392
4694 2378
4695 5167
4696 4137
4698 159
4698 3586
4699 1818
4702 928
4702 2403
4703 1769
4703 2436
4706 2362
4707 1861
4707 4219
4708 2103
4708 2362
4710 443
4711 167
4711 4702
4713 1288
4713 2013
4713 8647
4714 3193
4715 190
4715 6052
4716 8756
4717 6389
4717 7464
4717 8760
4719 6361
4719 6990
4720 1613
4721 8177
4723 2561
4724 5404
4724 6500
4724 8410
4724 8619
4726 1849
4726 6798
4727 2
4727 2700
4727 3513
4727 6521
4731 7859
4732 8751
4735 5163
4735 5891
4737 3862
4737 4844
4738 6863
4739 3797
4739 8854
4741 1199
4743 9267
4745 9164
4746 1839
4746 4627
4746 9788
4747 4835
4749 1893
4750 5686
4750 8905
4751 6197
4754 610
4755 3974
4756 2883
4756 5331
4758 3168
4758 6763
4758 9988
4759 636
4759 3973
4760 4305
4762 2439
4769 7436
4770 2960
4772 8059
4772 8804
4773 1780
4775 3673
4776 490
4776 9970
4777 7587
4777 8904
4778 2895
4778 4087
4778 7791
4779 1239
4779 1648
4780 5809
4781 3261
4782 7867
4785 6895
4786 5485
4786 9415
4787 1993
4790 5431
4794 1635
4795 7262
4797 3608
4797 3756
4797 5422
4799 2624
4799 4070
4800 5484
4800 7280
4801 666
4801 3571
4801 8293
4803 1217
4803 8241
4804 9172
4805 2176
4806 4735
4806 7732
4807 1738
4807 2279
4807 3981
4808 4565
4809 3136
4811 6930
4814 1525
4816 310
4818 4000
4819 5606
4819 7104
4820 3199
4820 5565
4820 8326
4822 7824
4824 5480
4824 9632
4825 3607
4827 17
4827 3767
4828 3536
4828 4758
4828 9335
4830 1178
4830 6119
4831 8845
4833 8051
4834 6602
4835 2162
4836 1534
4836 2900
4843 5702
4843 6818
4844 3183
4848 2157
4849 6951
4850 8776
4851 429
4852 2701
4853 8698
4854 8412
4855 4099
4858 4624
4860 3476
4861 3153
4861 5844
4862 1234
4862 7640
4863 7073
4864 1418
4871 3777
4871 3793
4871 4046
4872 2644
4872 3189
4873 693
4873 5266
4875 5633
4877 4941
4877 5188
4884 7671
4888 5713
4889 5617
4889 8019
4890 1309
4892 2763
4894 2641
4894 4231
4894 8834
4895 1665
4898 2833
4901 2540
4901 5409
4901 6419
4903 1096
4903 3530
4907 3523
4908 2125
4909 353
4911 7987
4912 6962
4913 7904
4914 1698
4914 7289
4915 5587
4915 9993
4916 6329
4916 9363
4918 2725
4919 7125
4920 428
4920 8018
4920 8091
4921 8929
4922 2325
4923 3173
4924 983
4924 1622
4924 9310
4926 3757
4927 4299
4927 5374
4932 2292
4932 3064
4932 9134
4934 5497
4934 6885
4936 8668
4938 645
4939 1266
4939 1952
4940 5597
4940 7064
4942 2247
4942 6752
4942 6822
4942 8866
4944 2628
4944 7333
4946 1419
4947 7534
4949 3731
4950 3662
4951 656
4953 312
4954 1661
4954 3296
4954 4863
4956 9349
4961 3513
4961 9247
4962 6009
4962 9022
4964 5687
4966 5060
4967 1408
4967 8636
4969 4819
4971 4948
4971 9132
4972 4816
4975 2184
4975 2456
4976 9996
4977 241
4977 9746
4978 6220
4980 4212
4982 4530
4983 8200
4983 8503
4985 4669
4985 8352
4985 9954
4987 3025
4989 8326
4991 3283
4994 1730
4995 3664
4997 101
4997 9678
4999 8169
4999 9790
5000 9598
5003 347
5006 2931
5008 9761
5009 722
5009 5027
5010 3920
5013 5874
5014 688
5016 5150
5016 5461
5016 6980
5017 4506
5020 3251
5022 1170
5026 3988
5026 4611
5028 9727
5029 8335
5031 7171
5031 8840
5034 3593
5035 7528
5036 2984
5036 8289
5037 2901
5040 2720
5043 8389
5043 9672
5047 6009
5049 3440
5049 9519
5052 177
5052 796
5053 537
5054 5326
5054 9019
5058 388
5059 1097
5062 2314
5062 3637
5063 7888
5064 8382
5065 9522
5067 3673
5069 6406
5073 6339
5075 1880
5075 6405
5075 8247
5076 3339
5078 41
5078 2196
5078 7869
5080 2946
5081 5166
5082 518
5082 6606
5084 6567
5085 4554
5085 5466
5085 6467
5086 6125
5089 3273
5090 8314
5091 6690
5092 2337
5093 2648
5093 6214
5094 131
5096 1853
5099 410
5101 1364
5101 2004
5103 8355
5105 711
5105 2038
5105 6256
5106 301
5106 6149
5107 6609
5107 6739
5107 9017
5108 1170
5109 9391
5110 6719
5112 2431
5112 6899
5112 9896
5113 2548
5113 8600
5114 8690
5117 226
5117 4433
5118 8019
5121 5052
5121 6958
5127 1487
5127 7397
5127 7552
5127 9433
5132 2886
5133 4156
5133 7580
5135 3370
5140 9969
5141 2376
5141 6294
5142 5542
5142 7438
5143 2759
5143 3790
5144 717
5144 4069
5145 419
5146 1110
5147 2000
5148 2950
5151 3097
5151 6751
5152 1099
5153 1243
5153 3970
5153 5757
5154 3321
5154 5521
5156 2426
5156 3644
5161 6401
5164 3763
5165 3350
5165 6590
5167 9011
5168 2403
5169 4675
5173 6723
5174 1508
5174 5094
5175 9287
5176 2717
5178 1888
5180 1699
5180 2287
5180 2374
5181 2175
5181 3704
5181 6760
5181 8414
5182 2803
5182 3591
5184 265
5184 2674
5188 6063
5188 6342
5190 1833
5191 1702
5194 3984
5196 3024
5196 5541
5200 79
5200 342
5201 2606
5204 9336
5205 5966
5207 4750
5210 7471
5211 1653
5211 3116
5215 2001
5215 6933
5219 5791
5219 6667
5221 2402
5223 9050
5229 1849
5230 4815
5232 1035
5232 1635
5233 2710
5235 1668
5237 4916
5237 5117
5238 2059
5240 7538
5241 6749
5243 2364
5243 9553
5244 9812
5245 9560
5253 6442
5254 2325
5255 4735
5256 3841
5259 8866
5260 2057
5261 1978
5261 2508
5261 9317
5263 4275
5264 5453
5268 6712
5268 8042
5268 8799
5270 2235
5272 3939
5274 7558
5277 1447
5278 9155
5280 7799
5282 7720
5283 7656
5286 3209
5287 761
5287 3664
5288 4833
5288 7954
5289 3287
5289 4663
5289 9753
5290 193
5291 3469
5295 6268
5295 7542
5296 1637
5297 30
5297 1025
5299 7164
5300 173
5300 1384
5300 4651
5302 2401
5305 7397
5308 6312
5310 32
5310 1242
5311 9772
5312 2897
5312 3563
5312 5352
5314 7390
5315 8362
5317 5943
5318 1247
5318 1892
5318 6724
5321 8062
5324 9351
5325 3129
5325 4079
5325 9636
5326 2736
5327 7082
5330 9231
5331 7791
5331 9719
5334 2338
5338 2735
5338 3235
5338 4533
5338 5470
5339 1228
5339 8224
5340 5667
5341 8972
5348 8816
5349 4680
5350 6020
5352 7156
5353 4550
5353 4637
5353 8861
5356 2369
5358 1658
5358 4187
5358 4397
5358 6706
5360 8904
5362 5602
5365 743
5367 4467
5367 8356
5368 7135
5369 7575
5373 6853
5374 2449
5376 4811
5376 5347
5378 8973
5380 9510
5381 1679
5381 3001
5381 7697
5382 9130
5383 1594
5383 5707
5384 3013
5384 8501
5387 6610
5388 9211
5389 2182
5391 999
5391 1386
5391 6372
5391 9313
5391 9762
5393 333
5393 953
5394 8774
5394 8965
5396 274
5396 4469
5397 18
5397 4760
5400 3703
5400 6749
5404 149
5406 1387
5406 8747
5408 6017
5408 8099
5408 9789
5409 8446
5412 3818
5413 6257
5416 4909
5417 7084
5419 6131
5420 3325
5420 6535
5420 7404
5422 1010
5423 499
5426 2484
5428 7842
5429 6474
5429 7630
5430 1715
5430 1955
5432 8511
5434 862
5436 2833
5438 8876
5439 9445
5441 7764
5442 9710
5444 271
5446 5520
5447 2734
5448 480
5450 1118
5452 359
5452 3677
5453 3748
5454 8200
5455 9142
5456 5778
5458 7771
5459 6601
5459 9735
5459 9837
5461 6574
5464 4401
5465 1008
5465 3370
5465 4967
5465 7414
5466 552
5467 1067
5467 6625
5468 8828
5469 5741
5471 7320
5475 125
5475 7900
5475 8933
5477 2462
5478 2485
5478 7136
5479 4116
5479 6063
5485 7774
5485 8644
5485 8669
5488 333
5490 2950
5494 9706
5495 2026
5496 2015
5497 7061
5498 2603
5502 2214
5504 8772
5505 469
5505 2649
5507 1862
5510 1480
5511 2939
5511 9744
5513 6067
5514 5464
5518 4416
5518 8850
5520 353
5520 7913
5521 695
5522 4421
5525 2120
5530 177
5532 4450
5533 1584
5535 1726
5535 7924
5541 3351
5541 3523
5542 4055
5545 3182
5546 5987
5549 2151
5549 7602
5550 8861
5552 1221
5552 3615
5554 2196
5555 7754
5557 5544
5557 8352
5558 9375
5561 2883
5561 3751
5561 6725
5565 4908
5566 2615
5567 6469
5570 76
5570 1597
5571 4738
5571 5161
5575 3162
5575 4227
5575 4783
5576 3879
5578 291
5578 1629
5578 4654
5578 9174
5580 1897
5581 8196
5582 6033
5582 8928
5585 4622
5586 8438
5587 2722
5588 9265
5589 931
5589 2427
5590 199
5590 2756
5592 5246
5594 8075
5594 8745
5597 8728
5598 1616
5598 5040
5599 8113
5600 6996
5601 4711
5602 5778
5604 1929
5604 8676
5605 8149
5607 7353
5609 3187
5609 8063
5609 8732
5610 4383
5611 776
5611 3904
5612 4047
5615 6958
5615 9693
5623 2418
5624 5013
5625 6368
5626 83
5627 4079
5628 2551
5631 7051
5632 1381
5633 6656
5634 1630
5634 2968
5636 4981
5638 5898
5639 8780
5640 7418
5640 9264
5641 5150
5641 9976
5644 6344
5644 7881
5646 4094
5647 257
5650 1308
5650 1707
5653 314
5653 648
5657 3545
5658 859
5658 1751
5659 7878
5660 59
5660 4343
5660 8575
5666 1127
5667 8182
5668 5836
5668 6268
5668 9065
5669 2704
5670 2198
5671 3040
5673 73
5675 778
5675 2494
5677 2052
5679 437
5681 4176
5681 5007
5681 8626
5682 3974
5682 6909
5683 2064
5684 2881
5686 9206
5687 1293
5691 7006
5693 4038
5693 5835
5693 8378
5694 3497
5694 7103
5695 180
5701 3318
5701 4653
5702 4300
5704 8142
5706 7092
5708 1656
5710 1921
5710 8826
5711 2638
5712 1147
5716 4290
5720 4415
5720 5118
5720 8991
5723 9311
5724 7803
5725 3177
5725 5894
5729 2003
5731 5010
5734 7784
5736 1073
5736 8175
5737 678
5739 7037
5742 5516
5745 796
5745 1421
5746 4774
5747 1011
5747 2683
5747 3510
5748 7025
5752 7051
5754 1861
5755 9042
5756 2956
5756 5934
5759 8691
5760 397
5760 1669
5760 3009
5762 2369
5762 4365
5762 9387
5763 5981
5764 5541
5765 467
5765 3852
5765 4780
5765 7223
5768 4089
5772 6978
5774 1020
5774 5170
5774 7131
5775 36
5776 4128
5777 3108
5781 4269
5782 7750
5783 1632
5784 2736
5787 2794
5787 6717
5788 7167
5789 6333
5792 4680
5793 5669
5793 9531
5794 916
5795 8231
5795 9208
5796 3875
5799 6338
5801 1333
5801 4077
5801 9367
5802 8693
5802 9836
5805 5570
5806 4188
5807 62
5807 7259
5807 7704
5809 1155
5809 6219
5811 1730
5811 8877
5813 653
5813 2014
5817 5686
5819 6060
5823 7805
5825 2710
5825 3076
5825 4114
5825 4718
5826 1411
5827 1168
5829 1417
5829 4232
5831 7423
5833 6014
5834 7574
5837 6415
5840 2560
5840 4686
5841 9733
5842 5790
5842 7433
5844 3441
5846 70
5864 8771
5865 4567
5865 5600
5869 1532
5869 5450
5869 6318
5870 3314
5870 7805
5872 7544
5874 358
5874 6574
5876 3557
5877 7944
5877 9725
5878 3619
5879 6004
5881 1565
5881 6939
5882 988
5882 1701
5883 9897
5886 1300
5886 8533
5886 9813
5887 6362
5888 9373
5889 5876
5889 7457
5892 9700
5893 1623
5894 2391
5894 5657
5895 3547
5895 8763
5896 3436
5897 7879
5898 5791
5899 3512
5901 2915
5901 6597
5902 9629
5904 719
5905 421
5908 1467
5910 5739
5910 8575
5916 791
5916 9321
5917 7203
5918 8267
5920 4435
5921 1028
5921 6224
5922 2756
5922 2850
5922 9166
5923 4153
5925 5494
5926 177
5926 4913
5927 5612
5927 7015
5927 9597
5931 8464
5932 700
5932 2557
5932 6106
5934 6681
5935 6872
5936 756
5937 1479
5937 3165
5940 1967
5942 8374
5943 3663
5943 5377
5944 708
5947 8655
5949 2814
5951 9299
5952 3459
5952 5903
5954 9336
5955 913
5955 7893
5957 6403
5959 2177
5959 5603
5960 6770
5961 2953
5966 4388
5970 7295
5974 5875
5975 7809
5976 4872
5976 8384
5978 4873
5978 8273
5979 8582
5981 5897
5982 8925
5983 3815
5984 3560
5987 7680
5989 7091
5990 274
5991 2909
5991 7448
5992 4335
5992 7924
5992 8013
5993 5396
5995 48
5995 7570
5995 9558
5996 2900
5998 2113
5998 9960
5999 6110
5999 6637
6000 4354
6002 1522
6003 5203
6006 765
6007 64
6008 8407
6009 1475
6009 7803
6009 9259
6010 154
6010 6435
6011 2043
6011 5969
6013 381
6017 3687
6017 4104
6018 7990
6018 9303
6020 5174
6021 1749
6021 2490
6022 4069
6023 6507
6025 1303
6025 2446
6025 8829
6027 3524
6028 998
6028 7597
6031 1113
6031 4646
6034 9890
6036 4306
6037 6100
6037 9896
6038 898
6039 4517
6041 384
6041 7819
6042 8214
6043 7164
6047 3480
6047 8838
6049 1537
6049 8635
6050 198
6052 5133
6053 3846
6053 5497
6062 364
6062 8445
6065 3947
6065 9133
6067 4142
6070 936
6071 8785
6072 9486
6073 3242
6076 2889
6077 9487
6080 3697
6081 3769
6081 7895
6082 9443
6083 8389
6084 7266
6084 8008
6088 626
6091 288
6091 7079
6092 7517
6093 1330
6093 1336
6094 7245
6095 6201
6095 7832
6097 118
6098 643
6098 4489
6101 6283
6101 8131
6106 7251
6108 2010
6109 817
6109 8939
6110 1460
6110 3039
6112 1756
6115 2888
6115 9784
6118 3694
6121 4711
6123 2372
6124 9990
6128 2670
6128 3999
6130 1550
6130 3979
6130 7172
6132 6325
6132 7209
6133 6586
6134 59
6134 3932
6134 4141
6134 8037
6135 4741
6136 4622
6141 3960
6142 1773
6142 5481
6143 3271
6144 1915
6146 3115
6150 4242
6154 2390
6154 6263
6155 5441
6156 3104
6157 4216
6158 903
6158 6961
6162 1633
6162 2079
6162 5989
6162 9418
6164 3002
6165 88
6166 2362
6166 9074
6168 8449
6170 1908
6171 1621
6171 3027
6173 7535
6174 5276
6179 8326
6180 1757
6180 1816
6181 7789
6182 641
6182 7136
6184 758
6185 5164
6185 9618
6186 562
6189 1507
6193 8996
6195 6475
6197 6558
6201 8537
6201 9542
6202 5522
6203 4171
6204 3681
6204 5086
6206 8930
6208 820
6209 5237
6209 6718
6210 1643
6210 3285
6212 5283
6215 7703
6217 4693
6217 4911
6217 9899
6219 4700
6220 9986
6221 6578
6222 309
6222 515
6223 6428
6224 4857
6225 4206
6227 9041
6228 6108
6229 7269
6230 3019
6232 134
6234 7026
6236 924
6240 170
6241 9363
6243 7626
6244 4550
6244 7179
6244 9299
6245 2386
6247 1853
6247 7613
6248 1877
6248 3880
6249 1118
6250 8133
6254 5945
6255 6984
6256 4148
6257 6067
6259 1104
6259 6234
6261 1766
6261 1812
6262 8219
6263 6617
6264 7954
6264 8588
6265 9428
6269 3345
6275 1218
6275 8899
6276 6590
6278 7964
6279 2684
6281 565
6283 8107
6286 4331
6287 6044
6289 2985
6292 6380
6292 6501
6292 9653
6295 1523
6296 2994
6298 326
6298 9183
6300 2023
6303 3022
6306 3007
6306 4405
6306 4918
6307 6810
6308 3646
6309 7292
6311 3774
6312 2465
6313 56
6313 6681
6317 3163
6317 7064
6321 8504
6322 5360
6324 5247
6326 2310
6329 1528
6329 6656
6330 1913
6331 2487
6331 4199
6332 8356
6332 9757
6333 7781
6333 9901
6336 9832
6338 4324
6338 4758
6338 5727
6340 6655
6341 1720
6341 6270
6345 7944
6346 6526
6346 9113
6348 863
6348 9064
6350 2367
6351 469
6351 1715
6352 5274
6352 7959
6353 6890
6353 9637
6354 7054
6355 49
6356 9993
6357 8348
6358 2051
6358 2824
6358 9290
6359 5445
6359 9925
6361 1553
6361 9356
6362 5819
6363 3260
6364 8058
6368 2592
6369 1584
6372 3240
6372 6824
6372 7639
6373 1354
6373 3733
6373 5001
6375 7
6375 3676
6375 8321
6378 5379
6378 8151
6378 9759
6379 1724
6379 2735
6380 11
6380 9924
6382 6994
6382 7810
6384 3812
6384 8159
6386 5262
6386 7813
6388 3541
6389 8874
6390 133
6390 2948
6391 5656
6394 2164
6394 6948
6397 6948
6398 223
6398 4813
6398 7658
6401 8819
6403 9198
6405 1490
6405 7066
6406 4523
6408 4925
6410 8957
6413 1727
6415 5391
6416 5582
6416 9868
6417 1406
6417 2785
6418 1731
6418 3750
6419 2457
6420 8729
6427 988
6429 1593
6430 4749
6432 1466
6432 5526
6432 8571
6433 2363
6433 3962
6435 7801
6435 7893
6436 1417
6436 4373
6437 5610
6438 2067
6440 6603
6441 4644
6442 4330
6442 6213
6442 8987
6443 6005
6445 3321
6445 7891
6446 5193
6447 956
6447 2476
6447 7648
6447 9870
6449 8074
6451 6533
6452 6116
6452 8475
6461 4601
6465 1284
6466 2978
6470 4947
6471 1243
6472 7505
6473 6440
6474 3693
6474 6765
6474 7872
6476 890
6477 4624
6477 8854
6478 2138
6478 8395
6479 9193
6480 8945
6483 224
6483 5279
6484 3859
6484 4564
6484 4996
6484 5799
6485 6401
6487 1126
6487 6774
6487 9467
6493 172
6495 5656
6495 8520
6495 9902
6496 2655
6496 4157
6497 5320
6500 8620
6501 9057
6502 3058
6503 9647
6504 7428
6505 4284
6505 8598
6506 4946
6507 2335
6508 3945
6508 4462
6509 906
6509 4848
6510 341
6510 9945
6511 2556
6511 3177
6516 4583
6516 6033
6516 8984
6518 9155
6519 3506
6519 5064
6520 2379
6520 4219
6521 968
6525 2556
6525 3450
6534 7352
6537 8196
6538 860
6545 2402
6547 242
6548 1195
6548 1315
6548 5702
6550 7953
6551 8383
6552 574
6552 3157
6554 4424
6555 3907
6556 3535
6557 9936
6558 8481
6560 3740
6561 2107
6563 614
6565 670
6565 4545
6567 5523
6568 221
6572 1726
6574 2467
6577 3837
6578 6155
6578 8630
6578 9099
6580 2684
6580 3223
6581 4240
6581 8449
6584 6279
6584 6900
6586 8838
6586 9080
6589 2604
6589 5753
6590 5309
6591 6650
6592 8287
6593 7970
6593 9068
6594 6610
6595 4066
6595 5601
6596 2200
6598 7128
6606 8925
6608 2927
6608 6177
6609 3205
6611 2598
6613 3188
6615 6890
6616 70
6617 7956
6618 1057
6618 2517
6621 4005
6624 2829
6627 660
6627 4014
6628 6710
6629 5245
6631 2035
6631 4124
6631 6078
6632 5071
6632 6032
6634 670
6635 3658
6635 6671
6636 4935
6639 1862
6640 2778
6640 9504
6642 9544
6643 3646
6643 4417
6646 5252
6646 6944
6647 479
6648 5820
6650 1275
6650 4521
6651 4242
6652 5711
6653 3901
6654 6398
6655 1655
6656 1423
6656 4742
6657 5222
6660 4788
6661 6412
6661 9525
6666 8880
6667 7070
6668 4770
6669 9123
6671 6945
6673 8441
6674 1526
6674 5277
6676 6960
6676 7004
6677 1376
6679 2633
6681 784
6682 3182
6683 4351
6686 2373
6687 6838
6689 3692
6690 8596
6694 4957
6696 5740
6697 8087
6698 7718
6699 7873
6700 3199
6700 8368
6700 9235
6701 1657
6702 6563
6703 2717
6703 4987
6706 9272
6707 5430
6712 1705
6712 8526
6713 3243
6714 2202
6715 2862
6716 2145
6716 8785
6717 1463
6717 4110
6717 8295
6718 2710
6718 9385
6719 342
6719 8864
6720 8841
6721 3961
6722 2448
6723 681
6724 5313
6725 4029
6725 8520
6727 9138
6729 3768
6729 6960
6729 9536
6731 1616
6732 2657
6734 2000
6734 5071
6737 6642
6738 4430
6738 4674
6740 6704
6740 8413
6741 1405
6741 3664
6742 3914
6744 2479
6744 5179
6744 6150
6744 7325
6744 8305
6746 6226
6749 3771
6749 4961
6751 9761
6753 9817
6755 4257
6755 4537
6755 7622
6758 3490
6759 3208
6761 8678
6766 1748
6766 5560
6768 2911
6769 7102
6775 3034
6776 5590
6776 8418
6779 4749
6783 1277
6783 7277
6784 760
6785 7721
6786 5362
6787 9812
6789 3076
6789 5044
6789 8520
6790 771
6792 8356
6792 9004
6793 2768
6794 478
6796 3333
6796 9538
6798 3992
6798 8709
6799 3848
6799 7006
6800 5741
6801 869
6802 723
6804 1502
6805 3299
6805 8849
6806 3145
6808 8850
6809 397
6810 6440
6813 2866
6813 6500
6814 3610
6816 5701
6816 7492
6817 594
6817 9533
6820 5436
6821 201
6822 2382
6822 4389
6822 5472
6824 7641
6829 534
6829 8786
6832 3076
6834 8331
6836 3965
6837 3421
6837 6108
6838 3623
6841 2078
6842 1430
6843 2524
6844 8066
6846 7365
6847 6444
6849 5758
6851 1162
6851 4426
6851 4917
6851 7574
6851 9412
6852 4569
6852 7025
6854 2522
6854 3101
6854 3285
6858 1755
6860 3469
6863 8171
6863 8268
6866 9228
6870 7563
6871 1482
6873 3289
6876 4040
6876 4365
6878 5409
6882 8112
6885 4004
6886 316
6890 5867
6891 3084
6892 3186
6892 9682
6895 3177
6896 8725
6898 1212
6899 2344
6899 5144
6899 9953
6900 5205
6901 1033
6901 6930
6901 6936
6905 2629
6906 2829
6910 2893
6911 3402
6912 1012
6913 3780
6914 166
6917 6553
6917 9049
6918 2253
6918 7124
6918 9795
6921 6211
6923 5668
6924 2239
6924 5290
6924 9098
6925 1962
6925 5724
6926 6970
6927 7067
6927 9457
6930 9560
6931 6717
6932 277
6932 1805
6932 4318
6933 2696
6933 7951
6934 1926
6934 8096
6935 3624
6938 8910
6939 3938
6941 790
6941 2799
6946 2830
6946 3214
6946 8589
6947 3014
6948 3472
6948 3770
6949 5717
6951 213
6953 4740
6954 3756
6955 2757
6955 8337
6955 8429
6958 1347
6959 6088
6960 9693
6961 4619
6962 2428
6966 2196
6966 9324
6967 1790
6969 15
6969 410
6969 7935
6970 8059
6971 22
6971 5571
6972 9021
6974 907
6974 6866
6975 1497
6976 9006
6977 8350
6980 2401
6981 4292
6981 8182
6983 1501
6984 7529
6985 2582
6988 8968
6990 5944
6991 7878
6993 2478
6993 3705
6994 2100
6996 9571
6997 9735
6998 8127
7000 3536
7001 3852
7002 1905
7002 1979
7005 8106
7008 1176
7008 9150
7009 1284
7011 7266
7013 2862
7015 7673
7017 2326
7017 6261
7020 819
7020 9034
7021 226
7023 8689
7024 3268
7024 4702
7024 6349
7024 6455
7025 386
7025 2677
7025 3404
7025 4580
7025 7129
7025 7436
7028 2134
7028 5077
7029 5232
7029 7564
7032 4864
7032 9001
7033 1915
7033 3253
7033 4119
7034 9835
7035 2378
7037 8407
7038 5173
7040 5051
7041 1532
7041 8945
7043 6365
7044 3950
7045 2454
7046 2557
7046 8919
7047 629
7047 4118
7048 5993
7049 6080
7050 321
7051 4292
7053 1828
7053 2960
7054 7227
7056 5451
7056 8281
7057 8962
7057 9215
7058 1331
7058 2282
7058 3425
7059 1846
7063 756
7065 6704
7066 7367
7067 4124
7068 4642
7068 5610
7070 7912
7072 9099
7073 6750
7074 4350
7075 5653
7076 2516
7078 3146
7080 3481
7080 8810
7082 4160
7083 8710
7084 209
7085 1822
7089 45
7090 2069
7090 6975
7091 597
7093 1094
7094 4325
7096 1129
7097 1798
7100 8862
7101 255
7101 3085
7101 4337
7102 200
7102 929
7103 6643
7104 6272
7105 5191
7106 826
7106 2306
7106 9805
7108 328
7108 7821
7113 4315
7115 3848
7115 4161
7115 5944
7116 4193
7117 491
7117 4871
7117 7673
7117 9125
7118 1155
7122 8204
7124 9237
7126 2431
7127 5455
7128 7683
7129 1908
7133 8220
7134 4423
7138 1053
7138 5707
7138 9854
7138 9894
7139 2763
7141 2469
7142 3896
7142 9451
7144 1300
7144 1392
7144 7229
7145 9580
7147 6477
7148 3553
7149 3732
7150 1251
7150 2041
7151 70
7152 3479
7152 4051
7153 2164
7159 6455
7159 8029
7159 8631
7160 487
7160 8770
7161 7744
7162 6872
7164 1185
7167 7772
7168 1501
7169 2591
7169 7380
7171 9319
7172 2871
7175 4966
7175 8081
7176 9180
7177 3185
7177 4778
7184 7728
7185 3182
7185 6125
7187 2261
7188 7010
7189 8629
7191 2047
7195 6866
7196 7643
7200 837
7200 871
7201 5505
7202 9304
7203 1753
7203 6185
7203 6221
7204 115
7205 2593
7206 3470
7208 7157
7209 2797
7210 8488
7219 4475
7220 7893
7220 9544
7221 1951
7222 9292
7224 3378
7226 1062
7226 4548
7226 6427
7227 285
7231 1195
7231 3745
7232 615
7232 6422
7232 9371
7233 7140
7236 9629
7237 3219
7238 1131
7239 5454
7240 6965
7241 246
7241 2980
7244 6420
7245 8393
7247 3286
7247 4292
7248 9700
7252 7289
7254 6112
7255 1643
7255 5368
7255 5933
7255 9001
7257 6395
7257 7556
7259 3292
7259 9620
7260 3459
7260 6422
7262 8363
7263 7024
7265 9302
7265 9734
7266 6366
7272 2341
7276 1091
7277 5166
7280 8098
7281 247
7281 9480
7284 1762
7284 1844
7285 157
7285 505
7287 4639
7292 8930
7293 2767
7293 6242
7293 8444
7295 3869
7296 5742
7297 6451
7300 8835
7303 2152
7303 5022
7303 9450
7307 1520
7307 9040
7308 1010
7308 2784
7309 6879
7310 6016
7311 2500
7311 3612
7312 2274
7313 9731
7316 771
7316 4782
7316 7590
7317 1654
7319 630
7319 9946
7321 6759
7321 6995
7322 150
7325 4426
7326 1958
7326 9016
7327 6824
7330 3952
7332 3185
7332 9712
7334 4728
7334 5680
7336 1894
7336 3928
7336 5270
7336 5515
7338 4255
7339 7133
7345 7108
7346 4318
7346 4694
7347 6741
7351 215
7351 3727
7352 7258
7357 3182
7358 1520
7359 55
7359 1526
7363 7968
7364 1593
7366 1899
7367 6788
7367 8375
7369 3584
7369 9701
7375 1348
7376 3014
7376 5696
7377 2080
7379 3954
7380 514
7383 2415
7384 7174
7388 5223
7389 5091
7390 5651
7392 4127
7393 8421
7394 271
7395 7819
7397 1398
7398 202
7398 1270
7398 6157
7399 1011
7399 5699
7399 8826
7399 8976
7400 905
7400 6461
7401 4190
7401 8215
7402 5808
7402 8581
7404 7160
7405 338
7405 2802
7405 7573
7408 4517
7411 950
7412 1666
7412 6044
7412 9272
7413 5618
7414 679
7414 1805
7414 9497
7416 7086
7417 3380
7418 3490
7423 3671
7423 3916
7424 4732
7424 4793
7427 7335
7430 9919
7431 7140
7432 537
7432 7466
7434 582
7435 6514
7435 9216
7438 2001
7438 8470
7445 2059
7446 5663
7447 580
7447 9417
7450 314
7450 1871
7450 6667
7451 5089
7456 2288
7458 6715
7459 4260
7462 8377
7463 5377
7470 3317
7471 5598
7472 6692
7475 227
7476 1875
7480 5331
7480 5947
7481 846
7482 5432
7484 1126
7484 2527
7485 2351
7486 1126
7487 6442
7488 5889
7488 9977
7494 7089
7495 9102
7495 9739
7496 1098
7496 9183
7497 6167
7497 7001
7498 4909
7499 6840
7501 9828
7502 1338
7503 8753
7504 3183
7505 7972
7507 5577
7510 4306
7510 8566
7512 7675
7513 6139
7514 5117
7514 7150
7515 7984
7515 9934
7517 868
7517 908
7517 7224
7518 1
7518 7772
7521 9438
7522 497
7526 6895
7526 7365
7528 5653
7536 117
7537 8050
7540 7681
7541 8932
7543 6846
7543 9153
7547 387
7548 5605
7548 8745
7549 3299
7549 5246
7549 5260
7549 8007
7553 4611
7555 193
7557 3380
7557 4102
7558 5605
7558 6713
7560 1847
7560 7618
7564 3508
7565 6126
7567 406
7567 2944
7567 8843
7568 3312
7569 9984
7571 2149
7571 8298
7571 9279
7577 3440
7578 4285
7578 7006
7582 7382
7582 8448
7582 9777
7583 8948
7584 6293
7585 7714
7587 1512
7588 3211
7589 2250
7591 8118
7592 938
7593 7159
7601 7460
7602 2471
7602 9978
7604 725
7608 1296
7609 7460
7611 2701
7611 9298
7614 8662
7615 7472
7616 3597
7617 6585
7618 964
7618 7350
7619 6081
7620 7710
7620 8311
7621 9326
7623 5422
7623 6417
7629 5165
7630 2025
7630 5274
7630 7216
7631 9014
7632 7454
7633 2876
7634 7938
7634 8135
7636 1385
7636 2974
7636 4625
7639 5690
7640 5178
7640 7537
7641 947
7641 9452
7642 3727
7642 8312
7643 1570
7643 2631
7644 8048
7645 6671
7645 8682
7645 8841
7646 4601
7647 5958
7649 7638
7650 1580
7652 2830
7656 720
7657 3359
7657 6252
7658 2313
7658 8739
7659 1793
7659 2054
7659 2237
7659 4180
7659 8693
7661 9714
7662 5870
7662 8115
7663 2589
7667 9309
7670 8894
7672 563
7673 5366
7674 589
7674 1263
7675 7331
7675 9115
7678 9768
7680 27
7680 1571
7681 2911
7681 9408
7682 2255
7683 4327
7683 7781
7683 8849
7684 8834
7686 6212
7687 2783
7689 3295
7692 1975
7692 2075
7694 3459
7695 2488
7696 6445
7697 881
7697 1617
7697 7834
7698 2987
7698 7337
7699 1222
7700 420
7702 1735
7703 1715
7703 6120
7704 714
7706 2051
7708 7583
7709 712
7709 1873
7709 3144
7709 9604
7710 8701
7711 9600
7712 3077
7712 5159
7713 3673
7713 7168
7714 1734
7714 7787
7714 9896
7716 8463
7718 8954
7719 1940
7719 3644
7720 816
7721 1523
7722 1759
7723 9263
7728 4423
7730 9123
7732 769
7734 8006
7734 9435
7737 3434
7737 4726
7738 2220
7741 2973
7742 1133
7743 1076
7743 1128
7744 3799
7748 2708
7751 1095
7751 8129
7752 8055
7754 9673
7755 4591
7757 9750
7760 6582
7761 3448
7761 9633
7763 2535
7764 6053
7766 1480
7766 3178
7766 8946
7767 8490
7769 9677
7770 7468
7770 9944
7771 6582
7771 8626
7774 2581
7775 979
7776 925
7781 6416
7783 4820
7785 7755
7785 8791
7787 6421
7787 6534
7787 9219
7789 5798
7791 5767
7792 2634
7796 6341
7799 4568
7801 583
7801 2140
7802 6415
7804 2003
7808 1282
7812 3539
7812 6316
7813 1753
7813 4296
7815 1337
7815 1789
7817 7731
7821 1063
7821 1546
7823 1922
7824 7940
7825 544
7825 6075
7825 9336
7826 677
7827 5865
7828 3446
7830 33
7832 3499
7833 9325
7836 754
7836 760
7841 4137
7844 56
7846 3593
7846 5394
7847 4955
7852 215
7852 9424
7855 417
7856 2792
7856 6230
7857 5556
7858 9934
7859 2325
7862 163
7862 7511
7866 7561
7867 200
7867 1639
7867 4078
7869 1540
7871 6088
7873 146
7873 2243
7874 9911
7875 6675
7875 6728
7877 6164
7878 1155
7879 3029
7879 9932
7880 4204
7882 3496
7882 6757
7888 9541
7889 1294
7889 5346
7889 7330
7892 242
7892 5863
7892 5888
7892 8319
7893 1999
7894 2499
7894 5248
7895 9678
7896 7238
7899 542
7900 2837
7907 8939
7908 828
7908 7526
7908 9121
7909 9535
7912 2697
7913 4047
7914 5046
7914 5794
7914 8870
7915 4583
7917 627
7917 842
7918 2161
7919 641
7924 159
7924 7546
7926 6149
7928 7894
7928 8845
7929 325
7929 3766
7931 8260
7932 1074
7934 6402
7935 9572
7937 1507
7937 9800
7938 588
7940 1924
7941 7926
7943 857
7943 2483
7948 9814
7951 5811
7953 5016
7953 5878
7955 1422
7956 7185
7957 1824
7959 627
7960 1548
7960 5074
7960 5665
7961 1230
7961 5243
7962 989
7962 9604
7963 9286
7965 820
7966 3906
7966 7334
7967 2651
7968 5972
7970 6982
7974 1727
7976 1748
7977 5778
7977 9726
7979 6708
7979 8307
7981 2484
7981 9404
7982 3649
7983 1349
7987 439
7987 1140
7988 2984
7988 8924
7989 3941
7989 6534
7990 5066
7990 6367
7992 510
7993 9983
7994 2294
7998 4130
7999 3650
7999 8747
8001 2984
8002 44
8003 1726
8003 4391
8003 9280
8005 3276
8006 9722
8008 4514
8009 8563
8011 8892
8012 166
8012 5919
8014 5497
8015 9210
8016 3546
8017 8880
8018 417
8019 958
8019 2381
8019 6132
8019 7292
8019 8565
8020 1637
8020 8497
8021 2299
8023 3455
8023 6761
8024 6891
8027 5150
8028 5013
8028 6440
8035 621
8035 897
8036 2285
8041 3854
8043 5815
8044 1512
8044 5028
8044 9951
8045 3247
8046 2149
8046 8360
8047 6088
8051 948
8051 7858
8052 144
8052 2229
8053 7637
8054 8571
8057 1273
8059 901
8061 1014
8061 6997
8062 7566
8062 9384
8068 2275
8069 1369
8070 2
8070 3489
8070 7420
8071 2614
8074 7774
8074 9816
8075 9247
8077 6711
8078 9416
8081 7314
8083 795
8086 3821
8086 9169
8088 427
8088 9514
8089 3515
8089 5490
8091 6656
8093 1152
8093 4421
8094 1727
8096 3943
8097 6808
8099 1341
8100 9761
8101 7569
8102 9664
8103 2615
8106 7011
8107 542
8107 3531
8110 9313
8111 3699
8116 455
8116 3504
8117 223
8117 1702
8118 1827
8118 4784
8119 6629
8119 9075
8121 394
8123 9736
8124 139
8124 856
8124 5473
8128 722
8128 6669
8128 9033
8129 245
8130 5306
8133 1601
8138 1614
8140 8310
8142 3833
8143 6107
8146 7938
8147 656
8148 3819
8149 3301
8150 2077
8150 7774
8151 1768
8152 8817
8153 5822
8154 2925
8155 5928
8155 7498
8156 3170
8160 6520
8161 9949
8162 533
8163 4896
8164 7996
8167 7925
8170 8037
8177 7359
8178 3331
8178 4519
8179 3788
8179 7503
8181 9241
8185 4421
8190 3386
8190 5227
8191 621
8194 5510
8196 7806
8198 9777
8199 1345
8200 1372
8200 5011
8200 9152
8201 927
8201 4002
8203 4180
8208 159
8209 4725
8210 8947
8211 972
8213 9499
8214 1430
8215 1286
8216 8473
8219 5825
8222 7210
8224 1865
8226 8397
8227 1970
8227 9548
8231 513
8232 3912
8233 7067
8234 5166
8235 4484
8235 6085
8238 3756
8238 6794
8239 3347
8240 4040
8241 3123
8244 2688
8247 6635
8248 1863
8248 8225
8250 2828
8250 8464
8251 8594
8253 5218
8253 9022
8254 5193
8255 6912
8256 1364
8256 8900
8259 177
8259 7083
8261 6909
8262 4186
8262 9718
8263 3293
8263 3318
8266 4366
8268 1770
8270 5038
8271 5815
8271 8034
8273 6252
8275 4970
8275 7872
8276 4511
8278 9521
8279 4594
8280 3439
8281 1640
8281 7365
8284 1185
8284 6955
8286 1292
8286 2023
8289 3915
8289 5949
8290 759
8290 7255
8290 9525
8291 69
8292 726
8293 7988
8295 4162
8297 4790
8299 383
8301 7790
8302 8432
8305 4658
8306 2934
8307 4365
8310 9266
8311 1998
8316 6204
8317 2025
8318 1297
8319 2577
8319 2822
8319 4158
8320 1249
8321 9922
8322 956
8322 6220
8323 2568
8324 278
8324 6336
8326 2084
8326 4333
8327 5992
8328 3895
8330 1327
8330 2496
8331 2555
8331 7793
8333 1572
8335 5455
8336 5924
8337 3737
8337 5355
8338 7510
8340 1196
8341 554
8344 9629
8345 1737
8345 9097
8346 5542
8347 8995
8348 1478
8349 4825
8349 6040
8350 4536
8350 8488
8359 7646
8361 7767
8364 1526
8365 3125
8367 6778
8368 6450
8369 5881
8370 376
8371 2746
8371 3564
8371 5269
8372 3266
8376 1174
8384 2638
8384 3793
8385 4214
8387 4097
8387 6990
8389 29
8390 2054
8390 2059
8391 1653
8392 3871
8393 4541
8393 6342
8398 3940
8399 9365
8400 1063
8401 2777
8402 2858
8404 2030
8404 5991
8405 2356
8405 8451
8406 6634
8406 7387
8408 1967
8408 6444
8409 2685
8410 4326
8410 6189
8410 6861
8410 7275
8411 2716
8411 8447
8412 8845
8413 177
8413 5879
8413 8815
8414 2459
8414 9642
8417 566
8417 1874
8417 4194
8417 7723
8418 8963
8419 856
8419 4084
8419 4292
8419 4349
8420 3480
8421 3025
8421 7853
8422 1467
8422 3244
8425 1760
8426 6812
8428 3004
8428 9020
8436 3166
8436 7154
8437 2698
8439 6226
8439 9213
8444 1314
8444 9726
8445 5846
8449 4999
8449 9882
8451 3593
8452 8612
8457 8074
8458 4574
8459 2173
8459 3392
8460 1953
8460 3523
8460 7445
8461 4218
8461 5537
8462 1577
8463 8978
8463 9504
8464 8562
8466 6075
8470 5321
8471 8837
8472 803
8472 8125
8475 1883
8476 8866
8477 1348
8477 2267
8477 9473
8478 911
8478 3320
8479 7658
8482 8931
8486 9672
8487 6918
8492 6632
8494 5734
8497 8909
8501 6054
8502 879
8502 8354
8502 8422
8503 9716
8504 1649
8504 4458
8505 235
8505 814
8505 2295
8506 2880
8508 4634
8509 1486
8512 9360
8513 4269
8515 5194
8519 4180
8519 8284
8521 1941
8524 2435
8525 1116
8526 8143
8527 6399
8528 3069
8530 3975
8534 2864
8535 9687
8536 4231
8539 2602
8539 5360
8541 2417
8542 9537
8544 1884
8544 8148
8547 4411
8547 6377
8548 3845
8550 980
8552 1587
8553 6217
8554 6052
8556 2379
8557 2299
8559 1944
8559 3175
8559 3189
8560 2389
8564 4751
8564 4896
8564 8586
8565 5362
8567 2440
8568 4432
8568 9384
8570 5758
8572 5880
8577 9975
8578 4455
8579 3337
8580 4101
8580 9551
8581 6044
8581 7223
8584 210
8586 8599
8588 1357
8588 7538
8591 8356
8591 9099
8593 7312
8594 3224
8597 6665
8597 8745
8598 9558
8599 979
8599 2133
8599 6081
8601 2662
8601 4315
8603 6190
8604 2752
8604 7814
8606 8082
8608 5174
8608 8693
8608 9330
8611 4571
8611 8442
8612 6679
8612 8762
8615 1955
8617 4886
8617 9141
8618 968
8618 4735
8618 7025
8618 8085
8619 783
8620 2374
8620 3755
8623 4140
8624 2312
8624 4364
8628 4461
8628 5633
8629 4129
8631 5426
8637 444
8641 1909
8641 3235
8641 3815
8641 6209
8643 1913
8644 1589
8644 4925
8645 4041
8645 4791
8645 5494
8646 6695
8648 6832
8651 3786
8654 6880
8656 741
8658 5342
8660 6646
8661 5259
8661 9027
8664 3267
8668 9247
8670 9249
8672 1177
8672 6755
8675 8027
8676 1067
8677 633
8677 8217
8678 7261
8679 1645
8680 642
8680 2477
8681 6677
8681 7756
8682 1316
8685 7094
8686 6299
8687 1497
8689 5453
8690 1489
8690 6201
8693 3320
8694 843
8697 4472
8698 6559
8699 3393
8699 8907
8700 778
8701 5493
8702 6299
8703 1939
8704 2274
8707 8206
8710 2053
8710 3504
8711 3177
8711 9452
8712 371
8713 9177
8714 3217
8714 7294
8714 8485
8716 3133
8716 7413
8717 8677
8718 9093
8720 7206
8720 7996
8720 9076
8722 1456
8722 2561
8722 3509
8726 8416
8727 7426
8728 2210
8728 5135
8729 4263
8730 5446
8731 3587
8734 2222
8734 6611
8735 9031
8738 3644
8739 5883
8739 9022
8739 9425
8741 5819
8742 1540
8744 3112
8744 5890
8747 8145
8749 1276
8749 4245
8749 8551
8751 3704
8751 4092
8754 717
8755 3423
8755 3597
8756 5642
8758 2925
8758 6807
8760 3509
8762 5840
8763 3350
8763 3917
8763 6460
8763 8158
8764 2389
8764 5260
8764 6045
8765 5163
8766 8900
8767 746
8767 2458
8768 8148
8768 8278
8772 5456
8772 5702
8772 9614
8773 135
8773 3190
8781 2235
8782 4289
8783 2716
8785 2500
8785 6813
8786 7828
8789 2537
8789 7720
8789 9661
8790 841
8790 5065
8792 3691
8792 6199
8793 2465
8793 4640
8799 6224
8800 4910
8801 748
8801 3027
8801 9633
8806 2681
8806 3107
8812 7364
8813 4029
8813 6778
8814 30
8815 7900
8823 2501
8825 746
8825 6601
8826 4405
8827 4203
8828 5946
8828 7659
8829 5323
8831 895
8831 1371
8831 7435
8831 8222
8832 2022
8832 4551
8833 307
8833 6406
8833 7061
8834 4184
8836 2375
8836 4793
8836 6918
8836 8300
8836 8978
8839 7664
8840 3891
8841 1343
8842 7418
8846 6326
8846 9859
8847 8794
8848 266
8848 1318
8849 1454
8853 4307
8855 802
8857 6075
8857 7439
8859 5185
8861 9043
8862 1559
8863 2029
8863 2082
8863 6054
8863 9530
8864 9519
8866 5823
8866 6539
8869 3889
8870 4137
8870 7560
8871 8311
8872 7356
8873 2516
8873 5556
8877 6290
8879 2744
8880 8885
8882 3899
8882 4069
8883 8353
8886 1772
8886 4560
8886 5134
8889 5938
8893 1637
8894 1732
8894 8270
8897 6641
8898 6415
8899 473
8900 2883
8900 3070
8900 5791
8901 6604
8904 3404
8904 4038
8904 9320
8905 2109
8906 4207
8906 7751
8907 7824
8907 9959
8908 2196
8910 2325
8910 7758
8911 5967
8913 6785
8914 2279
8916 7961
8917 142
8918 2999
8919 2115
8920 8089
8922 5444
8923 6830
8925 8438
8928 6968
8930 6482
8930 7935
8932 772
8933 6686
8935 4631
8937 4257
8940 4853
8941 2155
8941 9215
8942 2709
8944 7405
8945 9578
8946 6034
8948 2020
8949 5052
8950 4473
8951 829
8951 4851
8954 6934
8955 4693
8956 203
8958 7720
8962 1176
8964 3355
8966 827
8966 4885
8966 7060
8966 8670
8967 3463
8967 8026
8970 4007
8970 4448
8971 3847
8971 5624
8972 9150
8973 8628
8974 1926
8974 2304
8976 5516
8978 6706
8982 690
8982 3587
8983 1728
8983 9358
8984 477
8984 2393
8984 5984
8985 8365
8985 8798
8986 7173
8986 7634
8987 3013
8988 971
8993 1304
8993 5238
8994 2186
8994 8469
8995 257
8996 2631
8998 1200
8998 5520
9003 4158
9004 672
9004 2666
9006 2426
9008 4427
9011 3446
9012 3809
9015 2537
9015 2986
9017 459
9017 9008
9018 2983
9021 6112
9022 5304
9023 6196
9024 5592
9026 9714
9030 3525
9030 10000
9032 9899
9033 6836
9038 5385
9040 2292
9041 3210
9041 3567
9042 3688
9042 5022
9042 5487
9043 4250
9044 1395
9044 5516
9047 5216
9047 8029
9048 7146
9049 7040
9050 4631
9051 4954
9052 850
9054 3312
9054 8022
9057 5210
9058 426
9059 7558
9062 3806
9062 7435
9064 5436
9064 7818
9066 5322
9068 9184
9069 6875
9072 3378
9073 7603
9076 6059
9078 9768
9082 2827
9083 5209
9084 9029
9085 487
9086 951
9086 3941
9088 4023
9088 7764
9090 8701
9091 6104
9092 7822
9092 8411
9092 8429
9095 5363
9096 5620
9096 8119
9098 8100
9100 700
9101 5382
9101 7213
9102 9726
9103 3527
9103 6605
9103 9982
9104 9630
9105 8007
9107 2735
9108 452
9112 8273
9112 8730
9113 4712
9116 2713
9125 2661
9127 8939
9128 9571
9129 6981
9131 4267
9132 9156
9137 2228
9137 2654
9138 6239
9139 3570
9140 3945
9140 4885
9140 8323
9141 6037
9142 7113
9144 2609
9147 6872
9148 1704
9148 5828
9150 3403
9150 4663
9154 885
9155 3122
9156 2137
9157 8822
9158 1276
9158 1997
9158 3920
9159 2560
9159 8060
9162 8120
9163 5746
9164 6684
9164 9266
9165 7693
9166 4499
9168 3034
9168 6961
9170 9204
9171 2307
9173 1816
9173 7610
9174 1173
9175 4415
9176 5298
9179 595
9179 3359
9180 4332
9181 1220
9181 6190
9181 8091
9181 9288
9184 7432
9187 4045
9188 7656
9191 719
9191 3208
9192 2416
9193 9087
9195 2091
9195 3583
9197 776
9198 1429
9198 7896
9200 3303
9202 205
9202 3475
9202 8120
9204 7441
9205 1036
9210 6100
9211 3240
9211 4519
9211 6456
9216 5243
9216 8172
9218 1511
9218 9008
9219 5357
9220 5166
9220 8184
9220 9852
9221 2648
9222 2856
9222 6271
9222 8534
9224 5963
9225 4447
9226 260
9227 2735
9228 5591
9229 1267
9229 4120
9229 6457
9231 7021
9234 246
9235 2939
9238 5887
9239 1625
9239 7980
9245 6350
9245 7459
9247 5216
9247 5648
9255 3371
9257 9749
9261 2902
9261 3328
9263 4078
9265 1616
9267 2260
9268 3291
9270 5293
9273 6291
9275 6644
9276 2036
9276 3687
9277 3249
9277 8398
9281 4079
9281 7738
9282 2961
9282 5309
9283 3850
9284 6979
9285 4791
9286 721
9286 4370
9290 8282
9292 7833
9293 7625
9293 8514
9294 6741
9294 8028
9298 3147
9299 8264
9300 9801
9303 9444
9307 7188
9308 2114
9308 3932
9308 6671
9309 9137
9310 5740
9313 3652
9314 152
9315 6521
9315 7808
9316 6344
9318 2124
9322 3067
9324 8185
9325 163
9325 1552
9325 6519
9325 6788
9326 465
9326 3843
9326 4112
9326 5483
9327 3085
9329 9246
9329 9495
9331 1873
9334 1147
9334 9987
9335 5734
9336 2067
9336 5373
9336 5750
9336 7551
9336 9538
9340 2691
9340 5976
9340 9553
9345 7933
9349 509
9350 2848
9352 3488
9352 5627
9353 1941
9353 2265
9354 8984
9355 2292
9356 8486
9359 5985
9361 1888
9366 1935
9366 3735
9367 6071
9367 6452
9369 6266
9370 1866
9370 9402
9373 6845
9376 4171
9377 1816
9382 5140
9388 3484
9388 4962
9388 5443
9390 5630
9394 1596
9398 8974
9401 1683
9404 477
9404 3364
9407 5360
9409 469
9409 4643
9412 2363
9415 7028
9417 2214
9417 2801
9417 9234
9418 3306
9420 2524
9420 6211
9422 767
9423 7576
9424 8529
9425 241
9425 7541
9427 4975
9429 1432
9430 8827
9431 8049
9431 9794
9432 9977
9436 2674
9439 4509
9440 6832
9440 8668
9445 4057
9446 1131
9448 4352
9449 4522
9452 3126
9455 2107
9455 7233
9456 124
9459 8094
9461 1286
9461 5585
9463 348
9468 3375
9469 534
9470 1988
9470 5417
9471 2970
9472 945
9472 6655
9472 9662
9474 1519
9474 7060
9475 3252
9476 4151
9478 1195
9478 6607
9479 4431
9480 1522
9480 3835
9481 4377
9482 2170
9483 2443
9485 1283
9485 2342
9485 4919
9488 7713
9493 391
9494 982
9494 8693
9495 3844
9498 2555
9499 1068
9500 671
9503 1217
9506 1952
9507 4071
9507 7807
9507 7810
9508 6895
9511 5848
9512 842
9513 2755
9516 1431
9518 1264
9519 3278
9519 6411
9520 3213
9522 8657
9524 957
9524 1245
9527 2337
9529 888
9529 6609
9530 4274
9530 5457
9530 9946
9531 7229
9535 9268
9538 305
9538 1499
9539 8380
9539 8865
9540 6981
9541 7767
9542 1559
9542 4721
9543 3721
9543 4721
9544 310
9544 1431
9545 4302
9545 8768
9546 6866
9547 4525
9548 6148
9548 8630
9550 8353
9552 3935
9552 6579
9553 3019
9554 3109
9555 4507
9557 4816
9557 7035
9557 8620
9559 9699
9561 6590
9561 9925
9563 7217
9564 196
9564 2294
9564 6209
9565 5064
9565 5247
9565 9009
9566 1769
9568 6420
9573 2498
9573 7162
9579 7369
9579 9652
9580 1539
9581 8880
9581 9751
9584 1488
9584 4430
9586 222
9586 2064
9586 2154
9587 9154
9587 9324
9588 340
9589 6625
9591 2725
9591 7901
9595 8354
9596 1892
9598 1826
9598 3111
9601 6493
9602 1218
9603 4424
9603 7732
9605 98
9605 6537
9605 8220
9606 3896
9607 8994
9608 4337
9608 7973
9613 5744
9615 1723
9615 4393
9618 3012
9619 1237
9621 6444
9622 4603
9622 9401
9622 9682
9623 1329
9625 4576
9625 4693
9628 5187
9628 7652
9629 7993
9632 1386
9635 8383
9635 9878
9636 8048
9636 8462
9637 3333
9639 3445
9640 938
9643 5996
9644 5931
9645 3910
9647 1405
9648 8406
9649 6906
9651 677
9651 2718
9651 5779
9652 9417
9655 2731
9655 4157
9656 192
9656 2681
9656 4022
9656 6121
9657 3287
9657 6875
9657 6899
9659 889
9661 6922
9661 9098
9663 4811
9663 6024
9665 3583
9665 3662
9666 9882
9667 1574
9667 4788
9668 6965
9669 1691
9670 4185
9670 5256
9670 6845
9670 9984
9671 302
9673 4281
9674 1039
9676 2355
9677 7395
9681 5388
9683 121
9683 6608
9683 8947
9685 8538
9685 9508
9686 4346
9686 5486
9689 2033
9689 2894
9689 4914
9689 9094
9691 9151
9692 1486
9693 7163
9695 6601
9697 1557
9699 117
9699 2033
9699 2208
9700 7598
9702 539
9702 734
9702 3470
9703 6536
9703 8902
9705 5288
9706 5182
9706 8439
9709 5162
9710 7697
9710 7842
9711 1072
9711 3400
9715 3049
9715 4304
9715 5044
9717 8978
9718 3060
9720 2364
9721 6810
9721 8884
9723 7224
9725 7961
9727 1831
9727 3029
9728 9848
9730 2866
9731 5011
9733 1896
9736 7012
9738 2272
9738 5341
9740 5240
9740 8613
9742 9507
9743 560
9743 7470
9745 3051
9747 9674
9748 832
9748 6784
9749 482
9749 5005
9749 8075
9752 6786
9752 9208
9755 2026
9755 2737
9756 3182
9756 4487
9757 4991
9758 9098
9760 1075
9760 6553
9760 6960
9762 7369
9764 1394
9765 6651
9767 9863
9773 3008
9775 7860
9777 7460
9778 9127
9779 411
9780 4834
9780 5669
9781 1100
9782 3887
9782 6474
9783 459
9784 5918
9785 7298
9786 6682
9786 8670
9787 9069
9788 7404
9791 2645
9791 6546
9792 3779
9792 9770
9794 5744
9795 4091
9796 5422
9800 8704
9801 5304
9801 6056
9802 4602
9802 9933
9803 3904
9804 4119
9804 6716
9807 7775
9808 2733
9808 3316
9808 7502
9808 8054
9809 703
9809 2812
9812 6548
9814 503
9816 9155
9816 9402
9818 3304
9820 5030
9823 577
9823 9509
9824 7966
9829 1063
9831 1105
9833 7740
9834 4854
9839 9596
9841 6798
9842 3798
9844 7956
9845 9205
9846 3357
9847 9865
9850 6974
9853 5803
9854 7418
9855 2810
9856 2803
9856 8629
9857 1540
9860 5521
9861 9064
9862 7322
9863 8681
9865 2104
9869 9028
9871 3457
9871 8779
9872 1875
9873 5693
9876 2413
9877 8599
9878 1893
9878 7158
9878 9960
9880 8607
9881 7062
9885 4446
9888 3068
9888 9804
9889 5024
9889 7141
9890 6142
9890 7003
9891 2876
9891 9523
9894 1274
9894 8318
9895 2094
9895 2796
9895 6856
9896 5942
9897 9160
9900 4725
9901 1353
9901 1521
9904 2690
9904 8265
9905 4874
9905 7217
9906 285
9906 2527
9906 9867
9908 2892
9908 6820
9910 3173
9910 9692
9911 9962
9912 7239
9913 5570
9915 287
9915 7182
9915 7540
9916 5554
9920 1453
9921 6743
9922 1627
9922 5403
9922 6558
9923 5384
9924 619
9924 3661
9924 4870
9925 4831
9925 5867
9925 8739
9925 9645
9928 7757
9929 9120
9930 7284
9931 8170
9941 9708
9942 686
9942 3575
9942 9602
9944 2902
9947 1969
9947 4781
9947 9098
9952 7269
9953 62
9953 9007
9954 3048
9956 1245
9956 1719
9956 6286
9960 4889
9960 9238
9961 7470
9965 6467
9966 3291
9967 531
9968 7850
9969 6563
9970 3198
9970 7513
9971 4669
9972 8104
9974 2408
9974 5023
9974 5248
9975 5130
9978 4808
9979 2660
9980 1197
9980 7246
9981 8300
9983 2954
9986 9749
9987 7725
9989 1049
9989 9250
9990 2750
9993 5770
9993 6111
9994 4986
9995 5260
9995 7464
