Random point counts: 10000. Ranged within [0, 10000]
0 3635
0 7560
0 8389
2 6741
3 1846
3 3375
3 9982
4 7428
4 8122
5 9623
6 462
6 6396
6 7261
8 5166
8 8771
8 9883
9 2572
11 2471
12 6617
14 1594
14 7118
14 9407
17 1615
17 3337
19 89
21 5196
21 5766
21 8631
21 9700
21 9756
23 6489
27 9782
29 1781
30 253
31 472
32 2956
32 7878
33 4793
33 7870
35 5129
36 7959
37 3649
38 8985
40 862
40 9267
41 1624
42 474
45 6071
46 4665
48 8355
49 3173
49 8340
50 3505
50 6503
53 6650
54 8634
55 8773
57 4073
57 4388
58 6969
58 8708
59 2823
61 8298
62 6179
63 7908
64 1628
64 8245
64 9527
66 1796
66 7709
67 7657
69 9045
70 1794
71 4146
74 3968
74 5150
74 5272
74 8142
75 1008
75 5612
76 6387
77 4673
77 4961
79 7361
79 7601
80 6204
81 1719
81 5954
81 6682
82 6488
83 5228
83 6104
84 1565
84 1920
84 5435
84 6893
85 8541
86 3755
90 101
90 5975
91 7247
92 3710
92 6868
94 1015
94 7598
94 7599
95 8318
96 1561
96 2801
98 2726
98 8968
99 2042
100 1275
100 9851
101 8612
101 8978
102 3462
105 8354
106 1971
106 9577
109 9464
110 215
110 9850
111 3112
111 3324
113 5920
113 9476
116 1815
118 6944
119 4526
120 991
120 5026
121 1099
121 7151
123 8621
124 7639
125 6121
127 1820
128 2941
129 3750
129 3989
129 8072
131 9501
132 1592
133 5032
134 2872
136 975
136 6929
137 9492
139 1068
140 1676
141 4601
144 3835
145 2141
145 4241
145 4255
146 1279
146 4733
146 9318
148 8650
153 6220
155 5215
156 4462
158 7432
159 5227
161 2919
161 3554
162 2002
164 8770
165 4063
169 8839
171 1323
172 5506
172 7741
172 9636
174 2733
174 3181
174 7425
175 6475
176 2359
176 5209
176 7595
177 372
178 1742
178 7927
180 209
180 386
180 3747
182 2242
184 56
187 1951
187 5720
187 6566
188 1316
188 9203
192 636
195 2457
196 7554
199 6918
200 9159
201 3172
201 3457
201 4828
201 8779
202 3393
206 3209
208 943
208 3189
208 5118
209 438
209 4017
209 6696
210 307
210 550
214 1666
214 2427
215 3927
215 8933
218 1985
219 3936
219 4176
220 4182
221 641
222 7576
223 1844
223 5053
224 3715
224 5484
224 6773
225 6927
228 713
230 8284
233 2197
234 7580
235 4129
237 445
238 3019
240 1646
241 2395
242 965
242 9670
243 5453
245 885
245 7610
245 9217
247 1067
248 2319
250 7440
251 2511
253 6395
254 1027
257 6011
257 7599
257 9338
258 3340
258 4228
259 9141
260 2785
263 9974
264 4432
264 7029
265 1908
266 1574
266 1696
266 3266
266 6401
269 5820
270 7250
271 1037
271 8411
274 9158
276 1001
276 6938
277 7038
277 8548
278 7641
279 318
280 8829
281 2088
281 7805
282 7775
284 8014
285 207
287 7548
288 64
289 2547
289 7747
290 5784
292 244
294 2183
294 4363
294 9825
295 4583
297 5599
298 9138
298 9747
299 3096
299 5113
302 5865
304 5811
304 6003
304 9737
305 4852
307 8312
307 9678
308 3995
308 4386
308 5851
312 240
312 4182
312 5037
313 4140
313 6334
316 6
316 3526
318 7759
320 1579
323 6650
325 1586
327 2831
328 3015
329 1277
329 4186
333 9974
336 4107
337 2404
338 1721
338 2649
338 8034
338 8538
339 1707
341 482
342 6771
343 4113
344 2785
344 6031
345 7281
345 8860
346 7336
347 1208
347 1737
348 5245
348 7317
350 4814
351 2476
353 3509
353 3807
355 1276
355 4160
356 1621
358 7844
360 1468
360 1854
360 4636
361 3986
362 7058
363 677
363 797
363 7050
363 8365
363 8907
364 4488
364 7859
365 6963
366 7703
366 9115
367 8160
369 6502
370 9564
371 6326
371 9061
372 3841
375 854
375 9321
376 2836
376 3576
376 4974
376 5475
377 6795
377 9065
379 7412
382 6815
383 8243
387 4703
387 6133
388 8705
388 8941
389 1158
392 1784
392 2336
393 7056
393 9656
395 2579
395 3949
395 4625
397 7409
398 6709
400 1029
401 1960
401 5688
402 8836
404 5252
404 9744
406 2052
407 4047
409 6025
409 6875
409 9684
410 4544
411 2922
413 322
413 712
414 3352
414 8839
415 30
417 5788
418 8576
418 9048
419 4907
420 1971
420 5092
420 8646
421 939
421 3843
422 3186
422 8798
423 54
425 6518
425 7161
426 3232
427 7234
428 6645
428 8384
430 2973
433 9909
436 3851
437 1762
442 4974
443 1825
443 3967
443 8932
444 5186
445 3761
446 4861
447 665
447 8423
448 3774
448 6573
448 7707
449 1486
450 1589
450 2290
451 4352
451 7564
453 5647
453 9081
453 9261
454 2184
454 4874
455 5475
457 4702
458 8862
460 1451
461 6767
462 376
462 4178
463 8760
466 5442
468 3798
469 6818
471 187
472 1209
473 4785
474 8719
474 9278
476 9115
476 9939
477 1091
477 6714
478 8329
479 340
479 2624
479 7722
480 9897
481 2230
482 4528
482 4792
483 3366
483 4813
483 6703
486 149
487 2250
487 3161
496 5566
497 3559
497 3873
497 5030
497 9433
500 7826
502 3084
502 3443
505 2036
505 5468
507 1948
508 3340
510 2162
511 976
511 7528
513 1794
514 1752
514 4758
516 3581
516 8642
517 3665
518 745
518 4333
519 914
520 7907
521 793
523 5597
523 7683
524 3387
525 5198
526 5023
527 2216
530 3404
530 9891
532 2808
532 7889
533 4992
534 1947
536 2118
536 6814
539 2767
540 317
540 426
541 9120
542 4035
543 6523
545 9724
546 2427
546 6146
548 2150
548 2233
548 5081
548 5733
549 1404
549 6831
550 561
550 8572
551 3489
551 9579
552 2158
552 9946
552 9975
555 2618
556 95
556 1048
556 3965
557 6031
558 9419
561 7973
562 3180
563 8270
564 1044
566 2535
566 4190
567 920
567 1412
569 7112
569 8200
570 4967
570 5544
572 1320
572 1449
572 8887
574 1881
577 3037
578 398
578 2405
579 3089
579 4498
579 7513
579 7529
581 7387
583 950
583 7775
584 7589
584 8139
585 803
586 3034
586 6006
589 4364
590 818
591 1461
593 6646
594 241
594 3271
594 7088
595 2450
596 720
596 4536
596 4894
599 5605
601 5139
605 177
605 5353
606 6914
607 718
607 8052
608 2778
610 5260
610 5455
611 7868
611 8369
614 838
614 6714
614 7941
615 6726
616 5175
617 3500
621 5749
623 987
623 1450
623 6082
624 448
624 9076
626 7066
627 1218
628 6815
630 480
630 5678
630 8812
632 5027
635 5970
639 2263
640 1029
640 3326
642 3949
644 8322
649 7568
649 9804
650 5788
651 3579
651 7342
653 4713
654 903
656 1498
656 9362
660 1035
660 1720
661 4407
664 2408
664 3448
664 7434
665 8703
666 2381
671 9160
672 845
672 4437
673 2194
676 3469
676 5565
677 3195
679 6513
680 6395
683 6331
684 962
685 2851
685 4863
685 8486
685 9174
687 298
687 1104
688 196
689 911
689 6448
690 7103
695 4266
698 8770
699 5483
699 9015
699 9839
701 4208
701 6134
701 6498
702 1850
702 6813
702 9828
703 3523
705 780
706 2991
708 7938
710 5184
711 377
712 2205
713 7923
715 8440
716 5962
718 6566
719 7201
724 2097
724 9163
725 7807
727 7066
728 6992
731 2440
734 7001
735 5960
735 6465
736 3037
737 4495
740 1050
740 1343
740 8096
741 4181
742 977
742 2964
743 436
744 3124
744 7067
745 441
745 7302
746 2859
746 8504
747 2028
747 4399
748 7050
749 8492
752 3316
754 1034
754 8892
754 9849
756 7678
757 4873
757 7744
757 8469
758 117
758 2828
758 7212
761 2618
762 4763
763 607
763 1381
763 6643
764 9580
765 8335
766 1088
766 4555
767 6583
768 1909
769 9426
771 200
771 7762
773 3239
773 6627
775 7327
776 6893
777 4055
778 3364
778 9548
779 5647
780 36
780 1720
780 8539
781 4811
784 4600
785 8369
786 486
786 7125
789 112
789 919
789 8854
789 9126
790 4372
790 4566
790 5403
791 527
791 3798
793 502
793 6934
794 8935
798 8167
798 9634
800 3400
800 8963
800 9132
801 1492
801 6322
802 8495
805 8849
806 1386
806 7055
807 572
807 7486
808 7219
809 4571
811 426
813 713
818 466
818 5551
818 9334
821 6857
825 3296
826 7758
827 4226
827 5940
829 1957
830 3643
831 5803
832 287
833 2560
833 3996
835 5461
840 4696
840 8041
841 433
842 7465
843 5637
845 9682
846 6716
846 8189
848 602
848 9352
849 1922
850 354
851 2867
853 1626
853 6563
854 2630
854 8963
856 4998
857 1573
857 5187
857 6970
858 1983
859 4680
859 8706
862 8577
863 4936
864 3899
864 5920
866 3644
868 7087
870 369
870 1093
870 2039
871 4123
871 6368
872 9760
873 624
873 7956
874 4726
874 4950
874 5588
875 3007
875 7526
877 1574
878 9150
879 1885
880 8499
881 7513
882 7608
883 4259
884 7078
887 2710
887 4339
887 9475
889 8587
890 2333
892 6226
893 3992
893 4453
894 5720
895 1316
895 8398
896 2602
897 7153
898 3084
898 5755
900 631
900 3271
902 1226
902 1858
905 2738
906 754
911 3223
911 6509
917 9060
919 1522
920 1956
921 312
922 491
923 8258
924 6862
925 9465
926 1712
926 2206
926 6484
926 9853
927 9306
928 522
928 2119
928 4057
929 3735
930 6491
931 2505
932 4237
933 2907
934 5439
935 9508
936 1648
937 7361
941 7710
943 715
945 7822
946 7487
946 8315
947 7711
948 8856
949 195
949 2239
950 7024
952 859
955 2382
955 9117
955 9657
955 9658
956 1621
958 1449
958 4951
959 4011
960 5508
960 7858
960 8027
964 5975
965 981
966 7202
966 8640
966 9212
967 5206
967 8423
969 1032
969 1683
969 5475
970 1732
970 4308
973 6770
974 8706
975 5594
977 8401
977 9526
980 4927
981 541
981 659
981 1017
981 1667
981 8306
983 5600
983 9557
984 1550
985 2598
985 2768
987 1963
988 9113
989 4958
991 5793
991 9137
992 2531
993 6734
994 7546
996 3007
996 5299
998 2192
1001 8910
1003 42
1003 6669
1003 9398
1006 6134
1006 6165
1007 150
1007 5137
1010 5339
1010 5898
1010 8923
1011 5895
1011 6228
1012 2367
1012 8697
1015 701
1015 3398
1016 9926
1018 1647
1020 7767
1020 9582
1022 4151
1022 7263
1024 1266
1024 2860
1024 4328
1024 8289
1025 2882
1026 5658
1027 6932
1028 562
1029 6843
1031 3042
1031 3628
1031 6814
1031 7073
1031 8427
1032 4805
1033 2385
1035 95
1037 8006
1039 2293
1039 2846
1039 3283
1039 8838
1040 1993
1040 7669
1041 5431
1044 5270
1044 6177
1045 6173
1045 9098
1048 997
1049 212
1049 5409
1050 6845
1051 4021
1051 8247
1054 3248
1054 6685
1055 6403
1056 272
1056 528
1056 5512
1057 2245
1057 7106
1059 6469
1059 6884
1059 7255
1059 8559
1059 9123
1060 2679
1060 9958
1061 3549
1062 8197
1065 6288
1067 697
1067 2050
1067 4900
1068 7141
1069 5291
1070 664
1070 5829
1071 7363
1072 1060
1072 9252
1074 9730
1075 7294
1078 137
1079 1354
1079 5827
1079 8348
1081 11
1081 6853
1083 2896
1083 6403
1083 9174
1084 7120
1085 1335
1085 2126
1085 6563
1085 9621
1086 4152
1088 5465
1088 6306
1090 1707
1092 1922
1092 9926
1094 7324
1094 7860
1095 1258
1095 8482
1096 5643
1096 8774
1097 4555
1097 5616
1098 8762
1099 5363
1099 6685
1100 5307
1101 5417
1102 9170
1104 427
1104 3111
1106 3010
1106 5209
1107 9546
1109 2578
1109 5174
1110 3666
1110 6758
1111 2095
1112 4039
1112 4645
1113 4649
1114 2412
1115 1430
1115 2813
1115 4151
1116 7045
1116 9402
1117 952
1118 4136
1119 964
1119 1200
1119 4643
1120 9262
1121 9159
1122 8756
1125 4554
1126 7620
1126 8988
1127 4661
1127 7818
1128 796
1128 6375
1128 9670
1131 7643
1133 2071
1133 3122
1137 2543
1138 6673
1138 6871
1138 8095
1139 2809
1139 9980
1140 2932
1140 4883
1141 444
1146 6371
1147 6306
1148 205
1151 2294
1152 92
1152 8336
1152 8456
1153 1760
1153 4118
1155 7575
1157 1539
1160 5112
1162 6167
1163 9734
1165 1468
1165 8564
1168 8177
1169 7457
1171 2540
1171 4774
1171 6687
1173 2192
1174 365
1174 1780
1174 9921
1176 1550
1180 2617
1182 5153
1183 9477
1184 2839
1184 6858
1187 8105
1187 9340
1188 7791
1189 972
1189 5618
1189 7897
1190 9656
1191 4634
1192 111
1194 811
1195 7405
1196 7703
1200 414
1200 9299
1201 2875
1202 4146
1203 4629
1203 6430
1203 7286
1203 8103
1207 285
1207 1759
1207 3180
1209 5434
1210 386
1212 4706
1212 7893
1215 7802
1217 8809
1218 5845
1218 9286
1220 7481
1220 8946
1220 9446
1222 6039
1224 2739
1225 532
1225 2696
1225 3440
1225 5032
1227 1621
1228 4295
1230 2278
1230 5931
1230 9131
1232 9096
1233 282
1234 3962
1234 7038
1234 7057
1235 2332
1236 4288
1236 7945
1236 8792
1238 2842
1239 4872
1239 8856
1240 4577
1243 2230
1243 6803
1243 7189
1245 1191
1245 5752
1246 2572
1246 8563
1247 9456
1248 4791
1249 666
1249 5102
1250 9240
1252 3940
1254 7586
1255 8373
1257 4847
1257 5220
1257 7926
1258 9108
1259 4425
1259 9138
1262 2606
1263 8294
1264 3862
1265 2027
1265 3841
1266 4593
1267 2186
1268 7071
1269 9545
1270 3296
1271 8059
1272 7532
1272 7661
1273 3060
1274 6127
1275 1727
1276 4220
1276 5004
1279 3656
1281 2209
1281 7666
1281 8435
1282 2179
1282 7781
1283 789
1283 8977
1283 9312
1287 508
1287 3958
1288 4455
1289 1202
1291 1702
1291 2004
1291 4926
1292 7612
1293 5249
1294 3004
1295 8580
1296 872
1296 3035
1296 7002
1301 7431
1302 836
1302 6236
1304 6148
1305 4404
1305 9662
1306 8492
1307 7684
1307 9770
1308 5092
1312 9654
1315 7003
1316 3992
1319 2239
1322 1687
1324 402
1325 8415
1327 6884
1328 5292
1329 7193
1330 1470
1331 7841
1333 3834
1335 6155
1336 3101
1336 5772
1337 6765
1337 9596
1339 2086
1339 7682
1340 1014
1340 7713
1340 9158
1342 4196
1343 4354
1345 8454
1346 5313
1346 8076
1348 6925
1349 9545
1353 4320
1354 839
1354 1346
1354 5665
1355 4313
1358 9308
1360 967
1360 4045
1360 6244
1361 6206
1362 5959
1368 2392
1368 2555
1369 5433
1371 2569
1371 4661
1371 6992
1372 2465
1373 2980
1373 4371
1374 1414
1376 1568
1376 9641
1378 6577
1381 1512
1381 2236
1382 5651
1382 8597
1383 4817
1383 9318
1384 9533
1386 3469
1387 1328
1387 3225
1387 8492
1388 3305
1390 6796
1394 9105
1395 7454
1397 697
1399 9428
1402 1105
1403 4811
1403 9007
1404 4403
1405 3126
1408 5265
1408 9060
1409 8784
1410 6102
1411 872
1412 2289
1413 4212
1415 8120
1417 7735
1418 4192
1419 1737
1419 3933
1420 3562
1421 2103
1421 6220
1425 3905
1425 5540
1426 264
1426 385
1426 8312
1428 332
1429 3749
1429 8530
1430 3397
1431 9673
1432 1565
1432 2033
1433 2158
1433 4097
1435 8557
1435 8992
1436 3737
1436 8556
1438 4830
1438 9767
1443 1695
1447 2040
1447 5325
1448 5241
1451 8638
1452 3149
1452 9304
1453 9300
1455 6647
1456 4340
1457 3605
1459 1039
1459 3278
1461 4878
1464 2051
1464 8581
1466 9592
1467 439
1467 451
1467 9689
1468 837
1469 1835
1471 4247
1472 7535
1473 1004
1474 2394
1474 3754
1475 1765
1476 9023
1477 5904
1478 9565
1480 6125
1480 7271
1481 8951
1482 915
1487 7471
1487 7651
1487 9726
1488 2352
1488 8687
1489 2586
1491 1074
1492 2137
1493 6683
1495 6651
1495 6709
1496 412
1497 9120
1498 1047
1501 2147
1501 4384
1502 9080
1503 2296
1505 5078
1505 9145
1506 1829
1507 412
1507 7342
1507 9471
1509 6411
1511 722
1513 3512
1514 1733
1514 7990
1515 2749
1515 3048
1516 447
1518 4816
1518 5419
1518 7354
1518 8388
1521 2864
1521 9884
1522 4052
1523 7847
1523 9898
1525 9069
1526 5821
1526 8532
1528 8111
1529 264
1529 7842
1529 9745
1530 5873
1531 2422
1532 6493
1533 4706
1538 2916
1538 3603
1538 6274
1540 760
1541 2296
1541 6149
1542 232
1542 2459
1544 8
1544 8215
1547 4540
1549 7276
1552 4762
1553 2147
1554 2762
1554 3198
1554 4843
1555 2163
1556 1631
1556 3930
1557 250
1559 3462
1561 2274
1561 6774
1562 3480
1562 9447
1564 2087
1565 2707
1565 4190
1566 8702
1567 2261
1569 1180
1569 3181
1569 6920
1570 838
1570 5351
1570 9678
1571 3245
1575 7814
1576 1340
1578 1676
1581 179
1585 5943
1585 5964
1586 5844
1588 3097
1590 9284
1591 6391
1594 4796
1594 8240
1595 2281
1597 3655
1597 9217
1598 2114
1600 3296
1603 6590
1604 1610
1605 6057
1606 7419
1606 9757
1607 5031
1610 67
1610 1644
1610 3081
1612 344
1612 4190
1613 4376
1616 8362
1617 1138
1618 632
1618 9633
1619 6900
1621 4450
1621 5366
1622 2115
1622 5720
1622 6877
1627 4226
1627 9866
1628 5268
1628 7372
1628 7872
1628 8882
1630 3774
1631 320
1637 5319
1637 8136
1639 5489
1642 5588
1644 3753
1644 7396
1646 6642
1646 8215
1647 5434
1647 7627
1648 57
1651 6257
1653 660
1654 565
1655 2967
1657 4227
1658 5434
1658 5840
1659 3281
1660 6056
1661 9041
1663 1744
1664 8531
1666 869
1666 7596
1668 526
1668 6600
1669 5608
1669 9640
1670 3399
1672 1551
1672 4632
1672 7944
1673 1313
1673 5197
1673 5984
1675 4670
1676 3704
1679 599
1680 7037
1684 3166
1687 4871
1687 7642
1687 7733
1688 5767
1688 9968
1689 5234
1689 6063
1690 738
1690 6671
1691 1479
1691 2917
1693 7023
1694 9989
1696 4059
1697 2461
1698 1706
1698 1719
1698 9338
1699 4316
1699 8298
1703 3165
1705 5402
1707 3762
1707 6674
1709 6867
1710 821
1714 989
1714 6157
1715 7241
1717 1510
1717 3669
1717 6708
1718 3108
1718 3748
1718 5999
1718 7641
1722 5277
1723 6206
1724 5909
1725 735
1725 6447
1726 221
1726 7308
1726 8533
1729 2533
1729 9271
1731 2730
1733 214
1733 7522
1734 2916
1734 6761
1736 4633
1737 7280
1738 1556
1738 1689
1738 8229
1739 9857
1740 4404
1740 6007
1741 826
1743 568
1743 8116
1744 1453
1746 1369
1746 7785
1747 8474
1749 397
1752 4518
1754 7143
1755 9403
1756 1611
1756 7733
1756 8346
1757 7869
1760 5926
1762 563
1764 9579
1765 3266
1767 6210
1767 9722
1767 9985
1769 6248
1770 699
1771 6843
1772 2772
1773 3979
1778 1970
1778 5061
1778 6848
1779 4905
1779 6628
1779 7556
1780 588
1782 12
1782 364
1782 7573
1783 5306
1784 9486
1785 5544
1785 6959
1788 5000
1789 3635
1790 4135
1791 4107
1791 6980
1791 8139
1791 9960
1794 3511
1795 9457
1798 248
1800 8289
1801 2301
1802 3880
1802 4208
1802 6734
1805 9513
1806 1533
1806 2754
1807 15
1808 337
1811 7923
1814 8937
1820 5567
1820 9786
1821 5669
1822 859
1822 2940
1823 8540
1826 7215
1827 2745
1828 102
1828 8112
1829 1222
1830 2296
1831 7082
1832 1857
1832 5615
1832 6413
1834 3069
1834 6030
1836 5431
1837 571
1837 1432
1837 7412
1840 3674
1841 1191
1842 1945
1842 8233
1842 9099
1843 6458
1844 8190
1845 8412
1845 9247
1848 40
1850 8642
1852 2484
1852 3803
1852 4924
1856 7991
1856 9567
1858 3724
1858 6280
1858 7654
1859 1417
1863 3725
1865 3387
1865 9176
1866 1871
1866 2535
1866 4350
1867 3713
1867 7532
1868 9112
1872 4118
1872 4268
1875 2324
1877 6754
1878 645
1878 4178
1878 8900
1880 2141
1880 3264
1880 6972
1881 4085
1881 4613
1882 272
1882 1620
1882 6061
1883 4764
1883 8331
1885 152
1885 3952
1885 5180
1885 7508
1885 8420
1889 8298
1890 4837
1892 7377
1894 2870
1895 1107
1895 8743
1897 6278
1900 5593
1902 1021
1902 6588
1903 7014
1904 4362
1904 8351
1906 5579
1910 1533
1910 4875
1912 4264
1912 4764
1912 9244
1913 7012
1914 7868
1915 106
1915 5907
1916 4068
1917 8539
1917 8977
1918 740
1918 1087
1918 2547
1918 3906
1919 427
1921 5031
1921 5985
1923 7525
1923 8422
1925 1410
1925 5460
1925 7862
1926 5511
1926 6784
1927 261
1927 9277
1930 7138
1930 9297
1931 7775
1932 5548
1933 2452
1933 7616
1934 9018
1935 9378
1937 8737
1937 9122
1939 1412
1940 2437
1940 7787
1940 9894
1941 4885
1941 5681
1943 9503
1944 235
1945 8397
1946 2484
1946 9105
1947 1275
1948 4089
1948 7396
1949 4700
1949 4929
1949 5589
1950 1991
1950 6372
1953 9531
1954 2926
1954 6670
1955 4821
1955 7962
1956 9294
1958 819
1958 1433
1958 9288
1960 6521
1961 5788
1962 6763
1963 1014
1966 6470
1969 124
1969 9888
1969 9929
1970 878
1970 7486
1971 2819
1971 4876
1974 7642
1974 7722
1975 2354
1975 6204
1975 9664
1976 1325
1979 1030
1980 2995
1981 2122
1981 9891
1982 3726
1983 2252
1983 7212
1985 5188
1987 2185
1987 8531
1988 7211
1989 4932
1989 6075
1989 7602
1991 579
1991 3181
1993 340
1993 2380
1995 5636
1995 5680
1997 7839
1998 41
1999 4412
2000 848
2000 4933
2000 8673
2001 7739
2002 2814
2003 9017
2004 5420
2004 8578
2004 9767
2006 1223
2006 3482
2006 4149
2006 6609
2008 1199
2008 8725
2011 6305
2012 5145
2013 2253
2014 1762
2014 8182
2016 969
2018 4553
2023 5998
2024 922
2024 970
2024 2540
2024 4432
2026 5890
2031 3664
2031 7042
2033 6652
2035 8706
2036 698
2036 1592
2037 106
2037 5155
2037 6577
2037 9561
2039 31
2040 4813
2040 5099
2042 7041
2042 7470
2042 8858
2043 2394
2043 4300
2044 1474
2044 9786
2045 7433
2047 4022
2048 6082
2049 4769
2050 5234
2051 7951
2056 6670
2062 4758
2063 4146
2066 311
2066 4261
2067 184
2067 9093
2067 9811
2068 9817
2070 2513
2070 7697
2071 414
2073 7137
2074 6910
2076 3479
2077 1341
2077 2551
2077 5063
2078 2464
2078 6881
2078 8400
2081 4750
2081 6445
2082 3860
2082 3938
2083 5162
2083 7202
2084 4681
2089 10
2089 7076
2090 5720
2090 6165
2090 6659
2094 3559
2095 4882
2096 2649
2096 2785
2097 916
2097 1197
2097 4603
2099 5504
2099 6095
2100 3749
2100 5848
2102 3421
2104 777
2104 6381
2107 3496
2107 6721
2108 6030
2109 2159
2109 8581
2112 5467
2113 2972
2113 9092
2114 9345
2115 5300
2115 8988
2116 3148
2116 3821
2116 3993
2116 5933
2116 9241
2118 5474
2118 7328
2119 437
2119 5391
2119 9605
2121 2923
2121 7497
2122 3690
2122 6630
2125 2740
2127 9800
2128 5221
2129 5422
2129 7650
2129 8233
2130 6890
2131 414
2131 3386
2131 4618
2131 5346
2131 6698
2132 5534
2132 9749
2135 5588
2138 1819
2139 7717
2141 3596
2142 2670
2143 4803
2145 1275
2145 3735
2147 8217
2148 2614
2149 1928
2149 3721
2153 8044
2154 54
2154 3752
2156 5311
2156 7336
2157 6434
2158 138
2158 1355
2159 936
2159 8878
2160 1398
2160 6791
2161 7254
2162 7903
2162 8078
2164 4623
2165 760
2165 1362
2168 5058
2168 7036
2169 3162
2169 9120
2170 1443
2170 4415
2171 6387
2171 8471
2172 3533
2175 1937
2175 5601
2175 7501
2176 6015
2176 6313
2178 625
2178 7383
2182 2557
2185 6413
2188 4548
2188 9416
2188 9822
2189 1951
2189 5635
2189 6627
2190 3583
2190 5172
2191 4179
2192 3425
2193 5599
2194 8954
2195 4934
2196 6716
2197 1040
2197 1163
2198 771
2198 6124
2198 8383
2200 6194
2201 7679
2203 1200
2209 9567
2211 198
2211 7856
2212 3636
2212 8496
2213 5667
2214 7218
2215 2382
2215 8361
2217 3010
2217 8384
2218 3992
2219 2071
2223 2564
2224 362
2224 8538
2225 9840
2226 6111
2226 9889
2226 10000
2227 1173
2227 3625
2230 5600
2231 1996
2232 6824
2234 4155
2234 4882
2236 1498
2238 2109
2240 4297
2241 213
2241 1027
2241 7316
2241 9504
2243 1261
2243 6044
2245 6744
2246 181
2246 2707
2246 5141
2246 9284
2247 5660
2248 536
2249 358
2249 3498
2250 4707
2250 9561
2251 4334
2254 1690
2255 2682
2255 8991
2256 3502
2256 8262
2257 6967
2258 6874
2259 3913
2260 8549
2260 9151
2262 7258
2263 351
2264 6963
2265 6035
2267 5586
2268 73
2268 1788
2269 9334
2270 2640
2270 8174
2272 8823
2273 57
2273 6407
2275 8792
2276 50
2276 4882
2276 6732
2277 504
2277 1625
2278 1739
2278 2574
2279 9500
2281 2351
2282 5290
2287 515
2287 1262
2287 2991
2287 5560
2288 6561
2289 2488
2292 991
2293 298
2293 1219
2294 8152
2296 991
2296 5257
2296 9573
2297 8841
2298 6500
2300 6991
2301 818
2301 1544
2301 1786
2301 6709
2302 2210
2303 2082
2304 2608
2305 5745
2306 6397
2306 9531
2307 1724
2308 4079
2309 2050
2311 6376
2311 8729
2312 4766
2313 2083
2314 2314
2315 4136
2316 6227
2317 796
2317 7857
2318 4971
2319 2228
2319 8738
2320 6643
2321 3817
2322 3542
2322 3622
2324 2528
2326 4912
2327 267
2327 1657
2327 3024
2327 8244
2329 710
2329 4720
2329 6945
2330 4555
2330 8258
2331 6227
2332 553
2333 1669
2333 7329
2333 8279
2334 1867
2334 4223
2335 3049
2335 3109
2335 9504
2336 1843
2338 1279
2339 7176
2340 7779
2342 3493
2344 6756
2345 9332
2346 257
2346 3308
2346 6808
2347 6158
2350 601
2350 3977
2352 4718
2352 7816
2353 8040
2354 6523
2356 8142
2357 3193
2359 1106
2362 150
2362 2027
2362 4290
2362 6267
2364 4926
2365 9620
2366 566
2366 7789
2367 8839
2368 8303
2369 285
2369 3039
2369 5780
2370 7288
2372 124
2372 712
2372 2014
2377 7235
2378 1371
2378 5429
2378 6174
2379 943
2380 1424
2381 297
2381 4091
2381 8038
2382 667
2385 167
2385 4935
2386 8732
2387 1587
2388 8500
2388 9097
2391 108
2392 166
2392 1749
2392 3027
2392 4931
2392 5973
2394 7308
2395 44
2397 886
2398 4401
2400 135
2400 8441
2402 4115
2402 6656
2403 6014
2408 667
2408 5697
2409 3336
2409 5741
2410 461
2412 209
2412 456
2412 4634
2413 8109
2414 3470
2414 7933
2416 452
2416 600
2416 3291
2416 8202
2422 8425
2423 7291
2424 1254
2424 8815
2426 2142
2426 8277
2428 9823
2429 475
2431 2158
2431 2833
2431 5796
2435 806
2436 8463
2438 2603
2438 3574
2439 1931
2439 3869
2439 5891
2441 5669
2442 1802
2442 2137
2443 1835
2443 2103
2445 2323
2445 2362
2445 7773
2445 9643
2447 2089
2447 9535
2448 532
2449 5580
2449 6156
2450 3063
2450 6272
2450 8037
2451 3837
2451 6103
2451 6772
2453 3250
2455 2428
2458 4796
2458 6728
2458 7211
2459 897
2459 1892
2462 1602
2463 1072
2466 4692
2468 4849
2468 7663
2469 9669
2470 5975
2472 166
2473 8561
2473 8571
2474 8507
2475 7377
2478 1667
2478 2454
2478 9368
2480 269
2481 8156
2482 3105
2482 4813
2483 9708
2484 5287
2484 8612
2485 565
2486 6730
2489 7815
2489 7898
2490 7970
2492 1296
2493 1757
2494 7438
2495 2359
2495 5584
2497 1772
2497 3361
2498 7152
2499 6987
2500 5248
2502 4253
2503 6699
2503 7838
2504 5436
2507 809
2507 3114
2507 5681
2508 1452
2508 3409
2509 2964
2510 6229
2510 9694
2514 3153
2514 5000
2515 3118
2515 6160
2516 2354
2520 8967
2521 1642
2521 4651
2522 4228
2524 4707
2524 9468
2525 4465
2527 5496
2527 8070
2528 150
2528 1466
2528 8791
2529 131
2529 9614
2531 2399
2531 2944
2532 1894
2534 1346
2534 7955
2535 2812
2535 6683
2537 3995
2538 3299
2541 2980
2542 8319
2544 7715
2545 9058
2546 5885
2547 751
2547 1839
2548 828
2549 787
2551 3703
2552 2435
2554 5553
2554 6855
2555 8912
2556 9233
2557 2451
2558 1590
2560 5694
2560 5727
2561 941
2561 2480
2563 5517
2563 7898
2564 3560
2565 3038
2567 6556
2568 2290
2568 4491
2568 7378
2569 1067
2571 3148
2572 650
2572 5891
2572 7420
2573 4304
2574 7692
2575 6402
2575 7849
2575 8848
2577 5496
2579 2252
2580 6626
2584 2246
2585 4562
2586 703
2586 6946
2588 6109
2588 8215
2591 2084
2593 7284
2594 4895
2594 5038
2596 6016
2596 8839
2597 3933
2597 7567
2598 9145
2600 3702
2603 4266
2604 399
2604 3764
2604 6154
2605 6391
2605 6656
2607 7498
2609 5686
2610 4467
2613 3127
2614 1300
2614 6355
2615 1942
2616 3757
2617 3078
2617 5673
2618 42
2619 5171
2621 7078
2622 1003
2623 3406
2626 5975
2628 682
2628 4855
2629 414
2630 2097
2630 4828
2631 3038
2632 1790
2632 2870
2633 3344
2636 3403
2636 6634
2638 3805
2638 8237
2638 9793
2642 2110
2642 5029
2642 6454
2645 8385
2646 7984
2647 7355
2648 910
2651 8445
2651 9490
2652 4308
2653 1927
2657 333
2657 7333
2657 7588
2658 7010
2661 6835
2662 8977
2663 7221
2663 8161
2668 4463
2669 7962
2671 6016
2671 9149
2672 5441
2674 7609
2675 7318
2675 8057
2676 2497
2677 1567
2678 1223
2680 3849
2684 3353
2684 5032
2685 1413
2686 6053
2686 7171
2688 742
2688 4014
2689 6799
2692 956
2692 5095
2693 1033
2695 1316
2695 1404
2695 3237
2696 594
2696 5669
2697 6777
2699 3369
2699 5868
2701 9392
2702 2578
2702 6704
2702 7858
2703 3735
2704 1901
2704 3778
2704 7340
2704 9946
2705 2463
2705 8273
2706 3821
2706 6349
2708 4173
2708 9600
2709 3212
2710 7251
2711 2247
2711 5892
2711 7392
2711 8426
2712 7312
2713 9329
2714 2710
2715 9756
2716 1192
2716 3855
2716 4767
2717 3499
2717 4468
2718 585
2719 3117
2720 1026
2720 6390
2721 9639
2723 8954
2724 19
2726 3098
2727 5413
2728 5183
2729 4071
2730 2558
2733 5345
2733 9839
2734 567
2734 3309
2737 4596
2738 4673
2738 6614
2738 7815
2739 686
2740 6300
2741 3700
2741 5349
2741 6329
2746 1652
2746 5208
2746 6236
2748 1674
2748 2712
2748 7515
2749 3283
2751 996
2751 1888
2752 6437
2752 7210
2752 8251
2753 3507
2753 9696
2756 502
2760 7521
2761 1166
2762 3570
2763 8114
2764 8138
2767 1401
2772 5769
2775 6224
2776 1669
2776 9479
2777 4597
2778 5571
2779 4763
2779 5239
2780 763
2780 8487
2782 1602
2783 3133
2783 4655
2783 9920
2784 9325
2786 6464
2787 423
2787 1563
2789 980
2789 1088
2790 1365
2790 9441
2791 8634
2792 3064
2795 2398
2795 9021
2797 4603
2797 5163
2797 7536
2797 8654
2798 6511
2799 8358
2800 3569
2801 3168
2801 6705
2802 8769
2804 5959
2805 8719
2806 110
2806 5943
2806 8963
2807 6154
2808 3252
2808 3330
2812 1401
2814 1668
2814 3780
2814 8006
2815 9788
2818 1548
2818 2476
2818 4817
2818 9882
2819 566
2819 8068
2820 226
2820 5571
2821 7110
2822 6652
2825 2511
2828 6588
2829 7987
2829 9609
2830 594
2830 5322
2830 5901
2830 8301
2833 4451
2834 2639
2835 103
2835 5598
2835 7177
2836 7540
2837 2139
2839 5219
2839 5833
2840 107
2840 4577
2840 6899
2840 6935
2842 6396
2843 4303
2845 4092
2846 3809
2847 6821
2848 3610
2848 4967
2849 4817
2850 2724
2850 6334
2852 3107
2853 421
2853 7870
2853 9203
2854 6880
2855 2774
2860 5881
2860 6739
2861 4334
2861 4696
2861 7162
2862 3749
2862 8711
2864 803
2864 6936
2867 2629
2867 6912
2868 5341
2870 1312
2870 5434
2870 6633
2871 621
2871 4055
2872 2061
2872 2507
2872 8548
2873 6148
2874 4116
2874 9237
2877 2977
2878 786
2882 3588
2883 7315
2885 5614
2885 7980
2886 5347
2887 7700
2892 7584
2892 8082
2893 8432
2895 5348
2895 8031
2896 2862
2898 6117
2898 7896
2898 9885
2903 3617
2903 9829
2905 9384
2909 5070
2910 2777
2910 4074
2910 5950
2910 9594
2912 5645
2912 8682
2913 9641
2914 1231
2914 1451
2915 4259
2915 9720
2917 357
2922 890
2922 1972
2922 7015
2925 5936
2926 9023
2927 2738
2927 6600
2928 7622
2931 3000
2932 4696
2932 6317
2933 591
2933 8897
2934 5928
2935 1156
2937 7164
2938 7849
2938 9622
2940 3264
2941 183
2941 3272
2941 8166
2942 600
2942 7742
2943 142
2945 1040
2945 9109
2947 6409
2947 6496
2950 5433
2950 5464
2953 8836
2953 9895
2954 4959
2955 7326
2956 1995
2958 8782
2958 9055
2959 9473
2959 9638
2962 7490
2962 7950
2965 5064
2966 1495
2967 9640
2967 9788
2968 397
2968 6327
2970 1377
2971 9331
2972 2860
2976 909
2976 8712
2977 1423
2977 4680
2978 2336
2979 7967
2979 7977
2980 4243
2981 5597
2982 8707
2989 1953
2990 6897
2990 8934
2992 2004
2992 3854
2993 4046
2993 5831
2994 4505
2997 2737
2997 7830
2998 2016
2998 6505
3000 15
3002 6240
3004 4601
3007 5587
3007 6327
3008 5852
3009 1848
3009 6645
3011 3854
3012 2560
3013 4399
3014 3944
3014 7529
3015 716
3017 5514
3017 7088
3020 1896
3021 1689
3022 2358
3022 2767
3022 2957
3022 4019
3023 1186
3024 2773
3025 3764
3026 189
3028 6979
3029 1307
3029 1425
3029 2681
3030 9686
3032 2581
3033 2100
3033 7031
3035 549
3036 6169
3036 6731
3037 1306
3037 1918
3038 4957
3038 7067
3039 1658
3041 2479
3041 3306
3041 8770
3042 8315
3042 8997
3044 2234
3044 2289
3045 4153
3045 7976
3046 6785
3046 7634
3046 8175
3047 618
3049 3691
3050 1562
3050 5351
3050 6208
3050 9756
3051 2554
3051 4465
3051 6535
3053 427
3053 3857
3053 4611
3055 4213
3056 817
3057 3956
3058 2372
3059 7172
3060 4087
3061 2117
3061 2367
3062 5937
3064 7315
3067 4124
3067 9029
3069 9002
3070 1594
3071 3558
3076 4578
3078 130
3078 5970
3081 7310
3085 5733
3086 968
3086 6688
3087 7244
3088 5569
3090 7388
3091 2604
3092 9425
3093 7723
3094 8197
3094 8703
3096 6910
3097 2917
3098 2756
3098 4243
3098 9337
3098 9441
3101 4195
3101 8341
3102 1302
3103 3930
3103 8427
3104 8387
3104 8774
3104 9878
3107 5761
3110 960
3110 3857
3112 9441
3114 3618
3116 8124
3117 1216
3117 1368
3117 4615
3117 9781
3118 3215
3119 8921
3121 1527
3121 1956
3122 5704
3123 566
3123 1529
3125 1447
3126 672
3127 1428
3127 8563
3128 8654
3131 810
3131 1620
3133 654
3133 3153
3134 6766
3134 9283
3135 6934
3140 8458
3142 3125
3142 3324
3142 7863
3143 3320
3143 5505
3143 8758
3144 1937
3145 16
3147 3736
3148 5324
3149 2816
3150 3537
3151 6332
3152 4365
3152 4964
3153 3681
3153 7751
3154 3454
3154 4776
3154 5783
3155 6247
3156 3115
3157 1755
3158 5840
3160 2775
3161 3083
3161 8066
3162 6903
3162 9845
3163 147
3165 692
3165 8162
3167 8724
3168 3375
3170 531
3172 2731
3172 5962
3172 7627
3174 2864
3174 3111
3177 9145
3179 1570
3179 8884
3179 9290
3180 4677
3181 7612
3181 8675
3182 1765
3182 4309
3183 3628
3184 3523
3184 4493
3187 849
3188 6470
3190 9636
3191 5365
3191 6786
3191 9763
3192 7399
3194 9915
3195 5325
3195 5462
3196 8866
3198 4046
3199 9299
3202 4451
3203 919
3205 4922
3207 3564
3211 8741
3213 3284
3214 9522
3216 71
3216 1598
3216 3619
3216 9997
3217 7173
3218 1432
3218 4686
3219 2983
3219 7669
3219 8582
3222 3171
3223 5720
3224 2270
3224 2565
3226 244
3230 2561
3231 7927
3232 7370
3234 5043
3234 5504
3235 5598
3235 9167
3236 405
3236 4323
3236 6430
3236 6856
3238 760
3239 2555
3239 9070
3240 512
3240 5663
3241 719
3241 7320
3241 7760
3242 3868
3243 8813
3244 717
3244 7759
3244 9991
3245 6108
3249 4289
3250 950
3250 4045
3250 8921
3251 7422
3253 2460
3254 188
3254 4341
3255 4014
3256 4701
3256 5210
3257 5349
3258 5746
3260 619
3261 56
3261 881
3261 1631
3262 1292
3262 5735
3263 5867
3264 1737
3264 6591
3264 9133
3264 9803
3266 1257
3266 3576
3266 7978
3269 5528
3269 7617
3269 9554
3270 4899
3271 2254
3271 8042
3272 2479
3275 5643
3276 3120
3276 7291
3276 9857
3277 1467
3277 1774
3278 2732
3282 2405
3283 4354
3283 8398
3283 9736
3284 9152
3288 5784
3289 2254
3289 6598
3290 1131
3291 3580
3291 4818
3293 9232
3295 8701
3299 1792
3299 2386
3299 9103
3300 2986
3302 3542
3305 7468
3306 4399
3306 6302
3306 7018
3307 3494
3307 6374
3308 9071
3309 1950
3309 9420
3309 9823
3313 7158
3313 7713
3314 5896
3315 1844
3318 8419
3319 3167
3319 3818
3320 1678
3321 4373
3322 3486
3323 8717
3325 8691
3326 8077
3327 2650
3327 6935
3328 4343
3329 3333
3329 9001
3329 9744
3330 8682
3331 6638
3332 587
3332 1087
3334 3511
3335 2455
3335 5671
3335 7883
3338 4472
3338 6934
3338 9055
3338 9528
3339 2670
3339 6577
3339 7310
3340 4652
3342 1311
3342 3160
3342 7348
3342 8965
3345 8466
3346 5713
3346 7200
3347 6483
3348 1238
3348 7373
3348 9955
3350 5396
3351 3643
3352 675
3352 2291
3352 4858
3353 568
3353 831
3354 8499
3356 3399
3357 2859
3358 4256
3359 3478
3360 3728
3361 3333
3362 9431
3363 2209
3364 992
3364 3833
3365 3550
3367 4150
3369 1045
3369 1679
3370 3019
3370 7591
3372 918
3373 1757
3374 125
3374 1685
3376 181
3377 8269
3380 5081
3381 3538
3386 3803
3388 2268
3388 9165
3388 9412
3389 8084
3390 9069
3391 4667
3392 6887
3393 4809
3394 8452
3395 1858
3395 3824
3396 5274
3397 7121
3398 4012
3399 9130
3399 9850
3400 5968
3401 7597
3401 9126
3403 550
3403 4863
3403 5398
3405 8547
3406 30
3406 485
3406 3859
3407 1759
3407 1963
3408 7253
3409 493
3410 5674
3412 295
3414 1896
3414 7161
3415 8469
3416 1092
3416 2861
3417 443
3417 2805
3417 4770
3417 8766
3418 1099
3418 5912
3418 9049
3419 5041
3421 8880
3422 992
3422 1564
3424 1749
3424 7795
3425 3394
3426 1039
3427 1061
3427 7741
3428 674
3428 3306
3430 4528
3430 8346
3431 1081
3431 7638
3431 9823
3434 8122
3434 8550
3435 374
3435 2509
3436 2387
3436 6021
3437 1852
3439 8860
3440 5878
3442 1737
3443 7597
3446 134
3446 9577
3449 6114
3451 6138
3456 9463
3457 6577
3458 5228
3458 8685
3459 2855
3462 1983
3462 4000
3466 3882
3466 5608
3467 3770
3467 5960
3467 8852
3468 1827
3468 3180
3469 6165
3469 8868
3471 5064
3472 9875
3473 1360
3473 1373
3473 2396
3473 4311
3476 3509
3476 9930
3478 6100
3479 2687
3482 6236
3482 9192
3483 8673
3484 2547
3484 5622
3486 8679
3487 222
3487 3272
3487 7723
3488 5000
3490 8714
3492 2898
3495 4975
3496 2127
3497 7549
3497 7683
3497 9291
3500 459
3500 3767
3503 5251
3503 6623
3503 9473
3504 4348
3504 7541
3505 957
3506 6398
3508 5699
3509 262
3511 4941
3514 5790
3519 1679
3520 9432
3523 9171
3525 169
3528 4317
3529 2186
3529 3292
3530 6334
3531 837
3533 1019
3533 6094
3534 9301
3538 2112
3540 5683
3541 1124
3541 9795
3542 4853
3542 8960
3543 7825
3543 8758
3545 5513
3547 4291
3548 2039
3549 635
3549 5640
3551 1948
3551 5222
3552 3031
3553 2163
3556 4837
3557 3727
3557 4829
3557 6531
3557 7746
3558 9090
3563 3541
3564 5211
3564 9730
3566 2824
3567 5436
3568 2902
3569 1614
3569 9570
3570 1228
3570 5928
3570 9350
3571 7829
3573 1295
3574 6879
3575 2835
3578 623
3578 8680
3579 284
3579 1986
3579 4413
3580 50
3582 1128
3582 3013
3585 7254
3586 0
3586 2683
3587 9886
3588 9944
3589 2445
3589 9174
3590 6683
3591 1875
3592 8954
3593 420
3594 1694
3596 2778
3597 4251
3599 2076
3599 6460
3600 226
3600 229
3600 7375
3606 455
3606 4207
3606 9858
3607 9042
3608 2813
3609 4578
3609 8512
3612 6352
3612 7955
3614 5824
3614 6370
3614 7877
3616 4112
3616 6250
3617 9374
3618 9451
3620 6121
3621 1092
3622 8849
3624 1392
3624 3238
3625 1556
3627 2218
3627 3410
3628 2610
3629 2629
3630 1076
3630 4506
3630 8314
3633 3677
3633 6868
3634 797
3634 9421
3635 3474
3636 4556
3637 1936
3638 1455
3639 1223
3640 3032
3644 3043
3644 5967
3646 1746
3648 6079
3648 8926
3649 471
3649 1616
3649 9760
3650 7418
3652 621
3653 3848
3656 3692
3656 3732
3657 7603
3657 9184
3658 1415
3659 9578
3660 1410
3660 3859
3661 7455
3663 1511
3664 7649
3664 8025
3666 4839
3667 6530
3669 3179
3670 2270
3670 4435
3670 6362
3671 5968
3673 2762
3676 8955
3677 5336
3677 7991
3677 8907
3677 9838
3678 3761
3679 7378
3682 9555
3682 9672
3683 1795
3684 1819
3684 2355
3684 4434
3687 5253
3687 8771
3688 4440
3689 931
3689 3681
3690 3105
3690 3760
3690 4225
3699 247
3699 480
3699 6314
3700 904
3700 2685
3701 255
3701 5297
3702 1817
3705 9644
3708 900
3711 9230
3713 7010
3714 2391
3717 8871
3717 9189
3719 9722
3724 68
3724 651
3725 1878
3725 8388
3726 8452
3729 5645
3730 661
3730 4302
3731 148
3731 8359
3733 4833
3733 5086
3733 6746
3736 4585
3736 8624
3737 4862
3738 940
3738 1849
3738 9040
3740 5616
3741 5610
3743 3150
3745 3540
3747 1695
3748 723
3748 8959
3748 9238
3751 4855
3752 5125
3752 9959
3753 4276
3754 7437
3756 400
3758 64
3758 5034
3758 6465
3759 614
3759 6190
3761 622
3761 3322
3761 3762
3761 5608
3762 409
3762 1170
3762 8181
3762 9638
3763 3274
3763 4367
3763 6605
3765 3748
3765 9723
3771 5740
3771 9803
3772 8497
3773 6442
3773 6444
3774 3168
3774 5865
3775 8030
3776 296
3776 3477
3777 9362
3778 4652
3779 8013
3779 8475
3783 4956
3783 7672
3783 7829
3784 9971
3787 75
3787 6279
3787 9361
3788 7115
3789 7243
3791 5906
3792 7094
3794 792
3795 2269
3795 9065
3797 8372
3797 9022
3797 9434
3797 9889
3798 1724
3799 8813
3802 4215
3803 37
3804 3620
3805 9964
3806 8810
3807 2317
3809 5472
3810 6365
3810 9159
3811 4450
3812 2692
3813 1166
3815 2024
3819 3817
3820 3320
3820 6897
3820 8914
3821 6119
3821 7335
3822 3514
3823 4566
3824 4513
3824 9803
3825 1198
3825 5535
3827 2808
3828 3856
3828 5113
3830 2284
3833 176
3833 8846
3834 5219
3834 6162
3834 8385
3835 55
3835 3713
3835 4131
3835 4776
3838 9924
3840 1599
3840 5553
3840 5584
3840 7886
3841 461
3841 2584
3841 4370
3841 5122
3843 5799
3844 2765
3844 8031
3845 2538
3845 3862
3847 5637
3848 7238
3848 7360
3849 8123
3850 2208
3850 7379
3851 1279
3854 1489
3854 2321
3854 3941
3854 7497
3856 1797
3857 5526
3858 1188
3858 6740
3859 606
3859 2114
3859 4465
3860 8660
3861 1412
3861 6715
3863 9584
3864 6441
3865 845
3865 1193
3866 2846
3866 5310
3866 6507
3866 7843
3866 7957
3869 5922
3870 2038
3870 3707
3870 4308
3870 4954
3870 9422
3872 3228
3872 6207
3873 7464
3874 65
3877 3053
3877 4277
3878 5784
3880 6499
3880 8600
3883 7782
3883 9200
3884 2930
3884 7589
3885 9837
3887 4915
3888 1784
3888 4157
3888 7215
3891 4592
3891 7056
3893 5887
3894 4048
3894 8651
3895 4461
3896 375
3898 3676
3900 3930
3900 5740
3900 7690
3902 87
3903 4411
3903 9308
3904 2034
3906 230
3907 6134
3909 190
3909 1812
3910 696
3910 7898
3913 2164
3913 7800
3913 7857
3914 737
3914 9414
3915 5719
3916 8539
3917 6585
3917 8042
3919 3642
3921 208
3921 2028
3921 2321
3921 9296
3924 5087
3925 34
3925 4069
3925 7733
3928 3828
3928 8904
3930 635
3930 5950
3932 1063
3932 4366
3933 8258
3934 9616
3936 6773
3936 8116
3938 7041
3939 5424
3941 1873
3941 5945
3942 1955
3942 4692
3942 6133
3945 6185
3946 5668
3946 7470
3947 5007
3947 9736
3949 9
3949 7390
3949 8762
3950 346
3950 7407
3952 3836
3953 4731
3954 8489
3955 165
3955 5788
3956 2356
3957 6540
3958 26
3959 644
3959 3796
3959 6033
3959 7688
3959 8892
3961 10000
3962 826
3962 2491
3963 581
3964 7059
3965 7944
3966 410
3966 1427
3966 3732
3966 6535
3966 6559
3966 9551
3970 157
3971 4827
3971 8495
3972 3462
3972 4836
3974 4715
3976 7608
3978 2802
3979 5661
3981 1352
3983 1854
3983 4842
3983 8990
3984 5538
3985 8647
3987 4825
3989 3275
3990 8794
3990 9575
3991 2839
3992 1162
3992 5297
3993 2170
3993 5747
3993 7814
3994 9039
3995 2562
3995 9036
3997 3105
3997 6497
3997 7904
3999 7453
3999 8434
4000 2129
4000 6469
4000 9387
4001 8774
4003 707
4003 1205
4003 3040
4005 6936
4007 1250
4007 2250
4010 8200
4011 1473
4011 7269
4011 7358
4013 504
4013 6904
4013 7536
4014 3567
4014 5203
4015 1740
4015 3611
4015 8855
4016 6220
4016 6773
4017 7668
4018 484
4018 887
4020 3899
4022 1801
4024 2018
4026 6271
4027 1983
4028 8964
4028 9242
4029 1527
4030 5163
4030 7102
4031 1286
4036 7666
4037 2913
4037 6336
4037 9005
4038 4815
4040 1138
4043 3223
4044 9555
4045 2527
4045 6897
4045 8040
4045 8348
4046 5399
4047 3424
4050 5917
4053 2623
4054 6580
4054 8898
4055 1450
4056 1391
4056 6166
4056 6897
4059 9985
4060 3366
4060 8001
4061 6202
4061 8569
4062 795
4062 5995
4062 8954
4065 1180
4065 3448
4065 4718
4065 7949
4065 8437
4065 9289
4068 1695
4068 3636
4068 3966
4070 1631
4070 6500
4070 8736
4070 9393
4071 1673
4071 9072
4073 2363
4074 3176
4074 3434
4075 4586
4080 5596
4080 5847
4082 6167
4089 2662
4089 6389
4089 9914
4090 2091
4090 8710
4090 9016
4091 2409
4091 3513
4092 8287
4092 9312
4093 1863
4099 6743
4100 5544
4101 887
4102 7515
4102 8418
4103 5290
4104 3164
4106 5588
4107 4716
4107 9742
4108 1203
4108 1360
4108 1842
4109 2908
4111 3428
4114 9967
4117 5834
4118 4631
4118 9356
4121 2837
4121 8685
4122 6950
4122 8053
4123 543
4123 2131
4124 5653
4125 0
4125 4685
4130 2354
4130 2704
4131 3775
4133 755
4133 3234
4133 7560
4135 5519
4137 101
4138 300
4138 9689
4145 5808
4146 2340
4146 5503
4146 5690
4147 9348
4148 7029
4150 1377
4150 3050
4150 4300
4151 364
4151 6172
4152 1986
4152 3223
4153 10
4154 8085
4154 9349
4155 7207
4156 6889
4157 5857
4159 1480
4159 9059
4160 639
4161 5981
4163 7995
4164 6031
4166 979
4167 2032
4167 6534
4169 6548
4172 352
4173 6116
4174 7827
4175 3041
4175 9191
4176 4533
4177 7129
4178 8357
4179 5107
4179 5877
4181 6856
4181 9160
4182 6783
4183 3487
4183 5591
4184 7893
4185 7452
4186 4588
4189 3950
4192 5260
4193 1422
4196 8590
4197 1709
4197 2370
4197 4508
4197 9176
4197 9293
4199 3278
4200 1872
4201 4837
4201 7541
4201 8584
4202 2506
4202 6086
4202 6571
4204 1434
4204 3661
4204 6694
4204 9206
4205 1327
4206 2691
4208 2094
4210 3108
4210 6888
4211 8576
4212 2596
4212 3525
4212 7564
4212 8348
4213 1298
4213 4079
4214 1645
4214 2933
4214 5004
4214 9201
4218 4046
4218 6835
4218 7057
4221 3428
4223 7195
4224 5060
4225 6403
4227 5741
4227 7443
4228 3252
4228 8374
4229 3442
4229 4815
4229 8464
4230 1408
4231 7823
4232 1429
4233 5547
4236 1836
4236 7364
4237 3833
4238 4470
4238 6751
4239 7074
4239 9687
4241 1144
4241 4844
4242 5858
4244 34
4245 5261
4246 5722
4247 2028
4248 4671
4248 6025
4250 4298
4251 6550
4252 9750
4253 3886
4253 4393
4254 9769
4256 5423
4259 738
4261 5088
4261 5742
4262 1942
4263 3432
4263 6690
4263 6923
4265 9069
4266 294
4266 5728
4266 7902
4267 717
4267 2681
4268 5918
4269 272
4269 623
4269 1430
4272 3729
4273 1688
4273 4187
4273 8072
4274 9232
4275 941
4275 2010
4275 8856
4277 66
4277 3087
4277 3362
4277 8529
4278 2935
4279 261
4279 1309
4279 4473
4279 5024
4280 4199
4280 6910
4281 3530
4281 8207
4282 3475
4284 3367
4285 8847
4286 8370
4288 7635
4288 8149
4288 8831
4291 4785
4291 7499
4291 8529
4291 9954
4293 6688
4294 7038
4294 7514
4295 8329
4296 2834
4299 4088
4299 5833
4299 9745
4300 2220
4301 7472
4302 8398
4307 3365
4307 7468
4308 5691
4310 72
4310 462
4310 2162
4310 5387
4312 686
4312 2249
4312 3133
4312 8503
4313 1655
4313 1836
4313 9297
4315 4084
4315 6115
4317 112
4317 1280
4317 4546
4317 9790
4318 1840
4318 3456
4318 6660
4318 9355
4319 884
4322 7110
4323 6790
4324 480
4324 3664
4324 9681
4325 7796
4327 31
4327 3586
4328 2700
4331 655
4333 1247
4334 1971
4335 2000
4335 4909
4337 6897
4338 897
4338 9670
4341 4486
4342 6436
4342 9401
4344 2605
4344 3517
4345 7513
4347 3760
4347 5875
4348 5151
4351 5817
4352 8386
4353 3725
4355 304
4357 3449
4358 4473
4358 8035
4359 722
4360 4192
4360 8236
4361 289
4361 5412
4362 1486
4362 9564
4363 6107
4365 3218
4366 1899
4367 272
4368 2082
4370 2415
4371 3985
4373 4567
4375 7767
4376 8756
4376 9882
4379 6952
4381 4075
4383 8215
4385 5943
4386 7404
4392 8133
4393 1892
4393 2033
4396 1589
4396 9873
4398 990
4398 2470
4399 2396
4400 430
4400 7465
4401 9899
4402 1162
4404 136
4406 1462
4407 4255
4407 6573
4409 210
4409 5171
4411 8577
4416 410
4418 4274
4420 9244
4421 130
4422 908
4422 9446
4423 934
4423 6510
4428 8301
4429 4186
4430 8070
4431 5294
4431 6703
4432 974
4432 7478
4434 2758
4435 5429
4436 7416
4438 3597
4439 9985
4440 663
4441 659
4441 809
4444 5601
4445 3284
4446 8570
4449 8
4449 4656
4450 8784
4453 1354
4453 6926
4453 8708
4454 2085
4454 8152
4456 4974
4456 5154
4456 9651
4458 4961
4458 5753
4459 9253
4461 2941
4461 3693
4461 5946
4463 7478
4465 2111
4465 7636
4469 2139
4469 8580
4471 133
4471 9258
4472 2654
4473 1284
4473 3846
4473 4841
4475 4064
4475 7316
4476 6857
4477 1186
4477 7644
4479 2606
4481 4167
4482 383
4482 8228
4483 362
4485 1138
4486 4808
4486 8075
4487 7418
4487 9437
4488 4563
4488 8069
4489 9640
4491 314
4491 7270
4492 6718
4496 3460
4496 3923
4496 6636
4496 7265
4497 1031
4497 6044
4497 8878
4497 9016
4499 3582
4501 4762
4501 6417
4502 4567
4503 7189
4505 2113
4506 825
4506 7334
4507 3927
4508 3511
4508 9173
4510 8969
4511 7740
4512 7230
4513 7175
4513 9646
4515 5982
4516 3861
4516 7784
4516 8355
4517 3469
4518 5317
4518 6031
4519 7317
4519 9327
4519 9642
4521 1340
4522 1649
4522 9129
4523 8127
4526 871
4527 320
4529 9205
4530 3402
4531 2444
4532 1574
4533 8196
4533 8465
4534 2862
4534 3826
4534 5128
4534 5490
4536 9001
4537 374
4538 2514
4538 5079
4539 5230
4542 6274
4543 4604
4543 7307
4544 3288
4544 8285
4546 9666
4547 349
4548 3406
4548 7700
4549 2851
4549 5785
4549 7486
4550 6788
4551 8041
4553 644
4555 1348
4558 5737
4560 5014
4561 1677
4562 3455
4562 8030
4563 2572
4563 3432
4563 8013
4564 1327
4564 2540
4564 5558
4566 5183
4567 4204
4567 4524
4568 9236
4572 1272
4573 4135
4573 6988
4574 1252
4574 6115
4577 3
4577 4750
4577 6016
4578 2439
4580 6669
4581 4289
4581 7940
4582 1691
4582 5205
4583 5984
4583 9510
4584 3710
4585 1333
4585 7688
4585 9601
4586 1861
4586 8285
4589 7206
4590 3995
4590 9079
4591 2916
4592 6686
4592 9384
4594 1019
4595 6079
4596 4999
4596 7730
4596 9132
4600 1375
4603 309
4604 4582
4605 8448
4606 7937
4608 967
4608 3616
4613 2607
4615 1276
4617 6886
4619 2354
4620 1501
4620 4571
4620 7643
4620 8020
4621 2696
4621 9978
4622 996
4623 7194
4625 3603
4626 9931
4627 9831
4628 212
4628 379
4633 742
4633 5520
4634 406
4634 8178
4635 4171
4636 3894
4637 6294
4639 8168
4640 451
4640 9357
4641 2213
4642 3916
4644 7072
4650 4572
4651 1971
4651 3791
4651 4042
4652 3814
4653 6304
4654 5994
4654 6034
4654 6528
4655 3403
4655 5071
4655 7708
4656 9109
4657 328
4658 1598
4658 9288
4659 7517
4659 7610
4663 5198
4663 6066
4665 2658
4666 6395
4666 7166
4667 3165
4667 5919
4670 1983
4670 4089
4670 6273
4671 3172
4673 2907
4673 4655
4674 5614
4675 3094
4675 5344
4676 2373
4676 9949
4677 6245
4679 4062
4679 7861
4680 1471
4681 8148
4681 8599
4681 8892
4683 8054
4684 8737
4684 9450
4685 3186
4685 3284
4685 5727
4689 2177
4689 7788
4690 8800
4693 7827
4694 3793
4694 6904
4695 2938
4695 7403
4696 6345
4698 2357
4699 5696
4699 6600
4700 5036
4700 6911
4701 2892
4704 1550
4704 3922
4705 4713
4705 6025
4706 660
4706 8934
4707 2225
4707 5230
4707 9014
4710 2277
4710 4480
4712 2740
4712 7249
4713 7569
4716 3289
4716 7514
4718 4687
4721 3784
4721 5862
4721 8804
4723 52
4724 4752
4724 5235
4727 7477
4729 5711
4731 4089
4731 6620
4731 8252
4731 9046
4731 9667
4732 7452
4732 8166
4733 8190
4735 6235
4736 5935
4736 6786
4737 7231
4738 1127
4738 3639
4738 5709
4740 5945
4742 2610
4745 2720
4745 8640
4746 2149
4746 2766
4747 455
4749 444
4749 5635
4749 6881
4750 1686
4750 3595
4752 5761
4752 7228
4752 8590
4753 4133
4754 4173
4755 1658
4757 912
4759 5973
4759 6479
4761 2592
4762 2246
4762 4892
4762 5207
4763 948
4763 2420
4764 5734
4767 1477
4769 8979
4770 3323
4773 3021
4773 9441
4775 9511
4776 2042
4776 2088
4776 5642
4776 7705
4777 9576
4778 943
4779 1287
4779 3462
4781 5483
4781 7681
4782 7701
4782 8348
4783 3642
4783 4980
4785 50
4785 1540
4785 4189
4785 6742
4787 4170
4790 817
4791 6785
4792 1543
4792 6055
4793 102
4794 3683
4794 6906
4794 7529
4796 6045
4797 509
4800 4110
4800 8721
4803 2806
4803 4597
4803 9282
4804 6322
4808 2028
4808 4144
4808 5630
4810 1911
4810 8122
4811 856
4811 5626
4815 4404
4815 7878
4816 2783
4816 9632
4817 6442
4819 1410
4819 7586
4821 1566
4822 3621
4823 1418
4823 6243
4824 4344
4824 7266
4824 7621
4826 1060
4826 4223
4826 4249
4827 1847
4827 3184
4827 3733
4828 650
4828 1230
4828 2020
4828 8735
4830 7874
4831 1779
4831 5354
4832 4
4832 1372
4832 6670
4834 4897
4835 3754
4837 4132
4837 7350
4840 534
4841 1839
4844 3023
4845 5904
4846 427
4846 6039
4848 6114
4849 4132
4849 5488
4849 7061
4850 116
4850 1899
4851 1259
4853 6119
4854 5579
4854 7845
4855 9113
4857 3796
4858 1433
4860 3286
4861 3965
4862 836
4864 9304
4866 9592
4866 9853
4867 5312
4868 3091
4868 6619
4869 2214
4869 8499
4869 9379
4870 4102
4871 7454
4872 5282
4872 6938
4872 7893
4873 7998
4874 5965
4876 2413
4880 5830
4882 3904
4883 3009
4884 496
4884 743
4885 2501
4885 3715
4886 1691
4886 6418
4886 9867
4887 8291
4888 3256
4889 6733
4890 2259
4890 2285
4891 2911
4892 8451
4893 7964
4894 1365
4895 2411
4896 9194
4897 9434
4897 9693
4901 7328
4901 9946
4903 2896
4904 2537
4905 1618
4908 2864
4910 6069
4910 9980
4911 4748
4915 3628
4915 5734
4916 9036
4917 4617
4918 7910
4918 8664
4920 8742
4922 6217
4924 3504
4924 6654
4928 3567
4928 4838
4928 6620
4930 2587
4930 3148
4930 9599
4932 6589
4933 9678
4934 9983
4936 4648
4937 6846
4937 7831
4937 8156
4940 3831
4942 1866
4942 8435
4943 2256
4943 3409
4944 6461
4944 8105
4945 5010
4946 2583
4947 1459
4948 7678
4951 4467
4954 1828
4954 4554
4955 2848
4955 6403
4955 6623
4955 9122
4958 749
4958 2650
4960 7057
4961 158
4961 5389
4961 5622
4964 8722
4967 7245
4969 1546
4972 3191
4972 3429
4972 5291
4972 6585
4973 888
4973 2007
4973 6294
4976 4088
4976 5439
4977 940
4977 6715
4978 19
4982 5238
4982 5824
4983 1863
4983 7443
4984 2477
4987 690
4987 5542
4988 179
4988 2638
4989 3982
4990 3034
4992 1414
4997 5941
4998 8783
5000 4251
5000 6076
5002 1314
5003 7278
5004 3129
5004 4534
5004 7258
5005 5665
5005 6771
5005 8726
5006 8086
5007 7100
5008 5923
5008 8965
5009 6048
5010 61
5012 3249
5012 5033
5013 3121
5014 3551
5017 9644
5019 346
5019 3558
5020 1870
5021 6655
5021 6837
5022 7137
5022 7648
5024 4242
5025 6406
5026 9742
5027 3113
5027 7111
5029 4763
5030 6552
5032 607
5032 845
5032 2120
5036 6664
5036 9255
5038 4299
5043 454
5043 2942
5043 6787
5044 221
5044 1379
5047 1198
5047 9852
5048 253
5048 6786
5050 6768
5051 1095
5051 2757
5052 2044
5053 1136
5054 2745
5054 4621
5055 4818
5056 8173
5056 8470
5057 5029
5059 5346
5059 6705
5061 1815
5064 6300
5064 7967
5065 4379
5066 222
5067 5784
5068 2378
5068 3924
5068 9080
5069 865
5069 4370
5069 9709
5070 6297
5071 1228
5072 4978
5073 2104
5074 9705
5076 1078
5078 800
5078 8467
5080 5980
5082 863
5084 1518
5084 1737
5084 7661
5085 1590
5085 4356
5088 636
5088 1128
5089 9372
5090 1594
5090 8748
5092 274
5092 7228
5092 7326
5094 1994
5095 3531
5095 8927
5096 238
5096 4361
5097 1862
5098 5159
5098 8394
5099 1498
5100 1005
5100 3260
5100 7251
5102 191
5102 8024
5103 9815
5104 3914
5106 7871
5107 1201
5108 2221
5110 2144
5110 8983
5110 9642
5112 8692
5112 9995
5114 7377
5114 8737
5114 9409
5116 6155
5117 1347
5117 7399
5119 3286
5119 9476
5121 6786
5122 3546
5122 6676
5122 9331
5124 9979
5125 2097
5125 3083
5126 4508
5128 1408
5128 1993
5128 3387
5129 50
5129 468
5130 2859
5131 8699
5132 4393
5132 4437
5133 3897
5136 6530
5136 7875
5137 3430
5138 9487
5140 3519
5142 4484
5146 3098
5149 7490
5150 1215
5150 2657
5150 8438
5151 3546
5151 8003
5151 9561
5153 2183
5154 430
5154 3495
5155 2676
5155 4466
5156 4058
5156 9421
5157 2986
5158 3923
5159 7214
5162 9092
5165 914
5165 5917
5166 8610
5167 6692
5167 7897
5169 1714
5169 4567
5170 1462
5170 1702
5172 8478
5172 8524
5173 8663
5174 5209
5175 1512
5176 1540
5176 4837
5176 7714
5177 2447
5178 3157
5183 3795
5183 9422
5183 9798
5185 6099
5185 8679
5185 9697
5186 3902
5187 7034
5190 59
5193 7151
5194 221
5194 7751
5196 56
5196 3289
5198 5055
5200 1051
5200 1306
5200 1667
5201 3523
5202 5609
5202 6851
5203 2060
5203 7675
5205 716
5205 2469
5205 4059
5206 7841
5207 1067
5209 1588
5210 101
5211 2
5211 2290
5213 6529
5216 879
5216 3822
5218 6763
5221 3228
5225 3388
5225 5261
5227 325
5228 1697
5229 942
5231 8815
5232 5574
5233 9188
5234 5244
5239 5386
5239 8133
5242 1652
5242 6983
5242 9210
5244 3315
5245 3504
5247 6734
5247 7192
5247 8829
5248 3672
5248 7791
5251 1772
5254 6929
5258 5140
5261 2072
5263 3857
5265 6617
5266 9709
5267 1644
5267 2279
5268 8202
5270 6072
5271 9516
5273 3181
5273 8562
5274 4787
5275 8858
5276 6906
5276 7369
5277 1886
5277 3936
5279 4280
5280 3808
5280 4795
5282 4401
5283 5134
5284 1644
5284 2892
5284 3333
5284 4448
5285 5010
5285 9058
5287 4131
5288 139
5289 2090
5290 386
5291 257
5291 2339
5292 8468
5292 8952
5293 5474
5293 7903
5295 858
5295 9074
5296 5497
5299 3320
5300 2713
5300 9141
5302 6506
5302 8382
5303 7738
5304 3996
5305 7464
5308 1763
5308 4162
5308 9344
5309 2876
5310 6287
5312 8482
5313 577
5314 4673
5314 7171
5314 9739
5317 3975
5318 4415
5319 596
5319 9601
5320 6022
5321 6310
5322 1074
5322 6134
5324 1762
5324 7397
5324 9574
5325 4598
5325 8274
5325 8437
5327 5702
5328 2578
5328 5403
5328 9638
5329 4352
5329 5708
5332 63
5332 6114
5334 3299
5334 9561
5335 4852
5336 5863
5336 7152
5337 5676
5337 7782
5338 9637
5339 4535
5339 7641
5341 7710
5344 9645
5346 1034
5346 7040
5346 7732
5347 9203
5348 896
5349 9378
5349 9516
5350 3121
5352 4630
5353 3286
5354 4712
5355 7395
5360 1125
5361 6388
5362 5795
5363 7387
5364 264
5366 1818
5369 5398
5370 3319
5370 5628
5373 3147
5373 4146
5374 1242
5374 5765
5375 1581
5376 9576
5378 3018
5380 2551
5381 4122
5381 5975
5381 8871
5386 1389
5386 3275
5386 7729
5387 1037
5389 4952
5390 2169
5390 3449
5391 4083
5393 928
5393 2802
5393 2847
5393 4730
5394 7011
5395 9634
5396 3162
5397 9454
5398 1013
5400 5376
5400 8418
5402 1244
5404 3190
5404 7546
5405 5877
5408 7877
5410 1208
5410 6405
5413 2680
5416 8055
5417 2596
5419 483
5422 9555
5423 4471
5427 1304
5427 3444
5427 5265
5429 4627
5430 373
5431 8774
5432 1936
5432 8571
5432 9339
5433 174
5435 5403
5436 9876
5439 5381
5440 5243
5440 6070
5441 1503
5442 522
5451 1933
5452 4012
5453 5570
5454 2880
5455 7396
5456 3103
5456 8685
5457 9804
5458 2687
5460 5325
5461 8538
5462 1954
5464 939
5464 4241
5465 3873
5465 5716
5465 8694
5466 3561
5467 782
5467 790
5468 609
5468 3605
5474 2620
5474 3565
5475 2455
5475 7154
5476 575
5477 1253
5478 3938
5479 2140
5482 9224
5482 9968
5485 7202
5486 7404
5487 368
5488 7660
5489 697
5490 4212
5491 910
5491 4879
5492 2694
5492 3520
5493 3735
5493 4303
5493 6107
5493 8438
5496 8640
5498 5982
5498 6078
5498 6567
5498 7459
5501 3856
5501 4320
5503 2722
5503 4811
5504 4538
5505 2654
5505 3318
5505 5216
5506 1904
5506 2512
5508 3530
5509 4782
5510 8322
5511 4623
5511 7912
5512 769
5514 130
5518 7055
5519 3816
5520 4247
5520 8953
5523 2368
5523 6279
5524 802
5525 339
5525 8676
5525 9945
5526 95
5528 409
5528 3384
5528 7470
5530 7985
5531 1110
5533 2493
5533 2993
5533 7443
5534 6136
5537 7362
5542 583
5542 5049
5543 1798
5543 8696
5547 3450
5547 9840
5549 229
5549 4603
5550 7178
5551 2687
5553 6197
5554 8077
5554 8855
5555 7993
5557 9297
5558 3428
5559 6435
5569 3591
5572 4177
5572 6730
5573 2150
5573 2514
5573 3217
5574 6296
5574 7675
5575 5580
5577 6885
5578 1726
5578 6260
5578 8623
5582 173
5585 8862
5589 6401
5589 9885
5590 1258
5591 4190
5591 7748
5594 3810
5594 3916
5594 5213
5595 2852
5595 6765
5595 7179
5596 2428
5596 9300
5597 5311
5599 54
5599 9925
5600 4167
5600 9338
5600 9360
5601 2467
5602 3954
5602 5039
5602 5443
5604 9061
5607 2606
5607 7374
5609 591
5609 9627
5610 4795
5610 7823
5611 951
5611 3804
5612 801
5612 3190
5613 1270
5613 9874
5614 4315
5619 2189
5619 8205
5620 3538
5622 1377
5623 5448
5624 732
5624 7937
5624 8237
5624 9025
5627 571
5628 5441
5630 4827
5632 3526
5632 3818
5632 7255
5632 7486
5636 5585
5637 1156
5643 4097
5644 884
5645 740
5645 2902
5645 6187
5646 673
5646 9049
5647 7310
5648 7399
5648 8633
5650 5966
5653 8248
5655 5393
5657 5089
5657 9927
5659 1131
5660 1060
5660 2425
5660 7320
5660 7347
5661 7678
5661 9610
5662 529
5663 4718
5666 2329
5666 3218
5667 7565
5667 9702
5669 9708
5670 7900
5672 2372
5673 5518
5675 5859
5676 4009
5678 6431
5681 9596
5682 50
5684 4621
5685 7574
5686 7027
5687 9037
5688 614
5689 3278
5690 4551
5690 6768
5691 2136
5691 8039
5696 4836
5696 5526
5696 7901
5697 5211
5697 6525
5698 8201
5699 7409
5701 3279
5707 4066
5707 5495
5708 9245
5710 2261
5711 1797
5713 1665
5714 2470
5714 6428
5715 2363
5715 7571
5715 7729
5716 3254
5717 2291
5717 6257
5718 5990
5718 9831
5719 3269
5719 7280
5720 1439
5726 1609
5727 6079
5728 6258
5729 656
5729 7332
5729 7587
5732 6745
5734 342
5735 6737
5737 5073
5738 7583
5739 6271
5741 3864
5741 6099
5741 6146
5743 2737
5743 4199
5743 5416
5744 1875
5745 2342
5745 3368
5746 4211
5746 7611
5748 4148
5750 7676
5751 2807
5751 8643
5753 2697
5753 3026
5753 4475
5753 5576
5754 4936
5755 4575
5755 9075
5756 8001
5757 3565
5757 7221
5759 1839
5759 3641
5761 6642
5762 4467
5765 2346
5766 1773
5766 9951
5770 9751
5772 7701
5773 1627
5773 3850
5773 4878
5773 9786
5774 7031
5777 215
5777 8971
5778 5678
5780 3672
5781 8738
5783 581
5787 4209
5788 1996
5788 6501
5790 3512
5790 5856
5791 7051
5793 8757
5793 9933
5794 2988
5795 5472
5795 9901
5796 6487
5796 7343
5797 4288
5797 9434
5798 2422
5798 8038
5799 2547
5801 9505
5802 7317
5803 4944
5806 666
5808 4834
5808 5038
5808 8511
5808 9150
5809 4565
5810 5993
5810 7501
5814 9501
5822 6740
5823 3949
5823 5360
5825 5374
5827 396
5829 1343
5829 8611
5833 3754
5835 2762
5835 2996
5835 8783
5837 4091
5838 1608
5838 3714
5838 9928
5840 7959
5841 2565
5843 8324
5844 2633
5844 8491
5845 9607
5846 8311
5847 3909
5849 337
5849 4903
5850 1467
5851 3075
5852 7286
5853 6090
5854 1679
5858 2156
5858 4325
5859 9049
5860 1444
5860 8060
5860 9612
5862 3140
5863 2715
5863 6928
5865 2492
5865 3167
5866 2258
5867 6420
5867 8597
5868 8847
5870 1931
5870 4414
5870 5736
5871 1077
5872 5402
5873 9025
5873 9460
5873 9514
5874 1369
5874 2530
5874 3280
5874 7333
5875 4159
5877 4845
5878 9486
5879 1090
5880 610
5880 2509
5881 8586
5883 3894
5883 5326
5883 9122
5883 9843
5884 1157
5884 4083
5885 884
5886 4411
5887 8503
5888 1307
5888 3301
5889 3425
5889 4826
5891 6094
5892 9840
5893 3038
5894 182
5894 9650
5895 209
5895 369
5895 8055
5896 3107
5896 8271
5897 601
5898 2100
5899 2319
5899 6286
5903 7444
5903 7868
5904 9980
5906 3260
5907 2570
5907 3655
5908 1992
5908 2501
5909 1965
5909 4628
5909 6654
5909 7178
5911 2810
5911 3176
5911 4174
5911 6890
5912 5707
5913 4910
5913 6391
5914 1944
5915 4777
5916 2371
5917 4313
5917 8074
5918 1530
5918 5619
5922 4610
5923 4480
5924 5697
5926 326
5926 3447
5927 5072
5927 9744
5929 1494
5929 2377
5929 3302
5929 6696
5930 5534
5931 1189
5931 5415
5931 7513
5933 4824
5936 4160
5936 4890
5937 8218
5938 9997
5939 3530
5940 4763
5941 2395
5942 117
5943 9081
5946 6652
5947 8901
5948 1981
5950 2369
5953 3151
5957 3900
5957 5030
5957 5876
5958 2852
5958 9825
5959 299
5959 1814
5959 2599
5962 6112
5963 2910
5963 8833
5963 9247
5964 8382
5964 9545
5965 35
5965 1098
5967 767
5967 1371
5967 4227
5968 6759
5969 1142
5976 4745
5976 7010
5977 7051
5979 7714
5981 3632
5983 3673
5983 4598
5983 6937
5984 9860
5985 2664
5985 9286
5988 5061
5991 3866
5991 8171
5992 1536
5993 3237
5994 2488
5994 4078
5995 2118
5995 2205
5998 483
5998 1719
5999 5162
5999 7072
5999 7767
5999 7953
6003 3484
6004 4881
6004 5813
6009 5121
6009 5216
6010 7019
6011 1679
6011 3083
6013 9461
6017 4303
6020 2342
6022 3157
6022 5113
6022 6692
6022 8229
6025 4307
6026 308
6026 2438
6026 9554
6027 5858
6028 1755
6033 5196
6038 4346
6041 2111
6042 7056
6042 8290
6043 4082
6045 3204
6046 527
6048 4223
6050 1641
6052 1785
6052 3286
6053 8841
6054 7613
6054 8744
6056 861
6057 4044
6058 2129
6058 4309
6059 8875
6060 1419
6060 8191
6061 1315
6062 8127
6062 8805
6063 9
6063 2706
6065 1637
6065 1729
6065 5118
6065 7017
6066 4139
6066 7102
6066 7684
6068 2378
6068 8500
6069 9555
6070 4896
6070 8412
6071 766
6073 1317
6073 4975
6074 4683
6074 8376
6076 7326
6076 8838
6078 2681
6078 9802
6079 4821
6079 7415
6082 7600
6084 7250
6084 7621
6084 9120
6085 2095
6086 249
6086 6287
6086 6742
6087 7586
6088 4830
6088 9326
6089 8290
6089 9843
6090 6640
6091 1279
6091 3006
6092 7345
6093 137
6093 2146
6093 2259
6095 1214
6096 5528
6097 2678
6097 9066
6098 2300
6099 5006
6099 7546
6101 1224
6101 6758
6102 2609
6102 7106
6102 8975
6103 1643
6103 3437
6104 7782
6105 4309
6108 6481
6111 3078
6113 1015
6115 5848
6116 999
6116 6340
6116 9745
6118 1747
6118 3546
6120 4031
6121 3239
6121 6164
6122 1174
6122 7040
6122 7496
6123 6295
6124 2600
6126 5604
6127 1738
6128 3503
6128 5452
6129 4475
6129 4484
6129 4826
6130 2354
6130 3036
6131 2577
6132 3225
6134 971
6135 5941
6136 4653
6136 7937
6138 5229
6139 436
6139 7937
6140 1828
6140 7301
6140 8164
6140 9294
6141 7080
6142 5431
6144 5836
6145 831
6146 1435
6147 5112
6147 7307
6148 3386
6148 5198
6149 2690
6149 5598
6149 7257
6152 510
6153 5581
6154 5443
6154 9525
6155 1858
6156 6671
6158 3983
6160 4005
6161 7494
6164 1653
6166 1505
6168 9262
6169 1496
6169 8918
6170 8084
6172 2997
6172 3327
6172 4699
6174 1630
6174 4615
6176 2225
6178 3207
6180 3568
6180 4158
6182 8118
6184 254
6185 7933
6185 9458
6187 528
6187 2262
6187 5378
6188 1190
6188 9735
6188 9878
6189 2021
6189 5157
6189 8600
6189 9760
6191 7446
6193 1185
6193 3747
6195 7283
6195 7361
6196 4139
6197 1964
6198 4096
6198 6619
6200 1416
6200 8417
6202 2216
6202 8876
6204 4069
6204 5514
6205 1363
6205 8194
6208 6709
6211 3675
6214 7085
6215 1410
6216 483
6217 423
6219 6729
6219 9952
6220 1242
6220 1551
6220 3398
6220 3505
6221 5004
6224 1237
6226 5205
6227 5342
6229 1858
6229 3038
6229 5224
6230 347
6230 4559
6231 7831
6233 1099
6236 5353
6237 3663
6239 1244
6239 9302
6242 3439
6243 2594
6244 3899
6244 9022
6247 1470
6248 3477
6249 3904
6249 4578
6250 1314
6252 3283
6253 470
6254 3437
6254 5717
6254 7584
6256 4394
6256 9371
6257 7085
6258 8542
6259 1025
6259 4698
6259 5377
6260 5209
6260 9312
6261 4992
6262 5225
6263 1985
6263 5553
6263 7036
6264 8671
6265 2473
6265 5553
6265 9808
6266 1935
6267 3186
6267 7739
6268 8606
6271 7930
6272 3786
6272 5673
6273 4515
6273 5049
6274 563
6274 2292
6275 5780
6276 7489
6278 6635
6280 9434
6281 4338
6281 8774
6281 8820
6282 2424
6282 4078
6283 4395
6283 5382
6284 3869
6287 1127
6287 5707
6287 8110
6288 286
6289 7186
6289 8622
6291 1761
6291 4534
6293 2156
6294 9203
6295 3951
6298 5403
6298 5708
6298 6067
6298 8376
6299 4503
6301 3780
6303 724
6303 1203
6303 4354
6303 5728
6304 1641
6304 3211
6309 8300
6310 9091
6311 4042
6312 553
6313 870
6315 8582
6315 9601
6316 465
6316 1435
6316 7333
6318 4276
6320 1297
6321 7338
6322 1997
6322 3542
6322 5650
6323 119
6323 6746
6324 3418
6326 1512
6326 5745
6326 7136
6328 6496
6329 1585
6329 6754
6330 4482
6331 492
6331 758
6331 7988
6332 4782
6332 8827
6334 8091
6336 5912
6336 6020
6339 2871
6340 3842
6340 7131
6341 947
6341 2877
6341 9783
6345 6299
6346 4168
6346 7295
6347 528
6348 8460
6349 4399
6350 5201
6350 6460
6351 4009
6352 783
6353 1255
6353 1629
6355 7070
6356 6168
6356 7002
6356 7410
6357 3748
6357 7613
6361 985
6362 1836
6362 5787
6363 2199
6363 7946
6365 752
6365 6204
6366 5945
6366 6873
6367 3070
6368 1210
6369 2750
6369 6502
6370 9315
6371 858
6373 8849
6374 210
6374 3257
6375 6440
6377 3004
6378 5129
6379 958
6379 2696
6379 3798
6381 640
6381 2236
6382 5048
6385 5148
6387 4004
6387 6570
6387 8008
6388 2699
6388 4185
6388 4212
6389 2711
6390 8026
6392 242
6392 650
6392 1066
6392 1168
6393 6650
6394 9871
6396 8457
6396 9059
6398 7307
6399 5232
6400 7485
6401 7532
6402 5723
6404 9521
6405 1684
6405 2304
6405 8697
6406 6254
6408 5376
6409 9061
6411 6792
6412 6167
6412 8413
6414 287
6414 2954
6415 8235
6417 3740
6417 9091
6418 7171
6419 8985
6421 9656
6422 9146
6423 1897
6423 5966
6424 4132
6424 8553
6426 7227
6430 2017
6431 2984
6432 3895
6434 3853
6435 1679
6435 9412
6436 2459
6436 8063
6437 5981
6437 8713
6439 5800
6441 2142
6441 3789
6442 1693
6442 5841
6442 5856
6442 7005
6445 9797
6447 4125
6448 3584
6449 6801
6449 9244
6450 2574
6451 2259
6451 4277
6452 6908
6453 9761
6454 194
6454 1432
6456 6269
6458 4108
6458 7640
6462 3206
6462 8036
6464 5171
6465 1730
6465 2410
6465 7657
6466 5682
6467 4751
6468 3892
6469 4810
6475 4153
6476 46
6476 4845
6483 4925
6483 6352
6484 3880
6484 4239
6484 6236
6486 649
6487 2703
6487 4109
6487 9000
6489 3656
6490 990
6492 6303
6492 9576
6497 985
6499 4113
6502 314
6503 264
6505 7514
6506 4093
6506 5626
6506 6905
6507 8489
6509 8648
6510 3864
6512 5784
6513 1767
6513 4304
6514 5065
6516 5333
6517 2642
6520 3546
6521 8506
6522 8076
6522 8661
6523 71
6523 5029
6525 1473
6525 5533
6525 6288
6526 1076
6526 6458
6527 766
6527 4730
6528 7708
6529 8284
6529 9389
6530 3415
6530 4184
6530 8101
6532 2364
6532 7212
6533 8268
6535 53
6535 4524
6535 9919
6538 4055
6538 6182
6538 6553
6540 4642
6540 8538
6541 1611
6542 4384
6542 4985
6543 1166
6544 887
6544 9896
6545 5008
6546 4590
6546 7598
6549 3354
6549 3557
6551 2255
6551 6358
6552 8863
6553 8018
6553 8869
6555 3646
6556 5281
6556 8230
6557 2434
6557 4182
6558 254
6559 1478
6560 9897
6562 1863
6562 2340
6562 5020
6563 4667
6564 1289
6566 293
6567 819
6567 9576
6568 1807
6568 7199
6569 1687
6571 7936
6571 8300
6572 9948
6573 3263
6573 4669
6574 2475
6575 7048
6575 7349
6575 7729
6577 3226
6578 6021
6578 8172
6579 8479
6580 8520
6581 4103
6584 9501
6585 718
6588 6433
6588 8857
6591 4559
6593 1159
6595 8635
6598 4845
6598 7660
6599 399
6600 4783
6601 481
6601 6885
6601 9301
6601 9998
6603 1749
6605 6995
6606 9449
6607 3413
6608 2092
6608 5428
6609 2212
6611 4449
6613 9088
6616 2618
6617 5874
6617 9360
6618 2493
6618 3534
6620 945
6620 9922
6621 939
6621 3500
6621 7824
6622 6943
6623 7633
6624 1930
6624 3096
6624 8012
6625 7865
6626 205
6627 5886
6627 7643
6628 2688
6630 5313
6632 167
6632 452
6632 7324
6632 8111
6632 8160
6632 9027
6635 1689
6636 9153
6637 6836
6638 1033
6638 1553
6638 5157
6638 8190
6639 5268
6640 4854
6640 5586
6641 2068
6641 2843
6641 3988
6642 8439
6643 1306
6644 5220
6647 9345
6648 4015
6650 865
6652 1729
6654 2619
6654 8230
6655 779
6655 6095
6655 9930
6657 5951
6657 6742
6659 6742
6661 9
6661 805
6664 5495
6667 9948
6668 5931
6669 2672
6670 7278
6671 1797
6671 7719
6673 451
6674 1256
6675 563
6675 3632
6675 4814
6675 9353
6676 8508
6677 4089
6678 8234
6679 2118
6679 2526
6679 9687
6682 1054
6683 671
6686 2455
6687 5984
6689 7657
6691 1793
6691 7722
6692 915
6692 8700
6693 4058
6694 7774
6696 3029
6696 7443
6697 5545
6697 9865
6698 9361
6699 938
6699 3754
6699 6987
6703 9043
6704 4855
6704 6868
6704 8452
6706 6004
6708 9469
6710 1879
6711 5370
6712 8554
6714 6899
6715 8404
6715 8635
6716 992
6716 4007
6716 6081
6718 8385
6719 864
6719 3557
6719 5052
6720 9099
6721 4772
6722 729
6722 9610
6723 4341
6723 7256
6723 8257
6724 2929
6728 4665
6729 3926
6730 3984
6732 5011
6733 3292
6733 9232
6733 9293
6733 9498
6734 6475
6736 5376
6736 7144
6738 7774
6740 1183
6741 3043
6741 8146
6748 773
6750 719
6750 1187
6750 2090
6750 6752
6752 4643
6752 5508
6755 3751
6755 7721
6755 9713
6757 81
6757 479
6757 1368
6757 9348
6758 1266
6760 5310
6761 1281
6761 3528
6761 4484
6762 6965
6763 4792
6764 3549
6765 6280
6767 2674
6767 3385
6768 9118
6769 194
6769 4147
6771 3488
6772 4452
6774 5379
6775 2360
6776 4515
6778 1471
6780 1179
6780 2488
6781 1192
6782 930
6784 3649
6786 7232
6787 5546
6787 9011
6788 2340
6788 4199
6790 7328
6791 1112
6791 5353
6791 6007
6795 7112
6798 4730
6798 5633
6798 9506
6799 4666
6799 5435
6799 5665
6803 798
6803 7090
6805 4239
6805 9155
6806 1536
6806 6530
6808 9203
6809 2446
6809 4319
6809 4428
6809 8210
6810 249
6810 1915
6810 5256
6810 8565
6814 5005
6814 7439
6816 9143
6818 1710
6818 2998
6818 9670
6819 8041
6823 2301
6823 3803
6824 8323
6825 3155
6826 995
6827 9461
6828 6577
6829 4154
6835 8275
6836 3209
6836 5793
6837 727
6837 1305
6838 5599
6838 8299
6839 143
6840 8815
6842 7282
6845 6998
6850 3290
6851 9347
6852 8064
6853 2541
6854 2742
6855 7318
6856 5292
6857 983
6857 4233
6857 8534
6859 226
6859 1220
6865 128
6871 7535
6872 3107
6873 6769
6874 4754
6875 4446
6876 9898
6877 1751
6877 7662
6878 6369
6879 1381
6879 9672
6880 3437
6881 4842
6882 3474
6882 9389
6883 7865
6886 6109
6886 8573
6887 7963
6889 7729
6890 4938
6890 9982
6892 5211
6893 803
6894 91
6894 1250
6895 4228
6899 1441
6899 2494
6899 4737
6899 7819
6900 1221
6901 3741
6902 823
6903 1103
6903 2050
6906 3628
6908 7451
6909 5121
6911 5713
6911 9951
6913 515
6914 264
6914 3374
6915 6694
6916 1149
6916 5041
6920 1575
6920 1625
6920 5583
6922 2534
6923 263
6923 1053
6926 337
6926 9972
6927 2191
6927 9193
6929 6036
6931 566
6931 6057
6931 8099
6932 742
6933 4188
6933 5984
6933 9854
6934 4402
6936 3974
6936 7055
6939 3257
6939 7872
6940 2591
6942 9007
6942 9432
6945 4454
6945 5709
6950 4592
6951 2767
6951 6251
6952 1000
6952 2411
6952 8217
6954 332
6954 4998
6955 928
6957 154
6957 2280
6957 5088
6957 6320
6958 407
6960 4377
6961 8788
6965 357
6965 6126
6966 4509
6967 8524
6968 9600
6969 2804
6969 7559
6971 7573
6972 7076
6973 7761
6974 379
6974 4095
6976 9627
6978 5795
6980 789
6980 3493
6981 3637
6984 9397
6986 2247
6987 7309
6987 8726
6988 5472
6989 561
6996 4843
6997 1300
6997 8437
6998 4845
6998 7597
6999 5206
7001 4215
7003 8968
7005 4027
7008 9590
7009 3362
7010 2874
7011 6976
7014 6087
7015 351
7015 3931
7016 8624
7017 6325
7017 9030
7020 8744
7021 5741
7021 8099
7021 8351
7022 3902
7023 1796
7024 3900
7024 6738
7024 7377
7027 2298
7027 8700
7030 4240
7031 6118
7032 8782
7039 53
7041 2925
7041 6957
7042 439
7042 3403
7042 6846
7043 6820
7045 1317
7046 4023
7047 8210
7047 8398
7048 6985
7049 6294
7050 3982
7051 7990
7053 3914
7053 4729
7053 6736
7055 1797
7056 1069
7056 7958
7057 1280
7058 4324
7059 1611
7059 2386
7059 7538
7060 8921
7062 46
7062 8417
7064 3150
7064 5349
7064 8068
7069 3537
7070 963
7071 3040
7071 4666
7073 2837
7073 5661
7074 818
7074 4597
7074 5955
7074 7118
7077 6469
7078 4613
7079 5135
7082 9072
7083 8060
7084 4854
7084 7572
7086 2049
7087 6664
7087 7304
7089 8984
7099 6050
7099 6224
7100 1200
7100 2550
7102 8263
7105 185
7105 9723
7106 15
7106 641
7107 1512
7107 2364
7107 2751
7107 3148
7108 1483
7108 6629
7109 7787
7110 6045
7111 2263
7111 4577
7111 9500
7112 1542
7112 3204
7112 4825
7116 170
7116 9064
7119 1099
7120 7975
7121 2088
7123 1521
7126 4713
7127 3032
7130 1789
7130 8146
7132 3398
7132 3745
7133 3108
7135 8397
7136 3652
7138 1253
7138 6634
7139 2552
7141 7136
7148 4225
7149 6120
7150 9665
7152 2442
7154 7180
7155 1144
7155 8932
7157 7735
7158 2138
7162 3434
7162 7141
7163 804
7163 1712
7163 3371
7166 4586
7166 7149
7167 301
7167 2476
7167 2644
7169 2283
7170 463
7170 2517
7170 3635
7170 8625
7170 9274
7172 3646
7172 5147
7172 8646
7176 5929
7177 1297
7177 7648
7177 9368
7180 2189
7180 6204
7180 8836
7183 3326
7184 1548
7186 2051
7187 2224
7187 3377
7187 7777
7188 2023
7189 8376
7189 8804
7191 9234
7193 2374
7193 4825
7195 6652
7199 1502
7200 4136
7203 842
7203 5889
7204 4644
7205 2719
7207 5975
7210 6318
7211 6730
7211 7104
7212 4539
7212 8087
7213 3987
7213 6328
7213 7859
7214 9583
7216 4834
7216 7389
7216 7717
7217 4651
7218 4227
7219 805
7220 9260
7221 706
7222 101
7224 2543
7224 9299
7225 2662
7225 6228
7226 5471
7228 2290
7228 8269
7229 6657
7229 8822
7229 9333
7229 9590
7230 3835
7230 6853
7231 4967
7232 6670
7233 4396
7234 6787
7234 7431
7236 485
7236 7957
7237 7908
7238 337
7238 6882
7238 7360
7239 968
7239 8606
7242 5872
7243 2843
7245 6376
7247 2050
7247 7231
7248 5204
7249 6452
7250 4903
7251 5372
7251 6938
7252 5467
7252 8651
7255 3379
7256 956
7256 6402
7256 6536
7257 1731
7257 8764
7259 1496
7262 190
7262 2486
7262 8694
7266 7611
7269 1975
7270 4156
7270 8838
7270 9350
7270 9941
7271 669
7272 2264
7273 5363
7274 6076
7277 61
7277 9124
7280 6511
7281 8999
7283 3672
7284 9244
7286 3331
7286 9951
7287 4087
7288 836
7288 2351
7289 6410
7289 7733
7290 1659
7291 2610
7291 9952
7292 5429
7293 8546
7293 9074
7295 7412
7296 1921
7296 9047
7298 4491
7298 7348
7300 3576
7303 6700
7304 505
7304 4213
7305 3685
7306 4364
7306 6911
7308 1320
7309 3687
7310 6651
7311 8276
7311 8344
7312 7915
7313 7706
7313 8968
7313 9112
7314 4805
7317 2984
7317 7448
7318 2138
7319 2025
7319 3450
7319 8997
7320 5756
7321 1093
7321 4995
7324 7437
7325 9858
7326 8240
7328 7137
7329 1332
7330 7467
7330 9097
7332 2595
7337 2887
7337 3666
7337 6065
7338 2011
7339 2922
7339 6093
7339 6909
7341 7036
7342 9222
7343 646
7343 3226
7345 3140
7347 722
7347 1065
7349 4185
7350 3841
7350 7218
7351 2525
7352 3869
7352 8768
7355 1479
7355 2680
7355 3171
7355 9517
7356 5883
7359 1311
7359 8118
7360 4903
7363 1721
7365 5302
7366 5934
7366 8301
7367 1842
7367 3180
7368 192
7368 1033
7368 3382
7368 9755
7369 8441
7370 1790
7371 8990
7372 8125
7373 4970
7373 9827
7375 4909
7375 6741
7377 3224
7378 4241
7379 5783
7380 4268
7380 6502
7381 3127
7381 4432
7381 4957
7382 7456
7385 688
7387 2850
7387 8658
7388 3066
7389 1266
7389 5383
7390 4005
7392 4965
7392 6765
7392 7789
7393 8182
7394 2282
7394 4362
7396 1059
7396 4538
7396 6389
7397 1427
7397 2958
7397 9920
7399 2011
7399 9685
7400 8460
7401 5228
7401 9269
7402 765
7403 1752
7404 7038
7405 5028
7406 1617
7407 5007
7411 1698
7412 5213
7412 5585
7412 6829
7413 6490
7414 2417
7414 5163
7415 2980
7415 5733
7417 5200
7417 7740
7417 8971
7417 9644
7418 0
7418 9114
7420 3530
7424 6189
7424 7398
7425 5821
7425 6964
7426 1063
7426 4768
7427 4301
7428 7527
7429 4055
7430 2052
7434 1266
7434 4151
7435 2254
7435 3207
7435 4409
7435 7610
7436 5234
7436 5244
7436 9528
7437 5935
7438 148
7438 3795
7439 632
7440 6061
7442 3190
7446 299
7446 6070
7446 6655
7447 8546
7448 7610
7450 594
7450 6505
7452 807
7452 7689
7453 2651
7453 2707
7453 2895
7456 7605
7457 3669
7457 5101
7459 1459
7459 4749
7461 1564
7461 9757
7462 3790
7463 3518
7463 4049
7464 929
7465 4460
7466 6396
7468 6649
7469 7149
7470 21
7471 2806
7472 782
7472 9194
7473 1899
7473 5286
7475 2593
7475 5489
7477 903
7478 629
7479 3004
7480 3682
7480 6999
7481 970
7481 1417
7483 3340
7484 9970
7485 2262
7485 2409
7486 2607
7488 9528
7490 4185
7493 9631
7494 7357
7496 5544
7496 9064
7497 5190
7497 8129
7500 2168
7500 2262
7500 7375
7500 9575
7501 1333
7501 3186
7501 5960
7501 7288
7502 9921
7505 2718
7505 9126
7507 7970
7507 8646
7508 4558
7512 5552
7513 7865
7516 445
7516 7934
7516 8913
7517 1919
7520 1717
7520 1735
7521 4126
7523 8567
7524 6793
7525 5890
7526 3064
7526 5008
7529 5661
7529 6325
7529 7044
7530 3324
7532 19
7533 1207
7533 6997
7533 9566
7534 5138
7535 7663
7537 2969
7540 662
7540 6446
7542 9490
7543 5471
7545 5301
7545 7355
7547 1057
7549 1446
7553 6126
7554 936
7555 2498
7556 9534
7558 2755
7558 9251
7559 2
7560 4728
7562 9934
7564 61
7564 8318
7565 3780
7566 5585
7566 7595
7567 2402
7567 5853
7567 6925
7567 7270
7569 1118
7569 5685
7570 2601
7570 3527
7571 3689
7573 6259
7575 6850
7576 1942
7576 3223
7577 4795
7577 9557
7578 2421
7578 6478
7579 8493
7579 8922
7581 8747
7581 9757
7583 1930
7583 4068
7585 6751
7586 2401
7587 3084
7587 4077
7587 4867
7589 3171
7590 941
7591 365
7593 6798
7594 3228
7595 2086
7595 4970
7595 9021
7596 136
7596 3367
7596 5480
7596 6970
7597 6074
7598 2117
7598 8815
7599 1368
7599 5246
7599 7656
7600 3167
7601 2908
7602 317
7602 2516
7602 4574
7602 6626
7604 4195
7605 3293
7606 596
7607 3209
7607 4498
7609 7879
7610 8463
7611 7303
7612 3058
7613 1811
7614 4443
7616 3625
7617 1067
7619 4849
7620 2492
7621 3354
7621 3466
7622 6234
7624 2962
7624 3048
7625 4818
7625 9078
7626 281
7628 1400
7628 9068
7629 9932
7631 6818
7633 2468
7633 7242
7633 9855
7634 1326
7634 3366
7635 509
7635 6037
7636 9718
7637 1047
7637 1882
7637 2072
7639 9220
7639 9602
7640 7025
7644 1079
7644 7067
7647 7673
7647 8205
7648 8310
7650 2172
7653 195
7655 6318
7655 9979
7657 2169
7658 3005
7658 6194
7658 7667
7658 9943
7659 397
7659 7700
7659 8563
7661 3080
7662 7670
7663 1088
7665 624
7665 2981
7666 3568
7666 4380
7667 1829
7667 3176
7668 24
7668 9798
7670 3540
7671 120
7671 1949
7671 8742
7673 6680
7674 6238
7675 557
7675 660
7675 4276
7676 9688
7678 6019
7683 9588
7685 7211
7685 7997
7686 1243
7686 6061
7687 2108
7687 5724
7691 290
7691 4662
7692 5464
7693 8604
7695 106
7696 665
7697 3671
7697 9295
7698 1663
7698 2680
7698 4085
7700 7996
7701 7041
7702 8257
7703 6994
7704 1681
7704 7310
7705 4860
7707 8713
7707 9394
7708 3250
7708 4755
7709 9785
7710 7335
7714 9212
7718 2296
7718 2666
7719 6966
7721 691
7721 7273
7723 149
7723 223
7723 1809
7724 3588
7724 4374
7725 1423
7725 8810
7726 8523
7728 1024
7728 2114
7729 2989
7731 3990
7733 381
7735 8481
7736 2074
7736 4958
7736 7449
7737 3322
7738 4629
7738 7217
7740 6708
7741 7782
7742 9871
7743 2590
7749 7564
7750 4248
7750 5887
7751 7304
7753 9732
7754 7351
7757 949
7757 9479
7758 6807
7758 7404
7761 1367
7761 3213
7762 6375
7764 1061
7764 1881
7765 7239
7767 6142
7769 9997
7770 3395
7770 5630
7771 680
7774 4985
7774 6746
7774 7101
7774 7439
7775 2718
7776 2275
7778 7873
7778 8991
7781 1882
7781 7682
7782 234
7782 9871
7785 7089
7785 7629
7786 8888
7787 763
7787 4447
7788 3374
7789 7844
7790 2338
7791 8363
7792 5606
7793 3495
7793 3700
7793 4702
7793 5678
7794 1824
7794 2397
7795 490
7796 2628
7797 1055
7798 198
7799 8027
7800 8741
7800 8750
7803 7093
7806 8999
7807 1328
7808 9541
7809 7704
7810 92
7810 2776
7810 3944
7811 4948
7814 2802
7814 5174
7814 5760
7814 9693
7815 2477
7815 5474
7816 2753
7819 1002
7819 9743
7820 4157
7821 8474
7821 9669
7823 8363
7824 4506
7827 3745
7828 2136
7829 3648
7830 1983
7831 3713
7831 9187
7834 6476
7835 3507
7836 6888
7836 8461
7838 6589
7839 604
7841 7129
7847 7575
7848 3373
7849 2113
7851 2517
7852 3899
7853 2682
7854 875
7855 2627
7855 2705
7855 3030
7855 8351
7855 8940
7857 389
7857 2497
7857 7842
7858 8445
7858 8943
7859 6527
7861 1005
7862 7285
7862 8519
7864 993
7864 3638
7867 402
7868 5399
7868 8021
7871 1786
7871 5411
7873 4061
7874 1338
7874 7128
7875 9967
7877 516
7877 4845
7878 7242
7878 7534
7879 3945
7880 2242
7882 4902
7882 5286
7882 7002
7884 3268
7886 5373
7887 1937
7887 2129
7887 2139
7889 4633
7891 6886
7892 3440
7892 8625
7895 110
7896 2564
7896 9138
7897 9682
7899 3454
7900 605
7900 3989
7901 4196
7904 1168
7904 1915
7908 4346
7908 6341
7909 4092
7909 4503
7910 165
7912 4993
7913 1058
7913 9929
7914 2788
7916 284
7916 1712
7917 4836
7918 3003
7919 2178
7919 2524
7920 1077
7921 5625
7922 1603
7922 5185
7923 5428
7926 9533
7927 290
7928 3889
7930 1183
7930 5705
7930 8342
7930 8691
7932 9576
7933 1408
7933 6294
7933 8400
7934 9988
7936 1549
7936 7348
7938 2473
7938 8294
7938 9217
7939 725
7939 1005
7939 1341
7940 8348
7941 3192
7941 6099
7942 5501
7945 3990
7945 6825
7947 6721
7947 8520
7947 9789
7948 9049
7949 2639
7952 1093
7952 9843
7953 124
7954 6939
7955 1309
7956 8055
7958 8314
7960 3616
7960 7580
7962 5244
7965 6311
7967 2881
7967 5083
7967 7984
7968 8572
7968 9829
7970 1528
7970 5227
7970 7638
7971 8443
7973 3228
7975 4738
7975 6952
7975 8734
7976 3158
7977 1653
7977 1758
7983 5414
7984 919
7984 1695
7984 6484
7986 2154
7986 3586
7986 7238
7986 7579
7986 9227
7987 4082
7992 1946
7993 9180
7993 9540
7995 2480
7995 3419
7995 4483
7996 4492
8000 9816
8001 8072
8003 8991
8004 2495
8004 8447
8005 5505
8005 7038
8006 4127
8009 4203
8010 9760
8011 5849
8012 3794
8012 9173
8013 7815
8014 6752
8015 8870
8017 8838
8018 7093
8018 8161
8024 1586
8024 7735
8025 1763
8025 5194
8025 6074
8025 6304
8026 1920
8026 5082
8028 1609
8029 206
8030 823
8030 8524
8032 6776
8032 7943
8035 5673
8035 7363
8036 1172
8036 8787
8037 4809
8039 1308
8040 4863
8041 6537
8042 3423
8043 6069
8043 6267
8044 4366
8045 967
8046 5582
8046 7744
8053 4956
8054 4408
8055 3477
8055 9529
8057 6033
8057 9621
8059 354
8060 4490
8060 5637
8062 5879
8063 6617
8064 11
8065 1679
8065 3894
8067 6491
8068 1675
8068 2893
8069 3165
8071 801
8072 7204
8073 5365
8077 2517
8077 5418
8077 8273
8077 8553
8079 8334
8080 3748
8082 6447
8083 4764
8083 7584
8086 929
8087 2810
8087 8529
8089 1143
8089 8155
8090 9550
8090 9630
8091 4636
8091 6590
8091 7287
8091 9678
8092 9426
8094 8861
8095 3187
8096 2234
8096 6412
8096 8154
8097 947
8097 3809
8098 4155
8098 4515
8099 3565
8099 7412
8099 9497
8099 9948
8100 2292
8102 1594
8103 1364
8103 9357
8104 3936
8104 4227
8105 8869
8107 4062
8107 5256
8107 8815
8108 5655
8110 9740
8115 5603
8115 6768
8115 9350
8120 9758
8121 1022
8122 9182
8124 665
8124 3480
8124 5277
8124 7478
8125 710
8126 1994
8126 3782
8126 6029
8132 194
8132 8523
8133 9444
8138 3606
8138 9390
8139 6687
8140 989
8141 6470
8141 9921
8145 1950
8146 4036
8149 1039
8149 3482
8149 6596
8150 735
8152 706
8152 3718
8153 1943
8153 9892
8154 1036
8154 6480
8154 8935
8155 4684
8155 7703
8156 2303
8157 4571
8157 7703
8158 1265
8158 2364
8158 9834
8160 6575
8161 3329
8161 4150
8161 7368
8162 6294
8163 2266
8163 4186
8166 6604
8167 5230
8169 4917
8170 2284
8170 5014
8170 7778
8172 7703
8172 9291
8173 1253
8175 4352
8178 5943
8179 6100
8181 1620
8182 1767
8182 9594
8183 363
8183 4705
8185 7400
8186 195
8186 5228
8188 7353
8188 9167
8189 2396
8189 8866
8190 5049
8190 8789
8190 9918
8191 3900
8192 6701
8192 7440
8193 3447
8195 4099
8196 6573
8197 5107
8197 9910
8198 9035
8199 3640
8199 5328
8200 3719
8201 3519
8203 1400
8203 6199
8203 6626
8208 7285
8210 3167
8210 5858
8211 6282
8212 2066
8212 6345
8214 2099
8215 4939
8217 1441
8219 7933
8219 8084
8219 8820
8222 5025
8224 1235
8226 1818
8226 6315
8226 7790
8227 1072
8228 2740
8229 2115
8234 242
8234 3443
8235 4823
8235 5988
8235 7254
8238 6041
8240 6855
8243 7366
8243 7679
8245 3642
8245 8740
8246 9547
8246 9834
8247 2509
8248 4841
8250 4485
8250 6399
8250 8746
8251 4998
8251 7051
8252 2546
8253 1663
8253 9219
8254 3850
8256 3762
8257 1958
8257 9483
8258 311
8259 3412
8261 4782
8263 7632
8268 2596
8269 375
8270 2849
8270 7810
8271 231
8273 8741
8273 9176
8274 3019
8275 7668
8276 2924
8277 1251
8277 6952
8278 1759
8279 6788
8281 105
8281 5708
8281 9623
8283 137
8285 7455
8285 8096
8288 9133
8288 9527
8289 3909
8289 5919
8289 7319
8289 8420
8290 1157
8290 2178
8290 6300
8290 7841
8291 2618
8291 7175
8292 3697
8292 4363
8292 8330
8293 617
8293 9290
8294 9747
8300 1822
8300 3555
8301 3458
8301 8322
8308 2158
8308 5621
8308 7744
8308 8812
8309 1072
8309 3352
8310 8384
8311 4374
8311 8467
8312 1553
8313 4013
8313 8811
8314 3264
8316 2434
8317 541
8317 5322
8317 7980
8320 3950
8320 9925
8324 3601
8324 6828
8326 1572
8326 8567
8327 5323
8328 5111
8329 8881
8330 7588
8331 7901
8331 9885
8332 4032
8335 2323
8335 6609
8337 7522
8337 9235
8338 1027
8338 3083
8338 3147
8338 5075
8338 6623
8340 5025
8340 6218
8341 2607
8341 8091
8342 3208
8342 8112
8343 6870
8344 3418
8345 1305
8346 4338
8346 9841
8347 4912
8347 5679
8347 7992
8348 7967
8349 4660
8349 6077
8349 9383
8350 1222
8350 9713
8351 7285
8352 1778
8353 1612
8353 3034
8353 7514
8353 7733
8355 5891
8355 6645
8357 2914
8357 5844
8358 9481
8359 6899
8359 8848
8361 578
8364 2820
8366 5302
8367 2928
8368 1936
8368 3309
8369 1126
8371 7441
8372 1803
8372 4624
8373 3916
8376 846
8377 2012
8378 8569
8379 4917
8379 6187
8381 1864
8385 8296
8386 990
8387 7539
8388 5513
8388 8050
8389 1
8389 9091
8390 3783
8390 6366
8391 1714
8391 5539
8391 8710
8391 9236
8392 117
8393 9692
8394 1928
8394 5364
8395 4247
8396 3605
8397 4122
8398 7862
8400 564
8400 3126
8404 722
8405 6904
8405 8643
8405 9277
8407 5318
8407 5665
8407 9851
8408 2171
8408 6983
8408 9184
8409 1484
8410 623
8410 2920
8412 945
8412 3480
8412 6854
8413 709
8413 5669
8414 497
8415 488
8415 8307
8416 2000
8417 9618
8418 5717
8419 9740
8420 5021
8421 3120
8422 5695
8422 6075
8422 6766
8423 8966
8424 7592
8424 8344
8425 5501
8425 9964
8426 835
8426 5825
8428 614
8428 6220
8429 955
8430 6152
8430 7815
8431 1085
8432 9648
8433 617
8433 4203
8434 2871
8435 7085
8437 3955
8438 4628
8438 8387
8439 6940
8440 5961
8440 9824
8441 152
8442 4877
8442 7104
8442 8055
8442 8360
8443 808
8443 878
8443 2105
8444 17
8444 2934
8445 5509
8445 7033
8447 5268
8448 9648
8449 2325
8450 3793
8454 2799
8455 169
8455 7161
8457 50
8457 6029
8463 1533
8464 2044
8464 3192
8464 8287
8466 3106
8466 3634
8469 5949
8470 8884
8471 6669
8472 6059
8473 2805
8474 2151
8474 6326
8477 7995
8478 6603
8480 5303
8480 6602
8487 2275
8487 5962
8490 324
8491 1865
8491 3674
8492 2445
8493 1710
8493 5107
8493 6549
8496 2356
8497 882
8497 5727
8501 4847
8502 1962
8504 1822
8504 5157
8504 8742
8506 5740
8506 6473
8507 12
8507 7118
8509 4490
8509 5648
8510 8579
8511 1282
8511 5828
8512 3399
8512 9682
8513 2547
8513 4378
8513 5652
8516 6564
8517 1811
8517 6082
8519 7567
8520 2396
8522 5540
8522 7980
8523 8997
8529 3657
8530 1941
8530 7054
8531 6316
8533 6302
8534 1191
8536 386
8537 1639
8537 1954
8537 5185
8540 2442
8542 3551
8542 6153
8542 7197
8543 193
8543 5850
8545 71
8545 236
8546 6719
8546 9576
8546 9802
8550 352
8550 8046
8552 6425
8553 6705
8553 9163
8554 989
8554 3703
8556 4581
8556 4737
8558 5500
8558 9298
8559 2611
8561 9490
8562 1737
8563 2844
8563 4801
8564 3476
8565 2548
8566 434
8567 170
8567 924
8567 2822
8567 5198
8569 454
8569 908
8569 6412
8570 5609
8571 2098
8571 7937
8573 3103
8573 5752
8574 1228
8576 6413
8577 973
8579 717
8580 4145
8580 5102
8581 2835
8582 8087
8582 8721
8583 5044
8584 6474
8585 1001
8586 9731
8587 7647
8587 9263
8588 8759
8595 5448
8597 579
8597 7210
8597 8866
8597 9468
8599 2125
8599 6899
8600 644
8600 8175
8603 687
8603 1243
8606 6251
8607 8503
8610 6420
8611 4378
8612 1237
8612 1938
8613 5023
8613 9817
8614 1982
8614 2386
8614 5614
8615 2905
8615 4512
8616 9454
8618 3615
8618 4424
8619 7466
8620 8038
8621 6627
8621 8525
8622 11
8622 2531
8623 6360
8624 9413
8626 881
8626 5541
8626 9438
8628 7570
8629 3913
8629 5231
8630 4640
8632 468
8632 1728
8632 9584
8634 6619
8634 7578
8635 5799
8635 5898
8635 6938
8637 26
8637 5628
8638 7619
8640 4749
8640 4841
8641 2176
8641 5833
8641 7397
8641 7913
8644 5007
8645 232
8645 1978
8647 6441
8647 6771
8647 8011
8648 88
8649 7175
8650 925
8650 6057
8651 888
8651 8491
8653 2021
8653 3997
8653 4877
8653 6453
8655 7470
8657 3062
8657 5369
8657 6525
8657 9799
8661 2157
8662 1383
8662 9140
8664 4402
8665 2239
8665 4318
8666 3886
8666 9088
8669 1565
8669 7966
8669 8589
8670 2656
8670 4141
8672 3347
8672 7749
8674 2943
8674 6267
8674 8277
8675 4005
8675 7450
8677 815
8677 3606
8683 1456
8683 5291
8688 5261
8690 6356
8691 3327
8692 1300
8692 3113
8692 8898
8693 2603
8693 8381
8695 6248
8696 2703
8699 8761
8700 289
8702 6176
8702 7194
8703 1335
8703 1524
8703 6253
8703 6671
8704 531
8705 2770
8705 6850
8706 5590
8709 5258
8710 2079
8710 6565
8713 1194
8716 2019
8716 7157
8717 771
8717 4800
8718 279
8718 6847
8718 7396
8718 9925
8719 2928
8720 6883
8721 2367
8722 1488
8722 4501
8724 1607
8724 3773
8724 7449
8725 2122
8726 1166
8727 1254
8727 7093
8727 9924
8728 1922
8728 2547
8728 5562
8729 6189
8731 7355
8733 3851
8734 975
8734 3086
8734 4922
8738 682
8738 2424
8738 6195
8740 771
8741 9794
8742 3729
8743 2150
8744 3429
8744 7077
8745 4336
8747 3676
8747 8100
8749 3191
8749 7100
8750 6189
8750 7525
8751 333
8751 1781
8751 4115
8751 9093
8752 2376
8752 7398
8753 5143
8754 9653
8755 1462
8755 4525
8756 6073
8756 6164
8757 433
8757 4272
8759 3641
8759 4575
8759 6365
8760 1698
8760 2843
8760 4250
8760 6183
8761 3241
8761 4363
8761 7562
8763 2822
8763 4343
8763 4957
8764 4949
8765 6975
8766 9332
8768 4107
8770 3439
8771 3121
8771 3348
8771 7968
8773 6670
8775 2414
8775 3664
8775 4525
8776 2302
8776 8253
8778 1450
8778 5532
8778 8546
8787 3965
8790 2263
8790 8529
8792 2214
8793 6216
8793 7276
8794 6450
8794 9531
8795 3287
8795 9962
8796 3276
8797 1180
8799 8631
8800 3743
8801 4590
8804 1839
8804 2699
8804 5490
8804 6259
8804 9460
8804 9723
8806 3704
8809 2033
8812 874
8812 3794
8813 3241
8814 637
8814 9811
8815 6499
8816 1700
8816 3759
8817 4690
8818 2105
8819 2046
8819 8718
8820 4748
8821 1156
8822 4368
8822 4806
8823 8851
8824 784
8824 4011
8826 1907
8826 3635
8827 3392
8829 6370
8830 6756
8831 2707
8831 7541
8834 2496
8836 5160
8839 3657
8839 5402
8840 1878
8840 4747
8842 2390
8842 5617
8842 9610
8844 5680
8847 9325
8848 5857
8848 6827
8848 7480
8849 9280
8850 524
8850 903
8850 3983
8850 6084
8851 837
8851 2079
8851 2694
8854 846
8856 2521
8858 6417
8858 8396
8861 1254
8861 4451
8862 8905
8868 6122
8869 1133
8869 6926
8869 7195
8870 7890
8873 6851
8873 9716
8874 3288
8878 7102
8878 7965
8879 2630
8881 3065
8881 3396
8883 4469
8884 3022
8884 3469
8884 6749
8885 3252
8886 3342
8886 6686
8886 7514
8887 6193
8888 9402
8889 4345
8889 5768
8890 5334
8890 7016
8890 7815
8890 8258
8891 8245
8895 2759
8896 5305
8896 8833
8897 6617
8897 9982
8898 8107
8899 932
8899 2353
8899 7037
8904 8583
8907 3484
8907 7759
8908 7040
8908 7437
8908 9078
8909 1611
8909 4913
8910 636
8910 2449
8914 853
8916 5166
8917 5401
8918 3709
8921 140
8921 745
8921 9521
8922 828
8922 3237
8922 5223
8923 5802
8924 5755
8927 6826
8928 7965
8928 9308
8929 4819
8930 8910
8931 1511
8931 4636
8932 2713
8933 5280
8933 6865
8933 7837
8935 3641
8937 2508
8938 4056
8938 8708
8939 3481
8940 6456
8940 6783
8942 1789
8943 6923
8944 8079
8945 6230
8945 6863
8945 8563
8946 5505
8946 8719
8948 7944
8949 8167
8952 1168
8952 8080
8956 4412
8960 484
8960 1370
8960 5584
8960 7500
8962 525
8962 7288
8962 8616
8964 6096
8965 2697
8965 7423
8966 6278
8968 7081
8969 2957
8970 97
8970 5053
8971 4934
8971 7388
8971 9453
8972 7309
8974 567
8974 4942
8975 8442
8976 7727
8978 3863
8979 5111
8981 3129
8982 1622
8985 3890
8988 8673
8989 6312
8989 8404
8991 7653
8992 2683
8992 4728
8995 8937
8997 598
9000 1139
9003 4857
9005 2380
9005 5565
9006 5941
9008 8237
9009 391
9010 3764
9010 7762
9011 9017
9014 9784
9015 6437
9016 1476
9016 4525
9017 7766
9017 9324
9019 4839
9019 5174
9021 5146
9022 1410
9024 3050
9025 9777
9027 4265
9027 5304
9027 5381
9028 1712
9028 3700
9028 9627
9029 4332
9032 774
9033 8695
9034 9646
9034 9677
9035 4460
9036 5125
9037 3089
9038 5261
9038 5810
9039 1100
9040 567
9041 9142
9042 8622
9044 5790
9044 9265
9045 344
9045 1487
9049 3956
9051 155
9051 3633
9051 5310
9056 330
9056 2225
9057 4848
9060 1972
9060 8481
9062 7704
9063 7691
9064 3782
9065 221
9065 5451
9066 3108
9067 5237
9068 1731
9068 5286
9068 7385
9070 7349
9070 7958
9071 5291
9074 6532
9075 3351
9075 9482
9076 7953
9077 1557
9077 3253
9077 4548
9078 8239
9080 454
9080 2101
9083 484
9086 1543
9090 1877
9090 3017
9090 6816
9091 8959
9093 1072
9093 1614
9093 3443
9095 5248
9098 2220
9099 2277
9099 6121
9100 1132
9100 8197
9101 4252
9101 4468
9104 3597
9107 781
9107 3706
9107 5927
9108 471
9108 2223
9108 5595
9109 8894
9110 7355
9110 7563
9110 8004
9112 3269
9113 2907
9114 5988
9114 9294
9115 2029
9115 4383
9115 9812
9116 2724
9116 7004
9120 2963
9120 8774
9121 1201
9121 2378
9121 5786
9122 9161
9124 2533
9124 3184
9124 6812
9125 2391
9125 6763
9125 9885
9126 5225
9126 9826
9126 9843
9127 6201
9129 379
9129 2637
9131 490
9131 2409
9131 5201
9131 8918
9133 4774
9133 5697
9135 3982
9136 3293
9137 7066
9139 1616
9141 879
9142 4158
9148 2944
9148 7252
9149 1314
9149 1470
9151 278
9152 1755
9153 4348
9154 2195
9154 3669
9154 5337
9155 6152
9155 6881
9155 8811
9158 1698
9160 1622
9160 2375
9161 7928
9162 4419
9166 4554
9166 7496
9167 9024
9169 113
9171 4059
9172 2216
9172 3458
9173 5021
9173 6077
9174 955
9175 8552
9176 523
9179 452
9179 6850
9179 9873
9180 2975
9180 3856
9180 7776
9180 8453
9181 291
9181 404
9182 3635
9183 7024
9184 2414
9184 2839
9184 3306
9185 7240
9187 4339
9188 9767
9190 9204
9194 3061
9194 6305
9194 6702
9195 851
9195 2275
9195 8777
9199 793
9200 67
9201 3387
9201 3743
9201 8409
9202 2340
9202 5661
9204 933
9205 8830
9206 2310
9206 4785
9207 9031
9208 1355
9208 5657
9208 8787
9209 5359
9212 7467
9214 8556
9215 7858
9217 573
9217 1633
9217 2350
9219 2920
9220 4803
9223 5514
9223 5731
9223 7201
9224 2964
9224 9794
9225 3306
9227 874
9227 1690
9227 3674
9228 1187
9229 928
9229 2853
9231 1687
9231 5739
9233 834
9233 1084
9233 1675
9233 1911
9233 2221
9234 6082
9235 4200
9235 5280
9236 1504
9237 2251
9237 9229
9238 484
9238 4991
9238 5538
9239 4190
9239 5957
9239 9023
9240 94
9241 6352
9241 6895
9241 9067
9242 2058
9243 5330
9244 1742
9244 2114
9244 2130
9246 359
9246 7468
9247 6687
9247 7367
9248 4959
9248 7988
9249 6001
9249 7873
9249 9380
9251 7111
9253 5401
9254 2402
9254 2806
9254 5855
9254 6715
9257 3708
9257 4531
9260 965
9263 2149
9263 3161
9264 2846
9264 4560
9271 4470
9271 4879
9271 5553
9271 8225
9272 4527
9272 9212
9274 8602
9275 8341
9277 2756
9277 4416
9278 2409
9278 9647
9280 2521
9280 7500
9282 898
9282 4355
9283 923
9283 7552
9284 5373
9285 2469
9287 7243
9287 8263
9287 9978
9290 2341
9290 6968
9290 9759
9291 120
9291 1947
9293 923
9293 6490
9296 7571
9297 6149
9300 4651
9303 9319
9304 5135
9306 572
9306 8800
9306 9396
9307 5406
9308 233
9309 854
9313 2629
9314 3269
9315 1780
9316 1024
9316 5641
9316 7407
9317 5779
9317 9547
9318 5913
9318 6423
9319 5446
9321 1074
9322 7020
9326 4232
9327 3504
9327 3793
9327 6801
9327 6966
9328 5087
9328 6292
9330 7236
9331 2055
9331 8083
9334 347
9335 1922
9335 6879
9338 3790
9339 3282
9339 3848
9339 6823
9339 8707
9339 9884
9340 3211
9340 4701
9340 5039
9342 4905
9343 1814
9345 3753
9346 5039
9346 5097
9346 8219
9347 477
9348 2529
9349 6386
9350 9320
9351 5625
9351 8915
9352 1163
9352 7208
9354 5311
9355 129
9357 3720
9359 5715
9360 6202
9362 3005
9363 2305
9363 3880
9365 1661
9365 1706
9365 8484
9374 2413
9374 7506
9375 8714
9376 78
9376 8955
9377 2628
9377 6977
9380 9496
9384 6478
9387 6123
9389 2515
9389 8377
9391 581
9394 2613
9394 6695
9395 9813
9396 8909
9396 9289
9398 1249
9398 2840
9398 6253
9401 722
9401 3610
9401 5351
9401 9304
9403 4979
9406 7869
9407 3148
9408 1221
9408 3494
9409 2167
9409 7679
9410 9496
9411 7044
9412 2105
9413 95
9414 5495
9414 7830
9416 1737
9416 3828
9418 9800
9420 852
9422 1382
9423 3406
9424 1081
9424 3373
9424 8976
9425 8459
9428 2945
9430 6384
9430 9006
9431 8941
9432 1661
9432 5296
9434 975
9435 3110
9435 4829
9435 4955
9438 428
9438 936
9438 6545
9440 125
9440 9724
9441 3682
9441 5042
9442 282
9447 5873
9447 6434
9447 7743
9448 3269
9448 4448
9448 5024
9449 2138
9449 5819
9451 3283
9451 5393
9452 4632
9456 3797
9456 4625
9457 5337
9458 7300
9461 3237
9461 3546
9462 2638
9464 5006
9464 8497
9465 5721
9466 1434
9469 7829
9471 3269
9471 7083
9473 16
9473 1623
9473 7867
9473 8635
9474 581
9475 2430
9477 8815
9478 1399
9479 9353
9481 9320
9483 6945
9486 8709
9487 877
9488 5663
9489 303
9490 9801
9490 9950
9491 5205
9491 8621
9492 5256
9492 7147
9493 71
9494 2762
9495 4942
9495 8274
9496 3548
9497 1717
9497 7221
9498 3195
9498 9466
9499 647
9499 3066
9499 9793
9500 5058
9500 5854
9500 9764
9501 1885
9502 4819
9503 965
9503 3819
9505 1993
9506 245
9506 2035
9507 9241
9509 8292
9510 1821
9511 5802
9512 7244
9513 3375
9513 5510
9515 6514
9518 7238
9520 3705
9520 4577
9521 4822
9523 8892
9524 4038
9524 9162
9526 5997
9526 8024
9527 1886
9528 4671
9528 5159
9528 8189
9531 208
9531 6662
9533 7962
9534 1791
9535 7460
9537 2957
9538 1024
9538 4022
9538 9592
9539 7897
9540 4237
9540 7494
9541 4234
9544 712
9546 3864
9546 9439
9547 562
9549 1741
9549 2946
9550 3067
9550 7611
9552 9295
9554 3993
9555 2998
9555 3366
9555 5311
9557 3632
9560 989
9560 7308
9562 68
9562 2649
9562 9080
9563 1211
9563 2770
9563 6285
9564 2634
9564 3203
9564 5192
9564 5310
9566 2770
9566 3841
9568 123
9568 4401
9569 593
9571 6882
9572 6029
9573 4315
9574 441
9574 9116
9575 6888
9576 722
9576 2757
9577 6156
9578 6767
9579 1750
9579 3410
9580 1276
9580 1554
9580 7502
9583 8816
9585 2411
9586 7260
9589 2373
9589 3321
9590 7099
9593 4084
9593 4212
9593 8163
9594 890
9594 5744
9595 7916
9596 5161
9597 344
9597 2891
9597 4933
9597 5406
9598 4802
9599 4841
9600 2103
9602 4093
9602 9105
9604 3092
9605 7434
9606 4702
9607 9299
9607 9824
9609 1589
9610 4714
9610 5046
9612 6670
9612 6724
9613 2144
9614 5755
9619 3826
9619 8327
9622 3228
9625 8953
9627 1572
9628 578
9629 679
9629 6785
9630 3715
9630 7443
9632 3614
9635 4831
9635 8431
9637 5735
9639 9360
9640 7837
9641 2320
9641 3469
9641 4200
9642 2209
9642 9907
9643 4015
9645 6830
9646 1987
9647 8958
9649 123
9649 5097
9652 1584
9652 2247
9652 6149
9652 7662
9652 7812
9653 1908
9653 6709
9653 9130
9654 3728
9655 6232
9659 1089
9659 3418
9659 5736
9660 2297
9662 2034
9662 7575
9663 5312
9663 7324
9663 8834
9664 2017
9667 2563
9668 2598
9668 7852
9671 4925
9671 6057
9671 8846
9672 5016
9674 6087
9674 6607
9675 3737
9675 6040
9677 4799
9679 8849
9680 4473
9681 7465
9681 9657
9682 1519
9682 3137
9683 9972
9684 4019
9685 693
9685 1258
9685 1826
9687 568
9687 4580
9690 4302
9691 8059
9692 518
9693 2645
9693 9329
9694 2707
9694 5886
9695 9530
9696 6870
9697 9704
9699 1938
9699 8069
9700 3594
9700 5811
9700 8676
9702 1157
9702 5689
9702 7025
9703 1871
9703 1993
9703 4929
9704 9139
9706 3479
9706 4665
9707 215
9710 4121
9712 1682
9713 64
9714 9299
9717 9218
9718 4888
9719 5567
9721 7351
9721 7398
9726 4255
9727 9587
9728 2301
9729 5468
9731 7276
9734 4449
9735 3108
9736 1711
9739 7577
9740 4986
9740 5988
9740 6349
9741 3483
9741 4809
9743 1363
9743 7669
9744 5268
9746 8590
9747 3187
9749 6003
9751 3668
9752 48
9752 1287
9752 6982
9753 4919
9753 7538
9754 6938
9754 7330
9754 8223
9755 952
9755 1403
9758 629
9760 417
9760 2055
9760 4145
9761 5485
9762 6373
9762 6408
9763 7874
9766 567
9766 6216
9767 2099
9767 5220
9771 1835
9772 3673
9773 1982
9774 1429
9775 1347
9775 1820
9778 4223
9778 9418
9782 920
9784 6324
9787 2215
9788 8732
9789 4019
9789 5996
9790 3719
9794 290
9794 3177
9796 4454
9796 6754
9797 1495
9798 6388
9798 6504
9798 7103
9800 1312
9800 8130
9803 1448
9803 3464
9803 8240
9804 3263
9806 424
9806 688
9807 2023
9807 7401
9808 3066
9808 8171
9809 2301
9809 5855
9809 7239
9810 1831
9810 2470
9810 2507
9810 4277
9811 8023
9811 8068
9812 6862
9813 1953
9813 2211
9813 4358
9815 75
9815 4692
9815 4980
9816 4609
9816 7861
9817 2213
9818 7961
9819 3698
9819 5269
9819 8874
9822 4740
9825 3456
9826 2023
9826 9205
9827 6043
9830 1259
9831 7520
9831 9560
9832 3470
9832 6134
9832 6345
9835 7411
9838 5503
9838 5758
9839 708
9840 2058
9841 590
9842 4536
9844 8124
9845 3036
9848 4211
9849 4997
9850 3790
9852 6538
9853 276
9854 164
9854 5462
9855 7741
9857 5881
9859 1692
9859 8617
9861 6864
9863 3541
9864 7014
9866 2270
9866 7860
9867 2015
9869 4189
9870 145
9873 4109
9874 6135
9876 542
9876 2589
9877 7502
9877 8355
9883 554
9883 4387
9883 5655
9883 8934
9884 3204
9884 4753
9884 5679
9887 1372
9888 6071
9888 7715
9889 4292
9890 2021
9894 2112
9897 3615
9898 3464
9899 3057
9900 4356
9900 5793
9901 3040
9903 219
9904 5404
9905 5054
9907 5489
9908 6794
9911 9774
9911 9944
9912 5471
9913 2192
9913 5459
9913 7343
9914 8935
9917 5022
9917 7417
9918 659
9918 1634
9919 5258
9920 2174
9920 9884
9921 72
9921 3336
9921 6051
9923 2892
9923 5121
9925 979
9926 8096
9927 3269
9928 869
9928 2112
9929 4695
9929 6694
9930 7914
9931 221
9932 3302
9934 329
9934 3815
9934 9865
9935 5544
9936 5231
9936 6004
9936 7140
9937 9038
9938 4456
9940 7445
9941 6335
9942 6428
9942 9711
9943 2507
9943 8710
9943 9866
9948 1708
9949 3299
9949 5783
9951 2171
9951 7709
9953 2899
9953 5464
9954 1916
9955 1768
9955 5595
9956 2530
9956 8814
9957 4034
9957 4775
9957 4969
9957 9932
9959 508
9959 4433
9961 246
9962 691
9962 2173
9962 2817
9963 327
9963 833
9963 872
9964 3451
9964 7572
9965 2121
9965 3140
9966 3713
9967 4337
9968 3215
9968 4915
9970 6026
9971 4100
9972 9386
9974 2901
9975 547
9975 8971
9976 1591
9977 9279
9977 9280
9980 3075
9981 6966
9982 8841
9982 9735
9983 9254
9984 7126
9984 8813
9987 7791
9988 9166
9988 9437
9990 219
9992 1138
9992 6056
9992 6098
9993 5613
9993 6874
9995 1265
9995 4889
9997 6414
9998 1151
