Random point counts: 7000. Ranged within [0, 10000]
0 5720
0 8126
1 1566
2 1446
4 1827
4 1999
4 2049
4 3076
4 3646
5 8563
6 5350
6 9389
8 6924
8 7806
9 6186
11 9058
12 6185
12 7352
13 4592
15 510
16 6469
17 4705
17 5523
21 8690
25 1714
25 3599
27 6012
28 6049
30 1615
30 2059
31 1133
31 9873
32 9425
33 9833
35 761
38 6922
39 3894
42 1328
42 6506
44 6785
46 4721
47 5010
47 6318
48 7164
49 7299
49 8210
49 8248
49 9487
51 3454
53 1990
54 3386
54 4925
55 4292
56 1777
56 9200
57 9388
59 9826
61 5792
64 9936
65 4705
66 7455
68 5611
69 9168
70 1640
74 4601
74 7258
74 9926
77 1146
77 4358
77 4600
78 3840
80 4325
81 3021
82 4715
82 8805
84 1011
84 5081
84 9407
85 4616
85 9698
86 4052
86 8831
91 702
99 4004
102 7471
103 7650
103 8295
106 264
106 8679
111 5326
113 2208
114 612
115 3060
115 3386
116 5691
121 4781
124 2564
126 2794
128 8466
129 6209
131 3154
132 4414
133 1476
133 9343
134 3499
135 398
136 6917
137 9086
138 2280
139 7772
141 103
144 8254
145 4126
147 2077
148 2563
154 778
155 6134
156 2323
160 4893
160 6981
160 9735
161 1800
162 1899
162 7180
168 633
176 9111
179 1264
179 5618
180 3416
180 4938
186 2955
186 9565
188 4335
190 3841
191 3
192 1769
196 5887
197 737
199 2476
199 3506
201 6450
201 6831
204 6950
205 6691
206 468
206 6937
207 9477
213 7212
214 1412
214 3329
216 4186
216 6758
218 6752
220 1901
221 8784
222 2445
222 5059
223 4404
224 8368
226 7056
229 8181
229 8391
231 1695
231 4143
231 7089
233 7769
233 8506
238 5462
238 7464
241 4251
241 8101
242 4947
242 6736
242 7130
243 4503
245 1356
245 4603
246 7938
249 1830
249 3368
249 4965
250 7953
252 7240
255 1584
256 9057
260 7963
261 2175
261 7773
261 9323
262 5644
262 6068
262 8776
264 1095
269 661
272 7176
275 1814
275 5840
276 1091
277 6890
278 5196
278 9681
279 3072
281 636
282 6007
283 7497
284 668
286 6861
288 552
288 6001
291 5276
292 8313
292 8759
294 8827
296 2514
298 2300
298 4811
301 1686
308 7863
308 8473
311 3774
311 4681
316 522
316 3502
318 9497
319 1133
319 4919
320 1840
322 1623
322 7708
323 1931
323 2667
325 4697
325 6953
328 3184
329 5629
330 1236
330 5101
331 3793
333 6221
335 3704
339 4356
339 6294
340 3403
340 8751
341 1166
341 2596
341 3507
342 9781
343 9751
344 2808
344 3441
344 4935
346 2710
347 4742
350 9590
353 1284
353 1897
354 1428
355 3371
357 3676
359 3177
359 7884
361 5513
362 5591
364 8023
365 8885
368 1663
369 9499
371 4795
371 8462
377 6252
377 8156
378 2599
384 4183
385 1179
386 5693
388 4010
388 9142
390 35
392 6867
393 1179
394 8404
395 2264
401 9077
401 9534
402 998
402 3836
402 5570
403 2581
403 2899
403 4189
404 5636
405 2502
407 5958
408 2794
409 2267
409 6505
412 6203
413 3109
415 9220
416 528
416 3179
416 6648
417 7204
418 8141
419 7939
420 5990
422 5615
425 7395
430 5848
430 6512
431 2151
432 2117
432 6006
437 3521
437 3742
437 8041
441 3252
442 5646
443 2034
445 4161
446 8231
448 2188
449 8555
451 5991
451 8226
456 2281
457 308
457 3561
458 7539
461 5117
464 2494
466 1857
467 200
467 9560
472 4777
472 9178
474 2159
474 3093
478 6671
478 9154
479 2580
479 5620
479 6351
481 176
487 4869
489 4555
490 1398
490 3958
490 4884
492 798
492 6416
493 4785
493 5267
495 1487
495 2649
495 6842
497 128
497 1328
497 5476
506 9418
507 7113
508 2504
510 2870
511 9930
513 3570
514 1099
514 5117
514 8926
516 9002
517 260
517 3011
518 7520
519 5040
520 4742
524 2772
524 2908
526 512
526 9615
527 6896
531 2360
531 7660
533 1851
533 4467
537 2573
537 8993
538 700
539 8220
540 9582
544 2297
544 8176
545 6318
546 5204
550 4040
552 915
554 855
555 4743
555 7378
562 1401
562 3458
562 4177
562 5622
565 273
565 6711
569 3897
575 4043
576 3969
578 7538
579 3346
580 818
582 8088
585 7512
589 5435
593 4833
594 1636
594 2847
594 3969
594 7867
595 90
596 3291
596 5584
600 8206
601 305
603 2644
605 5985
606 6160
606 6385
606 6782
607 7277
607 7981
608 7399
611 687
613 3123
616 8000
621 1741
621 1982
621 2132
622 2456
622 5249
623 8859
625 5919
625 6549
634 7129
637 2550
638 8529
639 2191
641 3856
645 533
645 6271
646 3085
647 4982
648 9930
649 3642
654 782
655 9487
657 48
659 4137
661 4292
661 4344
661 7141
662 1932
662 2977
664 3645
668 7564
669 5759
670 2146
671 1544
672 6346
673 4841
674 5913
678 2995
679 427
679 3538
679 8399
680 4326
682 82
682 1420
684 4407
684 6206
685 4713
686 475
687 238
687 1329
688 4900
689 728
691 2768
692 7246
693 7291
694 5045
698 7361
698 7712
699 2161
699 2515
699 8592
701 656
702 5251
703 9940
706 770
707 5481
710 2444
713 9751
716 4289
716 4340
718 3420
719 6911
719 7032
722 8143
723 4988
724 8149
725 9944
727 6698
728 631
732 3325
732 5688
733 7300
735 4013
735 8671
737 3546
739 6389
740 4608
741 7176
745 1476
745 5900
751 2867
756 7098
759 5231
763 7349
765 8761
765 9344
767 5867
769 644
769 2581
770 3577
771 2849
774 959
775 7981
777 1113
779 2469
784 9690
787 7616
789 6827
792 4615
795 3283
795 8341
797 4543
799 1448
803 6200
809 3313
809 5982
811 5602
811 9197
813 6211
816 8137
819 987
819 4561
819 9868
820 9683
821 650
821 4563
822 404
822 4377
822 7475
823 2839
824 8757
825 931
825 2656
827 656
828 5025
829 453
829 2571
829 4788
831 1058
834 9640
838 4560
838 6983
839 6412
839 7983
839 9785
840 6484
841 510
841 6875
841 8128
842 5120
842 5962
844 9963
851 1465
851 8399
853 1434
853 3046
853 8132
859 5601
859 7970
861 8310
862 320
863 5752
865 2883
866 4975
866 9332
868 7994
869 4488
870 751
870 2117
872 6032
872 7292
873 3802
875 9598
878 1127
879 3262
883 8788
891 3529
891 5947
892 5064
893 4349
894 7952
896 201
896 7497
897 912
902 9307
903 5270
904 4720
904 9389
906 1159
907 6454
907 7475
908 2170
908 8179
909 6389
911 3963
912 1984
913 3140
915 4336
916 21
916 5763
918 3396
919 9381
921 1513
925 2731
925 5358
925 5812
927 6345
932 2791
933 6739
935 6064
936 6543
937 9242
938 1525
938 4586
939 5792
940 1881
940 6162
941 2789
942 3200
942 4900
944 1313
948 8171
949 8653
951 1212
951 8524
952 4730
954 9581
957 2485
957 6106
959 940
960 2985
960 4704
962 4159
966 4461
966 8595
967 3825
968 5647
970 8912
972 6832
973 6938
974 6761
975 7881
977 1761
977 4298
978 4607
978 9768
979 7588
979 9820
981 2744
982 1063
982 5494
984 3817
985 8308
987 5318
987 6859
990 2384
991 8788
993 7464
994 1944
997 2713
998 7356
1000 9583
1006 7542
1008 2328
1008 3179
1008 8574
1010 3777
1010 4754
1011 3952
1012 8416
1013 4700
1014 6576
1015 8309
1015 9317
1019 1748
1020 4299
1020 6285
1020 9348
1023 45
1023 6166
1025 3724
1026 9618
1027 1731
1028 6910
1028 6920
1029 4522
1030 506
1030 7572
1030 9729
1032 1117
1032 8397
1033 8521
1033 9909
1035 2285
1037 2352
1039 2178
1040 5642
1041 741
1042 6704
1044 4000
1045 3658
1045 7701
1047 7588
1047 8674
1048 3441
1048 7404
1049 1098
1049 3547
1049 6996
1052 8115
1053 3549
1055 3208
1060 561
1061 323
1062 7324
1064 7174
1066 3271
1068 740
1068 5602
1070 2774
1070 9815
1072 6296
1077 7836
1077 8725
1078 6231
1083 9715
1088 9735
1089 1714
1089 8464
1090 237
1093 3602
1096 859
1100 6687
1101 7
1105 9632
1107 255
1107 6981
1108 6639
1108 7877
1110 3953
1112 6796
1118 2809
1124 3041
1129 512
1130 3928
1134 5445
1135 2090
1136 3080
1139 7041
1142 135
1142 2749
1143 3888
1144 8149
1146 9731
1149 8575
1150 7399
1153 9540
1155 5339
1158 7830
1159 744
1160 9525
1161 5929
1162 3254
1162 8451
1165 244
1166 30
1169 4516
1171 6880
1173 5108
1175 5870
1176 8725
1178 7960
1178 8007
1178 8251
1179 9102
1180 8323
1181 2482
1185 2496
1186 5927
1187 978
1189 3322
1189 5004
1189 5304
1189 7368
1194 2269
1194 7562
1196 1340
1197 3632
1198 2923
1200 6269
1201 2557
1201 6102
1203 8877
1208 2464
1208 9849
1213 5873
1215 3382
1217 752
1217 772
1220 9166
1221 1476
1221 4460
1223 9642
1226 7840
1226 9339
1230 3924
1230 8588
1230 8836
1233 3171
1234 4163
1236 8748
1240 5856
1240 7804
1241 29
1242 188
1242 3931
1247 1722
1249 5352
1250 5551
1252 2814
1254 229
1254 3784
1255 9847
1258 8744
1259 5244
1260 5977
1262 5239
1267 3219
1270 6006
1270 6829
1271 2062
1275 3540
1277 8871
1278 2518
1278 2657
1278 3894
1280 1994
1280 4475
1282 7568
1283 6470
1284 7192
1288 9496
1291 670
1292 5
1294 8849
1298 847
1298 1997
1299 3637
1299 9086
1300 3034
1303 6255
1304 5263
1306 765
1306 6018
1307 8693
1308 1924
1312 791
1312 8057
1314 3871
1318 6589
1318 6642
1322 7939
1323 8715
1325 7461
1327 8775
1327 9763
1328 4994
1329 7703
1330 1436
1330 2127
1331 7306
1331 9825
1332 9683
1333 4134
1340 6230
1347 3302
1347 6420
1351 9354
1352 5484
1355 3753
1360 5946
1360 7495
1361 9759
1362 289
1365 719
1366 7138
1367 2513
1367 7630
1373 1837
1373 6448
1374 6388
1375 4013
1375 5813
1376 1589
1376 6570
1377 3950
1379 3414
1380 6645
1380 7312
1381 3954
1385 5635
1385 7039
1386 510
1387 7168
1388 8936
1390 9219
1391 4787
1392 3383
1396 5096
1396 7173
1398 2901
1398 6254
1398 8501
1398 9769
1399 7536
1401 7610
1406 2854
1406 2897
1407 283
1410 4515
1411 3763
1411 6380
1411 8573
1415 9646
1417 2268
1424 9883
1427 9308
1431 4606
1431 9378
1432 5588
1432 9713
1433 7258
1433 7470
1436 1706
1438 5618
1443 2617
1447 3096
1448 5763
1449 4731
1455 8748
1456 634
1458 4209
1459 3075
1459 5081
1461 955
1461 5802
1464 4466
1466 5582
1467 4153
1468 3198
1469 2467
1470 4870
1471 5745
1473 3215
1474 7861
1475 6102
1477 4948
1478 3141
1489 6572
1489 8227
1491 8515
1493 9443
1496 512
1496 7375
1499 7623
1501 5049
1501 5214
1501 5442
1504 9866
1505 5739
1507 4276
1508 9860
1510 1881
1510 3835
1514 1710
1516 7138
1518 207
1518 2484
1518 3594
1520 1726
1521 2639
1522 4
1522 3047
1522 8253
1525 2946
1527 5319
1529 686
1529 3723
1529 9011
1529 9032
1530 2902
1530 6355
1531 9905
1532 4790
1538 7452
1538 8322
1539 5507
1542 4421
1542 7222
1542 7325
1543 1661
1544 8498
1548 1816
1549 5651
1551 2436
1552 2740
1552 3922
1553 6170
1553 8140
1555 764
1555 1704
1555 3665
1558 2668
1558 8287
1564 9118
1565 7719
1566 2747
1567 1167
1567 7986
1568 3372
1568 7712
1569 212
1569 8524
1570 2928
1571 268
1572 890
1573 9578
1574 6607
1575 1951
1579 7607
1580 2997
1582 6542
1584 2081
1586 7502
1588 8262
1592 1111
1593 4456
1594 1646
1594 1693
1595 4081
1597 6261
1598 8822
1599 6836
1600 645
1604 9296
1605 2214
1605 7026
1609 3809
1610 424
1610 3963
1612 318
1614 7786
1615 3623
1616 9201
1616 9483
1617 6092
1619 591
1619 3385
1620 3699
1622 8154
1623 2826
1624 2534
1624 5157
1625 2634
1626 171
1627 6043
1628 3031
1628 9204
1629 4610
1630 598
1633 9460
1635 8546
1636 9562
1638 117
1640 5726
1642 913
1643 596
1644 7380
1645 4608
1646 3263
1646 3762
1646 5206
1649 564
1650 3807
1651 4847
1652 2944
1653 1848
1654 9435
1655 4638
1657 1906
1657 2862
1658 5264
1660 1782
1661 9175
1662 8355
1664 2645
1665 2554
1666 5680
1668 3235
1670 260
1671 6879
1673 4025
1677 8452
1677 9098
1681 6404
1682 9829
1684 2291
1685 3283
1685 8972
1686 1741
1686 4319
1688 6493
1688 8312
1689 6436
1690 1837
1690 3907
1691 7900
1692 633
1693 6444
1693 8382
1694 5898
1697 481
1701 19
1702 2202
1704 7724
1704 9332
1706 9652
1708 1544
1708 3351
1709 3592
1709 6607
1709 8922
1710 2502
1711 7023
1712 6144
1712 7171
1713 4248
1713 4378
1714 9116
1718 799
1718 1645
1719 8153
1720 7364
1722 3448
1723 4740
1724 9713
1725 2676
1727 4227
1727 7333
1728 7750
1730 5675
1733 3944
1735 4861
1736 904
1736 3966
1738 467
1739 1914
1739 2270
1741 3596
1742 1437
1743 5449
1744 4202
1744 5668
1746 9599
1747 6726
1748 3007
1751 727
1754 3057
1763 123
1763 1813
1765 4832
1766 7598
1775 8207
1776 2342
1777 8162
1778 6470
1780 4490
1781 1111
1782 3039
1783 1926
1784 9763
1786 8898
1787 5685
1787 6542
1789 4651
1790 307
1790 4552
1791 5291
1792 257
1793 1237
1796 7
1796 7042
1797 422
1797 3087
1798 695
1799 6168
1800 2383
1800 6912
1801 1674
1802 9754
1804 5583
1805 9078
1806 4598
1807 1229
1809 5045
1810 9857
1811 4663
1811 6333
1814 993
1816 6027
1816 6395
1817 1888
1817 7584
1819 2327
1819 9139
1820 8570
1823 3475
1824 7015
1827 826
1829 25
1829 8225
1830 2924
1830 8472
1831 399
1831 5941
1831 7936
1832 4541
1833 445
1834 6259
1835 5070
1835 6591
1836 5398
1837 5143
1837 5401
1838 3240
1840 7930
1841 7430
1842 1118
1842 4999
1845 9357
1846 6953
1847 2734
1847 4856
1849 7674
1849 9889
1852 7484
1853 2161
1854 9763
1855 6453
1857 411
1857 2213
1858 6374
1858 8112
1865 8454
1867 2215
1870 1291
1870 8311
1873 3468
1873 8072
1873 9714
1874 4003
1878 8565
1882 2032
1884 517
1887 7082
1888 5718
1892 6502
1894 1584
1894 3495
1895 1286
1895 5050
1896 1819
1898 2347
1898 9777
1903 308
1903 5408
1904 9205
1905 8812
1908 2560
1909 6521
1909 7022
1911 7127
1914 977
1915 6978
1915 7130
1916 8943
1917 472
1917 3706
1920 8109
1924 5609
1930 3832
1932 3450
1933 3186
1934 4511
1936 3965
1939 8678
1941 123
1942 298
1945 8196
1947 7809
1948 9248
1953 8689
1955 2830
1955 7832
1957 8882
1959 8109
1960 3789
1960 4963
1961 8798
1963 234
1963 4445
1964 2159
1964 2486
1968 226
1968 4317
1968 4473
1968 6421
1969 6410
1972 86
1973 2194
1973 8851
1974 9622
1975 2476
1975 6430
1978 7272
1979 3618
1982 447
1983 7407
1984 7307
1984 9232
1986 25
1991 524
1992 9473
1993 3269
1996 8219
1998 4626
1999 8259
2000 328
2000 4680
2005 631
2009 2381
2010 2828
2010 9493
2011 8853
2013 609
2013 5710
2013 8143
2015 4741
2015 5504
2020 457
2021 8865
2021 9457
2022 2925
2023 7762
2024 656
2024 7235
2024 7281
2025 294
2025 5779
2027 6409
2030 9451
2031 1873
2034 8429
2035 2035
2036 2410
2043 9672
2044 848
2044 2847
2045 372
2045 5559
2049 5634
2050 9910
2052 1545
2052 5618
2054 9303
2056 296
2056 9404
2059 2345
2059 7096
2064 6846
2067 199
2067 580
2068 1716
2068 5165
2069 5591
2078 1383
2078 9612
2081 4512
2081 9468
2082 8869
2085 4085
2089 729
2089 7325
2089 9126
2092 958
2092 3576
2095 1635
2099 642
2099 2130
2099 3082
2103 8476
2103 8522
2104 8963
2106 3812
2106 4730
2109 8295
2113 2853
2117 2334
2117 6405
2119 8583
2120 3044
2120 6596
2122 8848
2123 1451
2123 2857
2125 1483
2125 4317
2125 7216
2126 794
2127 420
2127 5049
2129 3356
2129 7318
2130 8956
2132 1610
2132 6684
2132 7117
2132 9986
2133 712
2136 1064
2136 2063
2136 7725
2136 9889
2139 9349
2143 1524
2143 2575
2143 6039
2146 3063
2147 2743
2149 2568
2149 6950
2150 5946
2150 6023
2150 6283
2152 7902
2152 9653
2157 9296
2158 7483
2159 1053
2159 5944
2159 8390
2161 6210
2162 3094
2163 7378
2165 5831
2169 1378
2169 6751
2170 1270
2171 2358
2171 7144
2173 9406
2174 2791
2175 7491
2177 4230
2178 4384
2179 9275
2180 4973
2181 9692
2183 8752
2185 2550
2187 3607
2187 7763
2187 9507
2189 2166
2189 3244
2190 5229
2191 8483
2192 3347
2192 9760
2194 7544
2195 2471
2195 5332
2196 1904
2196 9766
2197 2566
2200 9455
2207 9901
2211 4607
2212 994
2213 5014
2213 5234
2213 8236
2213 9751
2214 2264
2214 5790
2215 8818
2216 6879
2217 250
2217 9916
2223 5958
2223 7563
2223 8506
2226 6339
2231 4
2232 2513
2232 9926
2232 9933
2234 3470
2234 7655
2236 9884
2238 2751
2238 5518
2239 2310
2239 6753
2240 1395
2241 1904
2244 7803
2246 983
2247 7299
2248 6625
2248 7368
2249 97
2250 4685
2252 3141
2252 8811
2253 9373
2254 2128
2256 5342
2258 421
2258 1438
2259 4582
2261 4289
2261 8528
2262 3455
2263 561
2263 9859
2265 5110
2267 4844
2267 7480
2268 3116
2268 7915
2269 1041
2269 5116
2270 429
2271 7930
2272 3207
2272 3802
2278 6492
2278 9362
2280 5868
2280 6323
2283 4226
2283 7179
2284 4383
2284 7101
2285 8436
2286 2936
2288 3449
2288 6018
2290 1463
2290 2518
2290 4743
2290 9273
2291 645
2292 8909
2292 9007
2294 4674
2295 5564
2296 234
2296 4066
2296 7253
2296 9602
2297 2771
2297 8205
2299 805
2299 3330
2307 6401
2307 8496
2308 7610
2310 427
2312 1067
2312 6004
2313 9408
2315 4057
2318 5577
2321 3381
2325 5101
2326 1538
2326 2969
2328 2330
2329 9696
2330 3062
2330 4083
2330 5917
2331 8481
2331 9035
2333 9578
2337 8408
2338 547
2340 6726
2341 4633
2343 9148
2350 3681
2350 4224
2350 6833
2351 2127
2352 5619
2354 6039
2355 2126
2358 1601
2358 9690
2359 1744
2359 2746
2359 6417
2361 2071
2363 1500
2365 4152
2366 4913
2366 7888
2367 1727
2371 4296
2372 6550
2375 9985
2376 9926
2377 773
2377 3783
2379 3866
2380 109
2381 4008
2381 5223
2382 8231
2384 4385
2386 9647
2387 2353
2387 4071
2387 8782
2388 3527
2391 431
2391 8352
2393 4017
2393 8045
2394 3453
2396 1311
2396 3306
2397 8424
2400 5126
2403 2453
2403 6863
2404 2824
2405 2730
2405 7961
2406 870
2407 413
2408 5265
2408 8992
2410 4631
2411 2970
2411 6951
2415 7647
2418 1161
2418 2853
2419 642
2419 2004
2419 7761
2420 5220
2422 3783
2422 9182
2426 1914
2426 5348
2428 2269
2431 3698
2433 6530
2433 7671
2434 606
2435 494
2436 6440
2438 1251
2442 2662
2443 795
2444 7384
2445 7281
2445 7969
2446 3305
2447 7267
2448 443
2448 5560
2449 887
2449 6493
2453 3116
2454 8990
2456 3802
2458 4259
2459 225
2462 8588
2464 3126
2467 2160
2468 27
2469 6511
2469 6677
2470 5029
2475 8668
2476 1067
2478 5424
2478 7023
2481 1536
2481 6833
2482 254
2482 385
2482 1390
2483 9565
2484 4191
2486 391
2487 5851
2487 9149
2489 6051
2489 9913
2490 4613
2491 6228
2492 8698
2493 326
2493 1349
2493 5241
2493 6600
2501 395
2502 7114
2504 1108
2504 6547
2505 8432
2507 9428
2511 1325
2511 6929
2511 9676
2513 5696
2515 1689
2520 5365
2520 8477
2521 1483
2524 5720
2525 4399
2528 2873
2529 4461
2533 1220
2535 6400
2537 6836
2540 838
2540 8275
2541 4849
2541 5697
2542 4125
2542 8820
2544 2533
2547 2589
2549 9818
2550 333
2551 1025
2551 1075
2551 3227
2551 6468
2552 3048
2552 5579
2552 8216
2554 7630
2557 8313
2558 4564
2560 7710
2560 9965
2561 3455
2564 4516
2565 2838
2565 4350
2565 5745
2566 2780
2567 6055
2568 678
2568 4132
2569 409
2569 4523
2572 6791
2574 9400
2576 3379
2576 4666
2577 1116
2578 7958
2579 6534
2580 641
2580 1884
2582 5704
2582 7315
2585 1453
2585 6040
2588 940
2589 1613
2589 2296
2589 2788
2589 4057
2589 4501
2591 6616
2592 7650
2592 8732
2594 8466
2596 3056
2597 6134
2599 663
2606 5819
2607 7368
2609 5314
2609 5679
2610 4808
2610 8718
2612 9406
2615 563
2616 5415
2617 9843
2618 672
2618 9784
2620 6951
2621 3916
2623 1077
2623 1742
2624 7453
2625 3983
2626 9496
2628 3475
2632 2812
2634 5786
2635 7309
2636 5405
2641 873
2643 827
2645 5419
2645 5612
2646 404
2646 5782
2648 636
2650 1136
2651 5034
2653 8072
2653 9764
2654 9527
2655 1384
2655 4293
2655 7019
2656 2638
2657 1318
2658 7458
2661 6293
2661 9100
2662 1074
2663 2959
2664 2718
2664 4197
2667 5721
2668 5325
2670 8507
2674 4911
2675 1620
2676 8771
2685 6193
2690 7578
2691 2448
2694 4601
2697 2684
2698 486
2700 6295
2700 9949
2702 4113
2702 7784
2703 6399
2704 9026
2709 3667
2710 6663
2711 5768
2711 7073
2714 3372
2715 6452
2716 6935
2718 4985
2719 2264
2721 3530
2721 5054
2726 4018
2726 9553
2736 3201
2740 8337
2742 3845
2743 8303
2744 9211
2745 2153
2746 426
2746 9638
2750 2009
2750 7247
2751 8380
2751 9988
2752 3523
2752 4626
2754 2320
2757 697
2757 6438
2760 2854
2763 6562
2767 4658
2767 9636
2768 3971
2770 8670
2770 9958
2771 4727
2774 8192
2776 6690
2776 7327
2776 8136
2777 818
2778 9964
2781 3261
2781 9138
2782 6754
2783 1810
2784 5955
2784 9711
2784 9990
2789 759
2789 4890
2790 8994
2791 9806
2792 1402
2794 1226
2798 6035
2801 7472
2802 3541
2802 4458
2803 7968
2806 3203
2807 9250
2808 22
2810 3478
2814 5472
2820 7972
2821 9799
2825 337
2826 5023
2828 5883
2828 6110
2830 641
2831 968
2832 2647
2832 4065
2835 878
2837 4583
2841 3864
2845 1311
2848 3139
2848 9511
2853 3294
2853 4963
2858 6783
2858 8266
2859 7834
2860 3456
2860 4727
2862 406
2864 3471
2866 385
2866 1443
2866 7823
2867 5413
2868 7844
2869 7846
2874 2243
2874 5557
2874 8009
2875 2807
2875 4010
2877 7042
2881 2515
2882 3926
2883 9937
2884 5843
2885 2256
2885 4984
2887 4850
2890 6447
2892 4463
2892 6879
2892 9435
2895 6540
2896 3805
2901 898
2906 5179
2917 9822
2919 7566
2921 3336
2921 7400
2925 8820
2928 1408
2928 7556
2929 1795
2929 1822
2931 1690
2931 4342
2935 4586
2936 4382
2938 6327
2938 8191
2938 9758
2939 1558
2939 3279
2939 5740
2939 7014
2940 1820
2940 4852
2941 69
2942 9081
2943 9825
2947 855
2947 1322
2948 6252
2948 8570
2951 6723
2952 351
2952 4124
2956 4169
2960 7589
2961 2055
2964 1474
2970 9518
2971 5451
2972 627
2973 4336
2974 5317
2974 5473
2975 9675
2977 1420
2978 8351
2979 4152
2979 5765
2980 8465
2982 293
2982 8262
2983 1601
2984 1975
2984 6946
2985 3001
2988 1765
2989 3572
2989 9132
2990 2188
2990 3782
2992 6406
2994 7082
2999 557
3003 8501
3004 1929
3007 5746
3007 9078
3008 9239
3010 698
3011 3428
3016 7823
3017 7767
3021 952
3021 1671
3022 4236
3023 27
3025 3068
3029 4674
3029 5500
3029 6677
3029 9224
3031 2677
3033 1581
3033 2563
3036 497
3036 5919
3037 6144
3037 9996
3038 2081
3038 2879
3039 5385
3041 9091
3042 2146
3042 8115
3045 8528
3046 308
3046 6649
3046 9386
3048 4754
3048 8798
3051 9731
3055 5694
3058 9044
3059 1274
3059 8390
3060 2466
3061 9168
3062 1982
3062 4026
3066 3602
3066 7077
3067 79
3068 3091
3070 1379
3070 5949
3071 4198
3071 5433
3075 3165
3076 6682
3077 5542
3078 105
3078 7749
3078 7925
3080 2186
3080 4888
3082 2357
3082 8817
3083 9471
3088 213
3089 1373
3089 5695
3092 7058
3093 4180
3095 454
3095 1181
3095 9771
3098 2830
3098 6832
3099 1252
3099 2345
3099 2612
3103 1505
3103 4857
3104 5665
3106 5384
3107 7957
3110 6903
3113 1098
3113 2185
3115 1841
3115 2877
3117 8975
3118 9316
3119 8002
3119 9643
3120 9246
3122 4395
3123 7365
3125 96
3126 5480
3127 8611
3131 4214
3133 4862
3133 5910
3135 6762
3135 8120
3136 3631
3137 2912
3138 1498
3138 4640
3140 1019
3141 2593
3142 2479
3142 5415
3144 4164
3149 1994
3149 7837
3151 3349
3153 3405
3153 8261
3155 5753
3157 6096
3157 6700
3157 6887
3160 9154
3161 2754
3161 4759
3163 7620
3169 9229
3170 7676
3171 9897
3172 5036
3172 6655
3172 7381
3173 8034
3173 9371
3175 2614
3178 9929
3182 6855
3184 2860
3186 1064
3187 9756
3189 5024
3189 9902
3190 9554
3192 1068
3192 4904
3193 3259
3196 4011
3196 4665
3199 3500
3199 7097
3202 135
3204 2335
3208 5585
3213 6604
3214 7852
3214 8384
3216 2132
3219 7669
3220 991
3220 4854
3222 7736
3222 8274
3227 1369
3229 2905
3234 3000
3234 4896
3235 3092
3238 5230
3243 4313
3244 2926
3244 5355
3245 4040
3250 8589
3250 9477
3252 3395
3252 4561
3256 2025
3257 290
3257 8512
3261 9098
3263 3531
3268 2222
3268 2795
3268 9846
3270 912
3271 529
3274 4628
3275 9192
3276 3656
3276 6812
3276 8292
3277 1742
3277 7667
3278 4441
3281 6272
3281 9721
3282 305
3284 3593
3285 5736
3287 730
3287 926
3288 1660
3289 9630
3292 1347
3294 9786
3295 7597
3301 141
3301 3887
3302 5722
3302 8213
3304 6043
3304 9535
3304 9555
3307 3216
3309 1538
3310 3372
3311 2456
3311 9068
3314 2050
3314 8291
3314 9055
3315 72
3319 4446
3319 7173
3321 4502
3322 745
3323 5425
3323 8464
3323 9402
3324 2398
3327 7043
3327 9315
3328 6622
3332 6048
3335 5820
3339 1366
3344 411
3346 8812
3347 8277
3351 8119
3354 5618
3354 9589
3355 4946
3355 8396
3357 8415
3358 4571
3359 7682
3360 6968
3360 7643
3362 7625
3366 9321
3367 1836
3368 8784
3369 4127
3370 7933
3371 9531
3375 5720
3376 4431
3377 4564
3381 3253
3384 4661
3386 4374
3386 9824
3388 9765
3391 2004
3395 4980
3396 7532
3399 6735
3399 6989
3400 817
3401 793
3401 8686
3403 2157
3405 2535
3406 1430
3408 2840
3408 8388
3408 9714
3409 3106
3409 9234
3409 9657
3411 1712
3411 3282
3412 9244
3412 9278
3412 9924
3413 1975
3418 3785
3422 2247
3422 6700
3424 3065
3425 6918
3426 9066
3428 7221
3432 756
3434 2589
3435 1932
3435 2652
3435 5959
3436 4192
3436 6943
3438 4239
3441 5588
3442 6155
3444 3083
3444 7214
3446 3555
3451 962
3452 2156
3453 337
3453 3697
3453 7882
3454 5530
3454 9169
3455 5774
3456 1720
3456 5198
3459 1723
3459 3788
3459 6869
3460 8107
3461 9046
3461 9948
3464 2703
3467 5403
3467 9471
3468 5982
3469 6224
3469 9370
3471 3786
3472 218
3472 2769
3477 4463
3477 5839
3478 8229
3479 1379
3480 730
3480 1267
3482 8422
3483 5804
3484 5750
3485 9882
3486 1689
3486 8790
3487 3200
3487 5776
3488 3813
3490 9833
3491 2305
3491 9198
3493 7465
3494 1475
3494 7717
3494 9584
3497 5168
3499 757
3499 5882
3500 6015
3503 5538
3504 9766
3505 5047
3506 9335
3507 4943
3508 118
3509 7744
3509 7958
3510 545
3510 9066
3511 8265
3512 7388
3515 2015
3517 9902
3518 1426
3519 1235
3521 6380
3522 7657
3524 1260
3527 2920
3528 3178
3529 6516
3530 8137
3530 8640
3530 9015
3530 9771
3531 9215
3533 2479
3534 7757
3535 7195
3535 7381
3535 9154
3536 408
3537 4551
3539 1149
3540 9777
3541 2011
3541 4352
3542 414
3542 2875
3542 5977
3542 7147
3543 32
3543 302
3543 8148
3543 9153
3547 2691
3547 3176
3547 6841
3550 1607
3550 6869
3551 655
3552 3788
3552 4392
3553 3463
3554 6922
3555 6011
3557 6517
3562 106
3563 2210
3563 3643
3565 8630
3566 1209
3567 5689
3567 8320
3569 7713
3570 451
3570 6923
3573 740
3573 5835
3574 7896
3575 9514
3577 3182
3577 3463
3577 3577
3579 1704
3579 7537
3580 6466
3581 3563
3581 4496
3583 5272
3586 5077
3586 7963
3587 51
3588 2142
3588 2553
3588 4596
3589 572
3590 5681
3591 5099
3592 3336
3592 7997
3592 8552
3594 7232
3595 9233
3596 96
3598 3684
3601 4848
3602 8934
3605 9140
3606 4294
3609 8618
3613 1218
3613 3838
3614 1605
3615 7075
3617 5150
3619 2467
3621 3820
3622 878
3623 3655
3623 4110
3623 9395
3623 9713
3625 1674
3627 4489
3628 4784
3629 8333
3630 4579
3631 2099
3631 7385
3633 2001
3635 8798
3637 588
3638 5534
3638 5796
3640 4557
3640 8264
3643 4209
3644 3954
3644 7977
3650 7820
3651 7861
3653 8683
3654 3644
3656 9145
3662 5408
3664 3442
3665 2294
3666 1844
3669 1729
3669 4494
3670 7271
3671 5862
3674 1289
3674 3443
3677 2713
3677 7180
3678 6301
3679 8730
3681 2008
3684 9205
3686 4225
3689 3217
3695 2305
3695 5514
3697 4755
3698 1607
3698 4604
3699 5656
3700 2045
3700 4269
3703 6732
3705 4442
3706 5314
3707 7388
3709 5024
3709 7085
3709 9294
3710 7249
3710 7880
3711 3644
3712 6776
3712 7625
3714 9643
3715 3158
3715 5312
3716 6861
3719 327
3719 2838
3721 7705
3723 3024
3726 7019
3727 2329
3729 8888
3732 5419
3732 6153
3733 6526
3733 8346
3734 1897
3734 5425
3735 1672
3735 4636
3737 2976
3737 5149
3740 2086
3740 6040
3742 5878
3745 8635
3747 8279
3748 2309
3752 6713
3755 9561
3756 3328
3757 5112
3757 9778
3760 7902
3762 2700
3762 2839
3763 3030
3765 8967
3766 3697
3769 2674
3769 5628
3771 7069
3772 1418
3772 2979
3773 6835
3773 7671
3774 5506
3775 1283
3775 8586
3777 116
3778 6853
3779 1591
3779 2615
3779 6186
3782 87
3782 3117
3782 4062
3782 4091
3782 5034
3783 2328
3784 2873
3785 151
3785 3393
3785 4651
3785 7411
3788 6333
3790 172
3790 5095
3791 3154
3791 8357
3792 4619
3794 338
3794 2662
3795 8464
3796 9563
3797 2988
3802 1523
3803 7675
3803 8774
3805 1893
3806 7553
3808 4386
3810 2267
3811 4071
3811 8990
3812 115
3812 6892
3814 7498
3815 7866
3817 7446
3818 7095
3819 479
3819 4554
3821 5196
3821 9562
3826 3505
3826 5734
3826 7789
3827 2132
3827 9558
3828 1578
3829 9639
3830 2066
3830 2283
3830 5254
3833 4199
3833 4987
3836 7003
3839 472
3839 6962
3839 7138
3840 4079
3843 621
3843 3347
3845 1372
3849 3802
3849 9632
3850 3903
3851 9712
3852 1907
3856 3761
3857 2857
3863 5044
3864 8615
3867 1487
3869 4048
3869 7133
3870 4218
3871 2660
3871 5904
3872 1225
3873 9102
3876 4221
3881 6176
3882 4983
3882 9436
3883 4255
3885 2341
3886 1485
3886 6344
3887 79
3888 6468
3889 3860
3892 399
3893 4900
3893 8785
3894 2035
3894 4747
3897 7615
3899 5900
3901 8609
3903 3993
3903 8285
3906 9833
3909 3745
3912 8852
3913 7884
3916 3811
3916 4801
3917 3494
3917 6248
3919 5199
3920 3687
3921 6801
3921 9610
3924 3842
3924 5401
3925 8315
3927 152
3929 5680
3932 4183
3932 5045
3933 7877
3936 4218
3941 3392
3942 6755
3943 9215
3944 5879
3945 7172
3949 7011
3951 6065
3952 7894
3953 1
3953 6534
3954 6967
3954 6990
3955 1235
3955 4880
3955 6960
3961 123
3961 1981
3961 4821
3963 559
3967 4896
3967 6873
3967 7082
3968 8322
3969 9568
3970 2848
3970 8333
3971 1722
3973 9416
3974 1486
3975 4501
3979 2241
3980 2278
3981 249
3984 1622
3985 9477
3986 6086
3988 2606
3988 4733
3990 5631
3990 7866
3991 6214
3992 4683
3992 4938
3992 8579
3994 6424
3994 6826
3994 9019
3995 4710
3995 9212
3997 3317
3998 862
4000 7520
4002 1541
4003 5047
4004 8966
4005 1828
4005 5058
4007 2136
4008 5526
4009 7167
4009 7883
4010 3559
4012 166
4013 4515
4014 6558
4015 4060
4015 9706
4016 9666
4019 817
4023 2323
4023 3631
4023 9086
4024 5008
4024 5316
4024 6388
4026 3100
4028 9196
4029 7665
4031 9533
4032 5164
4033 9228
4033 9784
4036 5407
4037 5370
4038 5626
4039 659
4040 3976
4041 3605
4042 1692
4044 8534
4044 8612
4047 231
4047 9136
4050 2990
4052 3989
4053 623
4054 1433
4054 7637
4056 8433
4058 1767
4059 2450
4059 6981
4059 7235
4061 1992
4063 5883
4065 779
4066 114
4067 5004
4068 5878
4071 1139
4071 2994
4073 5898
4077 2243
4078 2707
4078 3767
4078 9676
4080 6700
4084 3961
4084 5271
4085 7913
4086 3687
4086 8454
4088 8158
4090 3607
4091 382
4094 5901
4095 915
4096 3600
4097 5022
4098 3145
4099 4658
4100 4117
4101 8853
4102 5267
4102 5269
4104 4637
4104 8716
4106 8680
4106 9459
4107 1897
4107 3646
4110 4
4112 7902
4114 9659
4115 3296
4118 6342
4120 4718
4120 5802
4121 3232
4122 6438
4123 8489
4126 7940
4129 212
4130 7895
4130 7897
4142 8400
4144 8699
4146 3047
4150 3520
4151 6956
4159 6197
4160 8177
4161 1191
4161 3469
4161 8990
4162 3977
4163 1788
4163 5963
4164 6421
4165 7882
4168 7681
4169 8522
4171 8544
4179 5756
4181 3159
4184 3910
4184 9518
4186 5132
4188 6175
4196 2332
4196 9430
4197 7096
4200 5430
4200 5733
4200 8609
4203 3980
4204 9659
4206 9315
4207 4728
4207 6166
4210 3294
4211 1337
4212 6762
4212 9723
4215 7164
4216 4810
4220 5895
4220 9912
4221 1532
4222 2104
4224 3540
4224 4797
4225 3387
4226 818
4228 3217
4229 7389
4230 611
4230 1765
4233 4921
4237 3471
4238 1105
4239 3553
4243 3410
4247 829
4248 6251
4253 6869
4254 6054
4255 6093
4256 1097
4256 9826
4257 2707
4258 4174
4259 2111
4260 2710
4261 4229
4267 1601
4267 8513
4267 9076
4269 3602
4271 3207
4271 4155
4271 8544
4272 2435
4272 9310
4274 3978
4277 97
4278 583
4280 3105
4280 9167
4281 1428
4283 6204
4283 8827
4285 575
4286 5489
4286 6807
4287 2268
4287 4309
4287 6476
4289 4317
4290 5124
4291 2985
4296 285
4298 4028
4298 4957
4299 2515
4299 7342
4302 8850
4303 9018
4304 5120
4304 8422
4306 5451
4307 8341
4309 7359
4311 2208
4311 9900
4314 1426
4315 9301
4315 9579
4315 9762
4317 8238
4318 4611
4318 5089
4320 2353
4322 344
4322 4014
4325 5996
4328 298
4328 5261
4331 3436
4335 7356
4337 2908
4337 7119
4340 9209
4341 6073
4341 9128
4342 880
4344 3872
4344 4646
4346 5349
4348 5991
4348 6456
4348 7416
4349 4985
4350 4326
4350 6618
4350 9776
4351 654
4352 748
4352 4353
4352 9325
4353 5720
4356 8260
4357 5760
4358 1185
4362 1453
4362 2466
4365 2650
4367 529
4367 8045
4370 8925
4372 3950
4373 5902
4373 6968
4376 8293
4377 1476
4377 6943
4378 7663
4380 8513
4382 788
4382 2781
4382 9591
4386 4821
4388 6446
4391 9639
4392 4160
4395 9051
4398 3681
4399 5032
4399 5547
4400 8955
4401 4984
4401 9117
4404 4591
4405 1541
4406 6031
4407 1201
4409 2756
4413 4425
4414 747
4417 8654
4418 2107
4423 7244
4425 276
4425 2740
4431 3356
4432 3850
4432 7967
4433 6036
4436 2629
4437 7316
4438 6041
4439 672
4440 1964
4441 8463
4443 5638
4443 9298
4444 1383
4445 7014
4448 337
4449 8147
4451 1379
4452 1432
4452 3687
4453 3244
4454 1568
4455 279
4456 3919
4457 2979
4460 3786
4461 5407
4462 3181
4463 4832
4463 8310
4464 6914
4465 8675
4468 7656
4469 7019
4469 8577
4469 9309
4470 3250
4471 9362
4475 9538
4476 3687
4478 6427
4478 9771
4479 5463
4479 9195
4482 1995
4486 2045
4490 3721
4491 5980
4492 932
4495 4953
4496 8663
4496 9213
4498 374
4499 7395
4500 2804
4502 1669
4502 5113
4503 2313
4503 4018
4503 7014
4504 2912
4504 9566
4506 3510
4507 5372
4507 7300
4508 3723
4510 1271
4510 3207
4512 9369
4515 9280
4516 5820
4516 7432
4517 3295
4517 7588
4518 372
4518 6143
4518 7328
4519 4243
4519 5282
4521 4634
4522 2171
4523 3300
4524 4649
4525 5847
4526 527
4526 759
4528 6167
4530 7918
4531 1354
4533 3080
4539 565
4542 3670
4542 4033
4544 4825
4545 9423
4546 7684
4548 2530
4548 4965
4549 4848
4553 826
4554 797
4554 9647
4555 7874
4556 5482
4556 6323
4560 6052
4560 8794
4562 3029
4562 4244
4563 2495
4563 4647
4569 6773
4570 3296
4570 5636
4571 9962
4572 768
4572 1015
4572 9804
4573 2067
4575 6620
4575 8344
4579 6178
4581 2889
4583 8974
4583 9314
4586 107
4586 3906
4587 9218
4590 9864
4593 6157
4593 9037
4594 6915
4596 557
4596 2529
4596 6300
4598 1734
4599 757
4603 6412
4604 4897
4606 2539
4606 4482
4607 6997
4608 9290
4610 131
4610 4254
4610 7117
4611 8698
4615 4373
4616 1678
4617 7507
4618 5930
4618 7759
4620 8775
4629 4010
4629 9045
4633 1905
4636 8278
4636 8293
4638 2669
4638 4884
4638 5234
4638 7932
4639 307
4640 1222
4640 5624
4641 7450
4642 4845
4645 7231
4645 8818
4649 5948
4650 2654
4651 1815
4653 1825
4653 3086
4653 3920
4653 8576
4656 6267
4660 7527
4663 7190
4664 7045
4665 9154
4666 416
4667 8246
4670 3587
4673 4985
4677 5450
4677 6799
4681 5767
4681 6738
4681 7453
4683 6823
4683 7919
4685 8484
4686 2375
4687 8705
4688 9236
4689 7263
4689 9934
4690 7983
4691 8405
4694 457
4696 3198
4697 6650
4698 8656
4699 355
4699 1439
4699 9115
4700 1889
4700 4434
4702 9587
4704 2707
4705 3302
4707 5319
4709 5344
4709 5502
4710 2627
4711 1400
4712 3244
4712 8468
4713 4393
4713 8885
4717 3149
4719 855
4720 8289
4723 9151
4724 4200
4724 7045
4725 4154
4725 6165
4730 4084
4730 9783
4731 721
4736 2350
4736 3212
4736 3663
4737 5421
4738 4576
4742 8110
4742 9115
4743 1212
4744 8959
4751 6658
4751 9156
4751 9753
4753 208
4753 1496
4753 4237
4753 4283
4753 5293
4755 660
4761 5852
4761 8950
4768 3883
4768 5617
4772 4384
4772 7873
4774 5106
4775 62
4776 3171
4778 1469
4778 2804
4780 8480
4783 5291
4783 8882
4784 1294
4785 486
4786 6371
4786 9014
4788 2897
4790 4725
4792 6688
4795 3247
4795 9638
4796 97
4798 3854
4798 3940
4798 9564
4800 2961
4800 3992
4801 815
4801 1436
4801 9331
4802 1998
4803 9922
4806 7208
4807 7829
4808 3213
4810 9339
4811 8010
4813 1482
4813 7416
4817 486
4820 211
4820 5539
4824 1617
4827 5210
4828 8899
4830 9599
4830 9792
4832 4691
4835 9572
4837 3765
4840 5104
4840 5154
4841 4189
4842 5087
4842 5658
4842 6844
4843 5030
4844 2835
4846 8378
4847 7168
4848 4893
4849 2281
4852 7760
4854 997
4854 1348
4854 1718
4863 3712
4863 9639
4866 2793
4868 1567
4868 9560
4869 3132
4870 1619
4873 8813
4874 1476
4874 2072
4874 7450
4875 113
4875 1984
4876 3873
4876 6519
4877 9488
4879 6266
4882 2743
4887 3968
4887 7851
4889 4140
4890 2436
4893 6387
4893 8901
4894 2330
4895 7825
4896 2118
4896 4606
4896 9628
4897 6111
4898 230
4900 6018
4900 8554
4901 4526
4902 2823
4903 105
4903 4085
4905 6470
4905 8576
4906 9133
4907 2205
4908 9806
4909 5623
4909 9453
4910 4377
4910 4738
4911 5983
4916 4071
4918 6655
4918 6800
4918 9155
4918 9212
4920 8197
4924 1998
4924 5508
4924 6103
4927 1808
4927 1851
4927 7621
4927 7835
4928 1528
4930 5536
4931 1611
4932 5867
4933 9718
4935 2108
4937 1941
4938 7328
4942 927
4942 5570
4943 486
4944 6049
4947 1233
4951 7683
4956 4169
4957 837
4959 5395
4961 4867
4962 7438
4964 1430
4965 3931
4971 2349
4971 5971
4972 5944
4973 8135
4975 33
4975 4856
4977 6040
4979 3280
4979 6368
4984 3589
4984 5222
4984 8793
4989 2801
4991 3372
4991 6633
4991 7977
4992 8843
4993 1908
4994 1854
4995 5138
4995 6366
4996 2431
4996 4919
4999 314
4999 3045
5001 9707
5002 7524
5003 4481
5004 2108
5005 9519
5006 933
5006 2349
5007 8125
5015 2919
5015 5116
5016 8253
5019 3343
5020 3963
5026 5277
5027 5100
5028 2499
5029 2905
5029 3880
5031 2907
5037 834
5038 1854
5040 2215
5040 4903
5042 8965
5044 4716
5045 8192
5046 9993
5048 9138
5050 6175
5050 9801
5051 9454
5052 205
5052 3248
5054 8009
5058 8661
5062 5631
5063 2618
5063 5879
5064 4000
5065 449
5066 8124
5067 497
5068 8449
5068 8849
5069 5524
5070 4455
5075 5499
5076 9554
5077 1448
5079 3130
5081 5702
5081 6357
5082 7377
5083 4609
5084 1825
5085 259
5088 2542
5089 1630
5089 4113
5091 7444
5092 8300
5097 3104
5097 3826
5097 6204
5097 9665
5099 2490
5099 3332
5099 8236
5100 8813
5104 913
5108 4882
5113 3540
5117 6203
5118 3143
5118 6517
5120 4935
5121 2963
5122 5133
5125 9011
5126 986
5126 7425
5127 5888
5130 321
5131 4335
5131 7010
5134 8326
5138 7451
5139 6823
5140 5901
5146 1816
5146 7417
5150 7449
5151 2655
5151 3085
5152 472
5152 4243
5152 8372
5156 9581
5163 5376
5163 5986
5164 579
5165 6782
5165 9780
5166 1734
5170 4485
5174 9701
5175 7771
5176 8891
5178 9494
5182 7309
5184 282
5184 4183
5184 6331
5188 5977
5191 4666
5192 4218
5192 7579
5194 244
5196 6840
5199 5483
5199 6486
5202 2653
5202 4810
5202 7697
5205 1741
5205 2656
5206 3210
5206 4128
5209 3980
5210 3210
5214 3538
5215 4317
5215 6161
5217 7872
5219 9375
5225 7445
5227 2737
5227 8095
5228 2856
5229 6907
5230 7087
5230 7233
5230 9899
5232 9257
5234 36
5234 6266
5238 6230
5240 7017
5241 4351
5241 4539
5244 1752
5249 9093
5250 5672
5250 7456
5252 7245
5252 7672
5253 2284
5253 6120
5254 2282
5254 7573
5255 1108
5259 2470
5262 6410
5264 1896
5265 8594
5266 1174
5267 1872
5273 8147
5274 5505
5276 8357
5277 6921
5279 567
5279 8807
5280 6670
5280 9599
5281 8195
5282 6157
5282 7932
5284 300
5284 8530
5285 973
5286 5449
5287 9986
5288 5789
5289 1549
5289 4697
5289 6799
5289 8590
5290 1211
5290 2234
5290 7808
5291 795
5291 4020
5292 1886
5293 5920
5293 6376
5294 9017
5301 3968
5302 3662
5306 7123
5307 8824
5308 3176
5308 5918
5309 9932
5310 8689
5310 9111
5311 1748
5311 3699
5312 539
5314 4944
5320 7324
5321 5415
5323 3131
5325 2510
5326 1915
5327 2290
5330 1954
5331 7638
5333 2605
5333 9363
5339 983
5339 5155
5340 744
5340 1426
5341 736
5346 5947
5350 6086
5352 4987
5355 7426
5356 4939
5357 7561
5358 9733
5359 7840
5360 3932
5360 5702
5361 6008
5362 7556
5364 4797
5365 866
5367 8460
5371 4778
5372 5120
5373 1528
5380 392
5380 921
5384 3045
5386 5580
5387 9698
5388 2903
5390 1670
5391 5372
5395 4972
5398 4576
5399 2583
5400 9851
5401 2264
5401 4447
5402 928
5402 4904
5402 8761
5403 3970
5403 7871
5405 6518
5407 2231
5407 3087
5408 1526
5409 4811
5410 1104
5411 3059
5411 3472
5411 8205
5413 7813
5417 624
5418 1346
5422 4682
5432 1159
5432 7394
5434 3765
5437 4393
5438 4677
5438 5684
5440 5055
5441 8344
5443 5788
5443 7142
5446 3627
5447 5104
5448 403
5448 9409
5449 887
5449 6875
5451 1353
5451 7706
5452 7754
5454 4084
5458 177
5463 4994
5464 2292
5466 1509
5466 7329
5468 231
5468 612
5471 4151
5473 2909
5476 4730
5476 9401
5479 8233
5480 2550
5483 8570
5486 3859
5486 5458
5488 4379
5489 147
5490 1094
5490 4639
5492 3637
5494 5634
5497 1309
5497 6236
5499 766
5499 2738
5502 1968
5502 3207
5503 4327
5504 7639
5507 9643
5508 1266
5509 5959
5510 5612
5510 9853
5511 3570
5514 1420
5517 6596
5521 6992
5525 8506
5526 6797
5527 31
5528 7673
5529 4315
5531 2034
5535 4414
5535 5183
5537 1643
5538 9020
5539 5771
5541 1485
5542 5305
5543 542
5544 3915
5547 4879
5547 7293
5548 3382
5548 8123
5549 6919
5550 2898
5550 2963
5551 4647
5552 8843
5552 9772
5558 9004
5559 6676
5560 8568
5561 8177
5562 5644
5563 2840
5567 8024
5568 1582
5568 7322
5570 9051
5572 2000
5572 5191
5573 1595
5578 5552
5579 4960
5580 4428
5580 6972
5582 3277
5583 2861
5585 5625
5585 6253
5587 2213
5589 7457
5590 6852
5590 7669
5591 5538
5591 8661
5592 4153
5592 4417
5593 5168
5595 438
5596 7100
5597 6547
5597 7733
5598 2237
5598 8950
5601 9168
5603 3715
5605 5490
5607 7684
5613 1200
5613 7143
5613 7382
5614 3432
5614 5721
5617 8853
5618 1607
5619 1389
5619 4295
5620 5505
5620 9111
5621 2271
5626 4844
5628 1820
5629 663
5629 6080
5629 9242
5630 4015
5630 5362
5631 2156
5631 5089
5632 1124
5634 5513
5634 9295
5636 6872
5636 9445
5637 6067
5637 6830
5638 8562
5639 2662
5639 3706
5640 2698
5641 628
5642 6978
5644 959
5644 3595
5644 7347
5644 8806
5649 723
5650 825
5651 9322
5653 4145
5655 3250
5656 1298
5657 264
5657 7312
5659 4538
5659 6433
5659 7904
5660 3548
5661 320
5664 6835
5668 619
5669 1059
5670 7297
5674 6999
5675 1756
5675 7132
5676 3443
5679 3490
5682 2650
5687 4193
5689 5823
5691 8883
5692 8583
5693 5651
5696 2369
5697 2884
5697 3386
5697 5891
5699 2504
5700 4897
5701 2022
5703 6723
5704 7583
5706 5944
5706 6022
5706 6079
5706 8674
5707 4214
5707 6806
5709 9780
5709 9980
5711 7076
5712 1598
5718 4610
5719 4962
5719 8184
5720 2026
5720 5132
5720 9312
5723 3902
5725 3827
5731 7856
5731 8828
5732 6344
5734 5981
5735 8371
5735 8990
5736 1223
5736 8636
5737 1061
5738 3061
5740 9658
5741 2516
5741 5030
5741 7539
5742 6757
5742 9689
5742 9724
5744 3629
5745 1192
5752 7102
5753 3755
5756 3257
5757 3970
5758 9867
5760 2591
5761 6469
5769 4144
5772 6781
5775 3684
5776 2102
5776 6515
5780 7635
5780 9338
5782 924
5786 5042
5787 3687
5788 8433
5788 8935
5790 3838
5791 2194
5791 6484
5792 4136
5793 419
5794 5124
5796 5405
5797 8546
5799 9090
5800 576
5800 1040
5802 18
5802 9811
5804 557
5805 6080
5806 5256
5807 688
5808 529
5808 2600
5811 9321
5815 9869
5816 803
5820 4179
5823 9618
5825 5367
5827 6893
5828 2214
5830 3895
5831 5002
5831 8522
5832 4315
5834 5768
5838 5825
5839 4840
5839 6886
5840 3421
5843 3488
5847 780
5847 7607
5848 6136
5849 1119
5850 2195
5850 5344
5852 8222
5855 4905
5859 2483
5863 9325
5864 122
5864 5846
5864 5880
5865 4257
5867 9396
5868 9090
5869 2345
5870 6620
5871 1994
5874 1691
5879 1593
5880 7356
5883 9585
5885 2577
5885 6220
5885 9397
5887 1174
5889 7819
5902 6438
5904 8051
5907 4704
5909 8463
5911 8162
5912 9111
5913 6772
5915 9483
5916 3343
5917 4925
5917 8571
5919 7996
5920 9634
5921 2115
5922 3016
5922 3413
5922 5143
5923 1666
5923 7915
5924 1122
5924 8300
5926 1978
5926 2871
5926 5177
5926 7175
5928 205
5930 1696
5930 8622
5933 287
5933 3619
5934 2499
5935 9958
5936 2408
5943 3901
5945 3519
5945 9406
5947 26
5948 4899
5949 5972
5949 6879
5951 5489
5951 5765
5951 9656
5954 5209
5955 6626
5959 1243
5959 3029
5959 8407
5967 6001
5969 3530
5972 5823
5973 8386
5975 8948
5976 1765
5977 8157
5978 6707
5981 8183
5983 120
5983 3965
5985 6868
5987 6940
5987 7199
5987 9730
5991 4913
5991 9281
5994 206
5994 1912
5995 7730
5996 9387
5997 2977
5997 8261
5998 6332
6001 7203
6001 9008
6002 8865
6003 8909
6005 3957
6009 6301
6012 8011
6013 4418
6013 5650
6013 9617
6015 6710
6016 2296
6016 4969
6017 6764
6022 4346
6025 1016
6025 6910
6025 9430
6026 7722
6028 3967
6029 4380
6029 5506
6033 7313
6033 8221
6038 170
6038 681
6038 2368
6038 8768
6039 2429
6039 8122
6039 9651
6041 3666
6041 5064
6043 1165
6045 989
6045 7785
6046 2814
6046 4087
6047 2548
6048 798
6048 7539
6049 1868
6051 3254
6054 1807
6056 285
6061 2412
6062 4798
6064 3020
6065 1056
6065 1197
6067 8879
6068 9458
6070 2339
6073 3546
6073 5002
6074 5589
6074 8386
6075 7607
6075 8868
6076 3512
6082 5495
6085 3173
6085 6524
6088 1644
6088 8368
6089 5182
6097 4461
6100 3479
6101 5940
6102 575
6102 2893
6106 9194
6108 8434
6109 5757
6112 4496
6116 8513
6117 5286
6117 8252
6119 2793
6119 3909
6121 1508
6121 7748
6122 1445
6123 5588
6124 7097
6125 4090
6127 730
6129 9558
6130 5612
6131 1096
6131 2290
6133 3492
6137 8517
6137 9383
6140 9263
6141 4622
6142 6206
6144 3574
6146 1938
6147 2272
6147 4831
6148 8756
6150 2454
6151 6263
6151 9253
6152 6063
6153 714
6154 2591
6156 9807
6158 2682
6159 4825
6160 7587
6161 5024
6162 6641
6163 2872
6165 8029
6166 2390
6166 5932
6168 4406
6168 7928
6169 3346
6172 5372
6175 6202
6176 122
6176 9945
6177 2149
6182 3475
6182 4772
6183 8065
6185 8672
6187 7894
6190 3391
6190 4384
6190 7239
6193 2989
6193 7009
6193 9778
6194 5812
6198 7022
6199 9722
6200 8890
6203 9827
6205 37
6207 839
6207 6442
6209 3731
6210 7323
6212 2398
6218 7785
6221 3790
6221 5753
6221 7589
6222 749
6223 2734
6223 6952
6223 9573
6226 7262
6227 8929
6228 3508
6229 9250
6230 4357
6232 2709
6232 7090
6233 69
6233 98
6235 7710
6236 6467
6239 4393
6239 6932
6247 7092
6248 8720
6251 499
6253 5168
6256 1869
6256 6493
6257 8964
6259 8705
6260 5651
6262 9601
6268 973
6272 1296
6276 3825
6276 8393
6278 1852
6278 4654
6279 7952
6280 6184
6281 2910
6290 1415
6291 3956
6292 998
6294 4760
6295 844
6295 2314
6299 9312
6301 1873
6302 7654
6303 4530
6306 2514
6307 755
6308 6442
6309 3872
6311 14
6311 7348
6315 9612
6316 1344
6317 5493
6319 5873
6320 9533
6321 804
6323 8371
6325 9615
6326 4344
6331 1025
6331 2128
6335 5333
6336 7381
6338 2313
6338 9174
6342 568
6345 301
6345 4394
6346 4222
6349 4306
6350 3000
6351 2812
6353 2111
6353 4052
6355 5141
6356 4675
6356 8529
6357 3664
6357 7647
6359 3241
6363 9393
6367 2298
6368 6636
6370 261
6370 8906
6372 5616
6375 8944
6377 8030
6378 1410
6383 5100
6384 6517
6390 4108
6391 180
6391 3799
6392 6446
6393 1826
6394 228
6394 6599
6395 233
6395 6452
6396 8981
6398 7632
6400 851
6400 5988
6402 7452
6406 9958
6407 1460
6408 4435
6408 8978
6411 2855
6413 7597
6418 3565
6418 8311
6418 8520
6420 6077
6420 7441
6422 8899
6423 4371
6424 7255
6424 7679
6425 8055
6426 6423
6427 2274
6427 7805
6427 7895
6430 1494
6430 4936
6430 9341
6431 5472
6434 1696
6437 8085
6438 2289
6438 5289
6438 9453
6439 4571
6439 5478
6439 7821
6440 7654
6445 3623
6446 6020
6447 1287
6447 9092
6451 7807
6452 6605
6453 9764
6454 1161
6455 6050
6461 8760
6462 1257
6462 4557
6466 5020
6466 9790
6468 5006
6470 9546
6471 1350
6473 3125
6473 9073
6475 5056
6477 6601
6477 8182
6478 5456
6481 786
6481 5979
6482 1121
6486 3303
6487 2679
6487 3062
6487 3959
6487 8747
6488 7427
6489 1569
6491 7768
6494 3199
6494 5790
6500 9985
6502 681
6502 7473
6502 9997
6505 394
6506 6371
6511 7647
6513 1256
6515 2433
6517 9395
6519 9876
6520 1204
6524 9796
6525 2887
6526 8263
6528 4230
6532 2524
6532 5377
6533 5954
6534 4317
6537 4859
6539 3118
6539 4471
6541 3393
6542 8948
6545 226
6551 9460
6552 1376
6555 4541
6556 3211
6556 4869
6557 960
6559 6358
6559 7072
6560 3416
6561 974
6561 5166
6562 941
6565 2340
6565 3891
6565 5233
6566 1792
6568 765
6569 9601
6572 7182
6572 8762
6573 7939
6574 9333
6575 2442
6576 6060
6580 889
6583 8516
6584 2868
6585 7662
6588 3977
6588 4472
6591 8444
6592 6128
6593 7226
6593 9879
6596 5147
6597 6049
6597 7260
6597 7422
6598 7434
6599 6
6599 6293
6601 2175
6602 277
6602 4671
6602 7556
6603 800
6606 1182
6606 6119
6607 9712
6608 2504
6608 7308
6608 9930
6610 8820
6612 2376
6612 3743
6612 7481
6614 7302
6615 6044
6616 9358
6617 6799
6618 1070
6619 5132
6620 4412
6621 1680
6621 9509
6623 680
6623 3442
6624 8172
6627 5933
6628 6386
6629 2532
6630 3050
6630 5723
6634 3323
6634 9965
6639 396
6639 4737
6640 9274
6642 3747
6643 2319
6644 2054
6646 8329
6650 9752
6652 3151
6652 3574
6652 8496
6655 4659
6657 2175
6657 7800
6657 9977
6658 8942
6659 3101
6661 856
6662 9987
6663 9879
6664 331
6664 592
6664 1488
6665 2935
6665 6500
6668 3601
6670 2953
6671 5934
6672 1271
6672 9493
6673 2241
6674 7078
6675 2276
6675 7320
6678 3159
6679 1485
6679 7163
6679 9564
6681 5328
6682 3897
6682 5771
6682 8618
6683 2090
6689 2431
6690 529
6692 5179
6696 8765
6699 6400
6699 9030
6703 7572
6703 9805
6705 4840
6706 4208
6707 4875
6713 8014
6714 6517
6715 3173
6715 4812
6716 3577
6716 6592
6716 9722
6718 3907
6718 4314
6718 5691
6718 5706
6718 6248
6718 7790
6720 1283
6721 4832
6722 1167
6723 1258
6723 3624
6723 8079
6725 1298
6726 1603
6727 3439
6728 3523
6729 46
6729 8413
6731 1603
6732 4074
6736 6695
6737 3143
6738 3598
6741 8737
6742 762
6744 2276
6748 7191
6750 926
6753 8001
6754 1566
6756 3067
6757 8258
6760 3403
6761 1715
6761 4459
6763 1306
6763 6528
6767 819
6767 2726
6768 1043
6774 2227
6775 610
6776 575
6778 5735
6778 7050
6778 9705
6780 8363
6782 1899
6783 3187
6783 3985
6783 8040
6784 1300
6786 6243
6788 2090
6788 7972
6791 2826
6791 3165
6795 2621
6795 9463
6796 8702
6799 8893
6800 6855
6803 3355
6804 9924
6809 1780
6809 6004
6810 1016
6811 1164
6811 3182
6811 5298
6811 6170
6814 2457
6814 3776
6814 7150
6815 5558
6815 9256
6818 5711
6820 90
6820 5084
6821 2764
6823 5291
6824 1539
6826 5515
6826 6547
6826 8148
6830 1183
6832 4182
6834 3516
6835 145
6837 766
6838 1742
6838 6632
6842 6698
6843 4468
6844 3833
6845 757
6847 2261
6848 9116
6849 8980
6853 907
6853 7936
6855 897
6855 1442
6856 3999
6856 5471
6860 203
6860 288
6861 5181
6863 3185
6863 6090
6865 6382
6867 974
6868 5351
6869 1197
6869 1816
6870 245
6870 8004
6871 7632
6873 1091
6874 1903
6875 1137
6875 9846
6881 4628
6883 5561
6886 6452
6887 1917
6888 3527
6894 6771
6900 2447
6900 6162
6902 7272
6904 5890
6906 8292
6908 998
6908 7543
6909 6436
6910 8515
6911 2112
6913 2299
6913 9436
6915 5613
6915 9784
6916 7121
6917 3849
6918 8163
6921 3089
6925 3474
6925 5355
6929 7553
6930 331
6932 4399
6935 8912
6936 9908
6937 48
6937 3165
6937 5621
6938 4536
6939 397
6939 1724
6940 8455
6941 499
6943 2894
6944 4893
6945 5482
6948 6511
6952 6838
6954 7668
6956 7069
6957 6074
6958 8416
6958 9525
6961 5802
6962 1662
6962 5697
6962 6846
6962 8612
6964 5442
6965 1911
6972 7754
6975 531
6980 8651
6981 7769
6982 4907
6982 6604
6985 4906
6988 2526
6988 6690
6994 7496
6995 9351
6996 2576
6996 4984
7000 7203
7001 2055
7003 5192
7004 267
7005 4636
7009 7831
7010 2939
7010 3647
7011 1018
7011 4481
7012 3774
7015 2578
7016 1850
7017 9313
7018 196
7018 3166
7020 4765
7020 8593
7022 8306
7025 9967
7026 1787
7027 6213
7028 9920
7033 8909
7037 70
7037 9483
7039 497
7039 3912
7040 3004
7043 111
7044 5016
7046 2929
7048 5619
7054 8599
7056 7942
7057 2525
7057 5871
7061 2311
7061 2978
7062 7073
7065 3490
7067 3918
7067 4065
7070 1956
7071 1182
7071 8509
7072 1697
7073 3296
7077 3324
7080 4962
7080 8726
7080 9743
7081 6070
7082 6874
7084 6459
7087 6520
7089 3413
7090 368
7091 6665
7093 1765
7095 6447
7095 7857
7096 541
7096 6715
7097 4303
7097 5067
7098 272
7099 755
7099 3642
7099 6536
7099 8327
7100 341
7101 1304
7101 4889
7102 5401
7106 4141
7108 2301
7110 3050
7111 7115
7111 7354
7114 1519
7118 6637
7123 6326
7125 8778
7129 8902
7133 8497
7135 2182
7136 5187
7146 1704
7146 3988
7151 4311
7153 5951
7155 7344
7156 2487
7156 2698
7157 2970
7157 3004
7157 8864
7157 9749
7161 4123
7161 9527
7163 7610
7167 5416
7168 3711
7168 5676
7169 4033
7169 4916
7170 7929
7170 8496
7170 9690
7171 7887
7175 1434
7176 765
7179 7755
7181 3752
7182 1267
7183 1050
7184 5120
7184 7499
7185 5699
7189 1902
7189 6621
7190 1231
7190 7922
7192 1583
7192 2885
7192 9497
7195 9012
7200 6661
7201 5084
7206 759
7206 5221
7207 6089
7208 163
7208 7233
7208 9826
7209 5866
7210 3646
7211 4605
7211 6204
7211 8281
7211 8364
7212 7977
7213 2634
7213 3157
7214 5393
7216 4107
7217 3255
7222 2827
7224 8637
7225 1709
7225 4867
7227 4588
7228 4342
7228 6964
7229 4540
7229 6796
7230 1166
7231 6186
7234 4010
7236 9185
7237 2745
7237 4227
7237 7879
7238 541
7240 8334
7241 722
7241 2028
7242 1791
7243 169
7243 6937
7243 7696
7246 7890
7249 9111
7250 2585
7251 5469
7255 5540
7257 3722
7258 9107
7259 3805
7260 2642
7262 2461
7262 8651
7263 4438
7266 884
7268 9643
7269 4995
7275 4900
7275 8443
7277 4664
7280 1101
7285 5956
7287 5152
7287 9250
7288 6224
7290 8079
7290 8800
7294 2164
7294 8057
7298 8106
7298 8193
7299 3567
7299 7009
7304 5683
7304 7706
7306 4547
7307 1876
7307 5564
7310 5309
7311 6434
7311 9096
7315 1161
7317 6466
7317 6697
7317 8507
7317 9782
7320 8398
7321 5665
7325 1445
7330 8697
7331 6296
7332 2458
7332 6332
7333 298
7335 5857
7335 9038
7336 6872
7338 6791
7339 6126
7342 4421
7346 2061
7346 3289
7347 949
7347 5923
7347 9259
7349 2733
7350 714
7351 4925
7358 7835
7361 5218
7361 9072
7362 1376
7362 2838
7367 1459
7367 4412
7369 4811
7369 5719
7370 7868
7373 9789
7374 5300
7374 7306
7375 3769
7379 4353
7379 7439
7380 1337
7381 1416
7383 726
7385 3935
7386 6534
7387 1805
7388 4283
7388 7276
7390 3865
7390 5096
7391 3586
7394 6695
7395 575
7395 6396
7397 8872
7399 7740
7403 3307
7404 3673
7406 9682
7409 2399
7409 2630
7409 3317
7410 5541
7412 3750
7412 7770
7413 2152
7413 7663
7415 5571
7415 7526
7416 1331
7416 3260
7419 6242
7422 3590
7424 8782
7424 9443
7425 7533
7425 9919
7426 2959
7427 2030
7428 4200
7430 1733
7430 8664
7432 788
7438 1153
7438 4481
7438 8148
7438 8528
7441 575
7442 2384
7444 988
7446 2319
7448 4712
7449 98
7449 6051
7449 7394
7450 4938
7450 7569
7451 1427
7451 6265
7453 7464
7455 8531
7457 2767
7457 9083
7457 9363
7458 6101
7460 115
7462 29
7463 528
7464 5432
7468 1675
7468 7779
7468 9601
7475 1574
7477 2241
7478 1603
7480 2615
7480 8001
7480 8757
7481 1172
7482 4252
7483 6827
7485 8954
7488 3512
7488 7114
7491 1027
7491 1259
7494 687
7496 3399
7500 5704
7500 8212
7502 429
7502 7299
7503 7323
7504 8484
7505 3092
7508 8066
7508 9676
7509 6379
7510 7104
7512 261
7512 8691
7514 6392
7517 4781
7521 5960
7521 7261
7524 3277
7526 771
7527 1049
7528 5020
7528 5994
7529 2839
7529 5864
7534 1045
7534 5940
7535 2544
7535 7169
7538 1860
7540 5329
7540 8639
7540 8863
7541 4249
7542 9352
7544 2315
7544 8897
7546 9824
7547 7974
7548 5442
7549 2240
7552 8716
7553 1234
7554 750
7555 9877
7556 6552
7559 7943
7560 8331
7562 8963
7563 7074
7565 8481
7566 6708
7567 87
7567 268
7567 6877
7567 8637
7569 3320
7571 1422
7571 4653
7572 4300
7576 4724
7577 3937
7579 621
7580 8055
7586 1611
7588 1566
7588 3119
7588 9122
7589 4124
7589 4384
7589 5305
7589 7112
7593 1454
7593 4815
7595 1917
7596 3516
7597 4119
7597 6864
7601 2684
7601 5089
7601 7117
7601 9797
7603 688
7604 8899
7609 56
7610 1141
7611 3199
7612 4704
7615 8727
7615 9294
7617 6964
7617 8005
7619 7543
7620 332
7620 2857
7620 4073
7621 928
7621 8077
7622 3226
7622 6170
7623 8893
7629 774
7634 4128
7636 2933
7637 3427
7637 5650
7640 2145
7642 777
7642 9676
7643 9046
7646 2066
7646 9066
7648 3903
7649 1815
7649 3957
7649 5246
7649 5745
7650 9477
7652 1616
7652 4471
7652 7398
7652 8735
7653 6107
7654 6638
7657 101
7657 4024
7658 3637
7661 4113
7661 7345
7662 1709
7662 6081
7662 9840
7663 4166
7663 8167
7665 2880
7665 3779
7665 5277
7672 3437
7672 8016
7676 569
7676 8359
7677 1296
7680 2030
7688 7998
7688 9536
7689 3550
7689 5694
7690 3953
7690 9202
7693 3258
7697 3410
7701 324
7701 1850
7701 3054
7701 4644
7701 7635
7702 227
7705 490
7705 1313
7708 9458
7713 3673
7713 6117
7714 724
7715 378
7715 6248
7717 7896
7718 6803
7719 3777
7720 3114
7721 9879
7722 4792
7727 2793
7727 8092
7729 2514
7731 1335
7731 2453
7732 3099
7732 6138
7733 5964
7736 2668
7739 2217
7741 5853
7746 8911
7748 2432
7748 3105
7748 6505
7749 6345
7754 7660
7754 9572
7755 3012
7759 5415
7759 7821
7760 641
7760 5499
7765 9983
7766 7930
7767 822
7768 8542
7771 1820
7773 3377
7774 539
7774 6046
7775 4046
7775 8388
7776 5805
7778 6
7779 1052
7779 8890
7779 9046
7780 8834
7781 1214
7785 4703
7785 5626
7788 6543
7790 878
7790 2109
7791 7847
7793 5300
7795 2897
7797 2027
7798 9394
7799 5914
7803 9505
7804 1624
7809 3713
7810 8274
7811 9604
7818 6771
7820 1703
7820 4649
7820 6592
7820 9351
7821 1666
7824 9625
7824 9964
7825 9979
7829 884
7829 5061
7829 6274
7830 7534
7831 2717
7833 2269
7837 1460
7840 8534
7841 8325
7842 4611
7842 9813
7846 759
7848 4199
7848 8786
7850 4811
7853 2580
7855 6152
7856 1867
7856 6699
7857 3284
7861 7355
7862 9724
7864 321
7864 6172
7869 604
7869 3113
7869 6655
7869 9426
7871 235
7871 950
7871 6406
7872 2494
7872 5795
7873 497
7873 592
7873 6075
7875 2635
7877 1629
7877 6790
7879 394
7880 4977
7880 8717
7885 4309
7887 5901
7888 7935
7891 9027
7893 6490
7895 9837
7896 1662
7897 6450
7898 3010
7899 4312
7901 4222
7908 9797
7909 4108
7911 4881
7912 9096
7921 6972
7922 6634
7923 1097
7923 6706
7923 8414
7926 7060
7927 1376
7929 4544
7930 3109
7930 6524
7930 7714
7932 7485
7933 4210
7935 957
7938 3236
7938 3810
7940 618
7941 2131
7941 6777
7944 1417
7944 5605
7946 5573
7949 640
7950 7451
7951 1603
7951 9349
7951 9435
7953 1003
7954 8284
7955 4472
7956 9116
7958 3643
7958 8532
7960 5666
7966 4141
7970 2250
7971 8472
7975 8381
7976 3675
7978 1171
7978 2680
7979 3577
7980 4239
7981 397
7981 5327
7981 8897
7982 303
7983 187
7983 7415
7984 8258
7985 2454
7986 3566
7987 4237
7989 4264
7989 6529
7991 2740
7991 4746
7991 9783
7991 9888
7992 4826
7993 2605
7994 1069
7995 786
7995 7994
7999 2400
7999 3359
7999 3495
8001 918
8001 2110
8001 3200
8002 3526
8003 6626
8005 6755
8005 8035
8007 2709
8007 5996
8007 8525
8008 7869
8009 7419
8010 9383
8011 8858
8012 3959
8015 3571
8015 7043
8016 6999
8018 2887
8020 770
8022 7079
8023 3286
8028 2137
8028 7193
8029 4854
8029 6572
8030 7507
8031 966
8032 8987
8033 6348
8034 3653
8037 3421
8037 3502
8037 7482
8038 9472
8040 5938
8040 8128
8042 90
8044 5247
8044 5990
8046 7780
8048 8499
8048 8889
8049 4918
8052 854
8053 1672
8054 6235
8055 4137
8056 5549
8056 6278
8056 9670
8057 231
8059 2451
8060 161
8062 3660
8063 8080
8063 9940
8065 5213
8066 2718
8066 5931
8067 1459
8068 2569
8068 9703
8071 1681
8072 3169
8073 1607
8077 1979
8077 6789
8079 2888
8081 523
8081 7871
8081 9994
8082 544
8082 4213
8082 9840
8083 4174
8083 8762
8086 9357
8087 7533
8090 2451
8090 9894
8091 5882
8092 2536
8092 5888
8093 1135
8093 3974
8094 5874
8095 6533
8095 8177
8096 5293
8097 18
8097 9945
8099 6572
8100 7276
8100 9327
8101 1303
8101 5759
8101 9812
8103 3925
8104 6537
8108 4096
8116 5282
8117 3145
8118 8753
8119 3847
8121 2387
8124 5942
8125 534
8129 9031
8133 4108
8134 5276
8135 537
8135 1470
8136 3789
8138 1584
8139 182
8139 7902
8141 2442
8141 2929
8142 6722
8147 1245
8147 3865
8147 5560
8153 4657
8153 5060
8157 6821
8157 7540
8158 6686
8158 6955
8159 8409
8159 8907
8160 3248
8160 5926
8161 6055
8163 7313
8166 768
8166 6857
8167 1901
8170 2242
8173 2491
8177 6448
8178 9256
8179 8076
8182 6192
8185 1604
8185 2111
8186 2887
8186 5510
8189 7885
8191 3133
8191 6629
8192 9976
8194 4870
8195 4233
8196 4814
8198 5236
8198 8923
8203 5151
8203 6859
8204 2378
8207 5744
8208 6800
8209 4960
8211 9073
8213 543
8214 8199
8216 8792
8219 3503
8219 5608
8219 9679
8220 1296
8220 6849
8221 6969
8222 28
8226 1131
8227 9519
8230 1361
8231 9905
8234 654
8234 695
8234 5688
8237 2210
8238 1063
8239 9849
8242 4236
8242 7077
8243 5484
8244 2437
8246 1066
8246 7746
8250 2526
8251 6925
8253 4715
8254 8528
8255 5517
8257 3079
8257 6601
8258 6335
8258 7603
8259 7588
8260 1080
8260 1586
8260 8355
8263 5724
8264 1478
8265 1181
8265 9643
8266 3155
8266 3831
8267 1421
8269 9818
8270 7093
8272 4137
8275 1686
8278 6288
8279 2512
8279 7383
8280 9290
8281 8433
8282 9889
8283 9065
8284 5086
8285 3358
8292 4390
8293 2208
8296 777
8297 2767
8298 9821
8299 7697
8300 3002
8300 5895
8301 3873
8301 4782
8302 471
8304 3664
8305 1809
8309 1587
8312 1362
8312 2843
8314 599
8316 1060
8318 3340
8318 4850
8318 6414
8319 4511
8320 4839
8320 7644
8321 6851
8322 541
8323 352
8332 1799
8334 1339
8335 7104
8338 4542
8339 7130
8339 7487
8343 9274
8344 216
8346 1215
8348 2472
8349 5386
8351 2685
8352 5736
8354 919
8355 3567
8356 6757
8360 3376
8362 5209
8363 1382
8363 2542
8363 6185
8366 178
8366 436
8367 3086
8367 3438
8369 4672
8370 609
8371 1570
8372 2158
8374 2628
8374 7875
8375 3551
8376 2724
8377 3461
8377 8038
8377 8543
8377 8592
8378 4657
8379 3693
8383 979
8383 3773
8384 3967
8387 3735
8388 5638
8390 378
8390 845
8393 6670
8393 7682
8393 9971
8395 5327
8398 5455
8402 4631
8404 1051
8408 6116
8409 4808
8420 5876
8421 851
8421 7985
8422 6596
8424 7758
8426 3885
8426 7601
8427 2906
8427 3840
8428 4206
8431 6960
8432 8538
8435 6926
8435 8653
8436 790
8436 866
8439 3496
8439 4744
8439 8559
8440 1322
8441 5156
8441 9465
8442 9787
8443 3907
8443 4873
8445 843
8445 8752
8448 709
8449 5849
8452 1196
8453 5689
8453 6619
8454 5566
8454 7033
8456 5701
8457 4857
8458 7879
8459 6058
8460 958
8462 370
8462 9006
8463 4757
8466 804
8468 5228
8475 5076
8475 5744
8478 1327
8478 1521
8478 3755
8478 9044
8483 3713
8485 1029
8485 1652
8486 2919
8487 3542
8487 7056
8488 4798
8488 9731
8489 5692
8489 5738
8492 4715
8494 8085
8497 7095
8498 1052
8498 2573
8500 692
8500 5686
8501 811
8501 6555
8502 7617
8502 8849
8504 4065
8506 4119
8506 6140
8507 6063
8509 4279
8511 2505
8512 2995
8513 4113
8513 7716
8516 9307
8517 1655
8518 6634
8521 4033
8522 2651
8523 8279
8526 4982
8526 8638
8527 4351
8528 2778
8528 8079
8530 3102
8531 6071
8532 5258
8533 6323
8536 5316
8537 9929
8544 9531
8545 533
8546 409
8547 269
8552 2782
8555 2709
8557 3202
8558 5965
8560 9054
8561 78
8561 7309
8561 9865
8562 130
8564 9647
8565 9472
8566 113
8568 8631
8569 3053
8571 7219
8572 8884
8572 9571
8575 6309
8576 1873
8578 705
8578 9251
8579 7636
8580 8266
8587 4125
8587 8060
8588 2889
8588 8933
8589 8328
8590 6549
8591 6057
8592 243
8592 7219
8593 1893
8593 2303
8593 4123
8593 7251
8593 9717
8594 2724
8594 2941
8594 3259
8596 5563
8603 4494
8604 5219
8605 3622
8605 6904
8610 1789
8613 1685
8613 4104
8615 8074
8618 8274
8622 6424
8624 529
8624 5021
8626 4555
8631 7542
8632 678
8632 5724
8632 9225
8633 3745
8633 8359
8634 6981
8636 9161
8637 3445
8638 5964
8638 8140
8639 5263
8639 9385
8641 3947
8645 2358
8646 4160
8647 7095
8649 2956
8650 1590
8650 2097
8650 5474
8651 9927
8652 6791
8653 6442
8653 9000
8656 4083
8659 6085
8660 3817
8661 800
8662 4231
8662 7940
8663 58
8664 3739
8670 5845
8671 7260
8672 887
8672 5222
8675 7964
8676 8202
8676 9470
8680 2024
8684 3971
8687 1244
8690 5502
8691 3374
8691 4533
8691 8107
8692 9939
8695 781
8696 6327
8698 149
8702 2688
8703 44
8703 3255
8703 8593
8705 549
8708 9898
8710 8923
8711 5044
8715 6399
8717 61
8718 5100
8720 9962
8724 1909
8724 5288
8725 3520
8729 5135
8730 2555
8731 2590
8731 5165
8734 8715
8736 2892
8737 6799
8739 710
8739 5891
8741 2593
8743 103
8743 1859
8745 2656
8751 8269
8753 8358
8754 5121
8755 5565
8757 4340
8757 5853
8757 6765
8757 9517
8758 2592
8759 7005
8759 7684
8766 2873
8766 5380
8768 6672
8770 8277
8772 3793
8772 6328
8772 7132
8773 9363
8774 2552
8774 4319
8777 5715
8779 2746
8779 5585
8782 4884
8786 627
8787 5590
8789 4306
8793 4561
8793 8776
8795 314
8796 4865
8799 1389
8802 3896
8803 4861
8806 339
8806 5679
8808 9381
8814 9992
8815 1291
8815 4094
8817 5611
8818 3693
8820 7565
8822 7966
8823 4566
8824 1017
8825 3912
8826 9010
8831 4364
8831 5861
8835 3706
8838 4366
8839 3453
8839 3917
8842 2350
8843 3000
8844 8916
8847 7975
8848 9441
8850 3062
8852 50
8852 1877
8852 7101
8854 9926
8855 125
8856 7105
8858 4151
8861 2106
8862 1070
8862 4096
8863 8199
8864 2959
8865 1241
8865 8733
8867 4469
8868 1195
8870 4209
8872 2722
8872 7955
8876 1558
8876 2374
8876 4073
8876 8393
8878 5024
8878 8093
8881 3569
8882 1818
8883 264
8884 9306
8885 641
8886 610
8886 1516
8888 7043
8889 9494
8892 212
8892 4809
8894 3507
8898 1067
8898 7764
8901 4490
8902 9233
8903 9743
8904 3391
8904 3422
8906 6090
8906 8839
8909 1046
8909 1810
8911 2290
8911 2704
8911 7093
8911 8221
8914 5188
8914 5713
8917 8870
8919 1659
8922 4511
8930 1093
8938 6934
8941 9016
8943 434
8945 2112
8945 8617
8946 2918
8949 4419
8952 1541
8953 7701
8953 8126
8954 869
8954 4900
8956 8785
8957 4974
8958 7947
8959 4215
8960 6436
8961 4101
8961 7033
8963 4584
8963 7246
8963 9697
8964 749
8965 9249
8966 5679
8966 9018
8968 3654
8970 4354
8970 8338
8972 6607
8976 6728
8977 9895
8978 35
8984 3238
8988 229
8988 1944
8989 2211
8990 6063
8992 6658
8994 5721
8996 6030
8996 9999
8998 3323
8998 8487
8999 4657
9003 9358
9008 3230
9008 5771
9009 2658
9010 9762
9010 9793
9011 6266
9011 9426
9014 439
9015 5676
9017 8703
9020 4694
9020 6028
9021 1340
9026 7227
9027 4878
9030 8693
9031 801
9031 8274
9034 4736
9040 6975
9042 7274
9043 2387
9043 9091
9044 2497
9045 4136
9046 9553
9047 52
9048 1866
9048 2767
9049 8582
9052 8898
9052 9208
9054 2451
9054 3160
9058 1769
9059 25
9060 1313
9064 2565
9065 1291
9065 5102
9065 9298
9067 1660
9067 4698
9070 8867
9071 6880
9075 3040
9075 4629
9076 496
9076 8994
9077 7105
9079 40
9079 4578
9080 3767
9080 4344
9081 1750
9081 4286
9083 6396
9085 2063
9086 4687
9087 2039
9087 4956
9088 6352
9091 680
9092 1922
9093 4561
9093 5646
9094 9066
9096 3304
9097 5820
9098 2260
9099 9024
9100 5905
9104 7023
9106 1825
9108 3427
9109 1466
9113 4113
9114 3863
9115 5283
9116 9819
9117 6028
9118 393
9119 5946
9119 8867
9119 9505
9124 8951
9126 328
9128 2525
9128 8667
9129 6289
9132 2585
9132 4499
9133 7313
9135 3836
9136 182
9136 2676
9139 7502
9139 9323
9140 45
9141 3461
9144 790
9146 3831
9147 6820
9148 3600
9148 4047
9152 6371
9152 8840
9153 2723
9153 6638
9155 2068
9155 2814
9158 3354
9160 3636
9160 6335
9160 6824
9163 1075
9163 5804
9167 3167
9167 6599
9172 1597
9175 7736
9177 478
9177 3210
9180 2563
9181 9208
9184 2464
9185 4599
9186 3889
9190 15
9193 2934
9193 6347
9194 2118
9198 7471
9199 9320
9202 6849
9203 989
9206 6544
9208 1682
9208 3892
9210 6232
9210 7430
9211 4618
9212 585
9216 3698
9217 8916
9218 8888
9219 1688
9220 1105
9222 821
9222 5095
9223 1335
9227 1022
9229 483
9229 1455
9230 4184
9230 8302
9235 2472
9238 7021
9238 8219
9241 5026
9241 5427
9241 6898
9245 8484
9246 776
9246 4636
9247 2556
9249 224
9249 4674
9250 5343
9251 9169
9253 2960
9253 4162
9256 2826
9259 9704
9262 2618
9263 6186
9265 2355
9266 6211
9270 4418
9270 9643
9272 2612
9274 3951
9274 4579
9275 866
9275 6672
9275 8405
9277 2240
9277 4801
9277 4996
9279 2174
9280 1642
9280 3700
9280 4561
9282 4974
9282 5429
9282 9692
9283 8681
9288 9701
9289 40
9291 903
9291 9521
9292 4035
9292 8827
9294 3598
9295 3971
9295 9846
9297 8106
9298 3890
9298 5285
9303 7132
9309 5874
9314 4080
9316 1412
9317 6142
9320 4058
9321 4933
9321 8470
9323 6013
9324 662
9328 66
9328 9821
9332 4209
9332 8407
9333 6805
9333 9727
9334 2873
9334 3910
9334 5596
9335 4004
9337 6301
9339 2353
9340 4844
9342 4055
9344 1599
9344 2807
9346 6126
9349 7158
9352 5942
9355 1175
9356 7600
9358 3447
9359 5181
9359 6766
9361 3090
9364 4590
9367 3066
9368 8627
9371 2919
9372 8642
9373 8934
9375 9479
9376 5224
9377 1256
9377 6952
9377 8733
9380 8126
9381 1182
9381 7952
9382 1809
9382 5172
9383 3225
9384 7163
9387 6854
9388 9800
9390 9301
9391 252
9395 2769
9397 9634
9397 9658
9398 9530
9399 1501
9399 7072
9399 7270
9399 8372
9400 5354
9401 1382
9402 1599
9402 6352
9404 5341
9404 6698
9406 8236
9408 9138
9410 4572
9411 9202
9412 278
9412 775
9412 4341
9414 8537
9416 3732
9416 5674
9416 6783
9417 1628
9420 4610
9422 8058
9425 4590
9425 7109
9432 3459
9432 6565
9434 92
9434 7100
9435 7999
9437 4774
9437 8598
9438 1286
9438 6068
9439 2024
9441 252
9444 7289
9446 2445
9447 2960
9448 2885
9451 426
9451 5430
9452 1142
9454 3530
9454 5462
9456 5289
9456 8464
9459 3427
9462 1785
9462 6214
9466 1762
9470 9521
9472 3658
9472 8100
9475 6809
9475 8076
9478 6409
9480 2428
9482 380
9482 6823
9482 9372
9483 4318
9483 7046
9486 2500
9487 8330
9487 9557
9488 6208
9489 5982
9491 2386
9492 2176
9493 2065
9494 311
9496 4032
9498 5241
9501 9423
9503 3691
9504 399
9505 9216
9505 9271
9507 4335
9507 5704
9508 8291
9508 9519
9509 2207
9510 2532
9511 3227
9511 4743
9512 3053
9512 6329
9516 7855
9516 9206
9521 4206
9521 9517
9522 652
9522 2975
9522 4158
9523 6328
9524 5089
9525 3214
9527 8498
9529 316
9531 6776
9534 1545
9534 7682
9535 6971
9535 8120
9536 7485
9538 1199
9538 1514
9539 1266
9541 9459
9542 65
9542 4043
9543 6416
9544 2854
9545 2731
9546 3469
9547 6611
9548 2606
9553 6042
9553 8153
9553 9796
9556 6741
9562 2276
9562 4205
9562 5736
9566 4354
9566 9660
9568 90
9568 2606
9569 6094
9569 7946
9570 3408
9571 5783
9573 7508
9573 8831
9576 4882
9578 6520
9579 5692
9580 7043
9581 3614
9584 6072
9585 4486
9586 6846
9587 769
9587 6309
9588 7601
9590 8393
9591 92
9591 2115
9594 6780
9597 7595
9597 7604
9598 5593
9603 2961
9604 1226
9608 7720
9609 3820
9614 1635
9614 7358
9619 9533
9620 9942
9621 6210
9622 3102
9622 9666
9624 8432
9625 6877
9627 3993
9628 5051
9628 5308
9628 8503
9630 8009
9634 2541
9634 4666
9635 6673
9638 4327
9640 8922
9641 6803
9644 8012
9644 8402
9646 9519
9650 38
9650 3477
9653 7218
9655 6271
9660 4221
9660 9095
9663 1794
9663 3620
9663 4923
9664 1860
9668 5726
9668 6622
9672 7939
9673 847
9673 1191
9673 8658
9677 7093
9677 9269
9679 878
9679 5410
9682 1316
9683 9480
9684 5253
9684 5861
9689 4224
9691 808
9692 3919
9693 8283
9694 1079
9695 2680
9695 6819
9695 7704
9696 9011
9699 3365
9702 4240
9703 7261
9704 817
9704 2109
9704 8645
9706 9078
9708 6582
9708 9440
9709 7011
9709 7588
9714 7627
9715 8854
9717 9122
9718 9957
9720 8260
9721 251
9723 5169
9727 9676
9730 6774
9730 8142
9731 401
9731 3678
9732 3666
9732 7478
9736 599
9740 8500
9744 6604
9745 4362
9748 4484
9750 1220
9750 7989
9755 7217
9757 7744
9758 4757
9760 8733
9761 7767
9761 9801
9762 4316
9764 2771
9765 2652
9766 4503
9769 9606
9771 2732
9771 7370
9772 2313
9772 7400
9777 4942
9778 8541
9780 4619
9782 828
9783 2856
9783 4781
9784 927
9787 7365
9788 418
9789 1984
9789 2097
9789 6208
9789 7949
9790 940
9791 7020
9793 9522
9794 6125
9795 8423
9796 7733
9798 5886
9801 594
9801 2802
9804 6067
9804 9156
9806 7312
9807 1791
9808 7595
9810 3742
9812 9805
9814 4260
9814 7518
9814 7698
9815 2703
9815 8195
9816 3788
9816 4393
9819 6149
9821 9822
9822 3656
9822 3795
9823 6854
9823 7975
9823 8648
9824 3736
9824 6037
9824 7368
9825 7419
9826 5691
9829 6545
9829 9159
9829 9557
9831 8675
9835 2333
9837 9258
9838 8225
9840 3809
9841 1863
9842 1401
9844 8675
9845 5385
9846 1716
9846 9267
9851 2775
9852 4517
9853 9878
9855 1724
9855 2066
9856 4551
9860 5573
9860 6576
9860 9802
9862 456
9862 6913
9863 244
9863 4153
9863 7570
9865 7540
9866 410
9868 7712
9868 9602
9869 8163
9870 6141
9871 9406
9875 6777
9880 1435
9881 1570
9882 9426
9884 7443
9887 7585
9888 111
9888 7862
9889 2522
9891 3805
9891 9136
9892 6114
9892 9421
9893 2530
9894 3758
9898 8068
9899 7391
9904 737
9906 8092
9910 4061
9910 4280
9912 9999
9914 1362
9916 1594
9920 2013
9920 6376
9920 6907
9921 470
9921 1603
9921 9001
9921 9009
9923 270
9927 4884
9927 6924
9928 4733
9929 2561
9929 7949
9932 5129
9932 6758
9932 8876
9935 354
9935 3396
9937 5076
9937 6964
9939 5246
9944 6178
9946 6826
9949 5772
9950 3482
9953 8944
9958 1528
9960 4815
9960 8153
9964 1464
9966 1170
9967 3866
9969 3369
9969 6002
9971 674
9971 1246
9973 5132
9975 1681
9976 1176
9976 3368
9977 324
9978 296
9981 4736
9982 1672
9987 494
9987 956
9991 386
9992 5468
9993 1585
9994 3225
9996 3008
9996 3744
9998 5486
9999 8715
