Random point counts: 5000. Ranged within [0, 1000000]
227 331339
502 126325
839 156361
1159 483121
1302 494556
1309 638812
1610 383408
1620 508292
1644 537628
1888 470514
2102 216293
2249 201043
2399 322344
2511 322905
3242 282421
3251 345947
3388 271397
3470 144790
3611 593465
3614 494768
4009 377680
4256 324074
4417 417248
4547 574303
4717 177647
4820 78086
5018 360768
5280 642908
5351 949021
5419 224895
5425 625146
5481 604066
5495 233621
5677 111682
6043 489165
6288 963208
6488 971007
6622 912439
6938 580658
6956 952567
7087 940625
7152 320102
7240 118042
7790 668952
8152 853373
8168 5743
8217 723416
8234 819207
8300 627782
8456 239659
8941 361661
9198 937996
9200 449052
9209 854508
9270 349126
9361 400354
9505 492464
9509 996430
9870 600713
9939 145658
10360 480047
10419 675118
10605 923542
10880 617685
11579 246836
11594 598096
11683 291414
11878 404151
11883 442554
12181 735716
12210 792021
12235 891140
12369 269606
12369 296620
12372 743703
12533 413976
12709 48612
12756 690994
12834 761784
12901 449014
13065 947620
13423 267871
13506 151414
13663 272277
13902 813582
14468 961195
14482 806965
14564 109065
14920 231562
15149 667275
15571 469692
15775 162944
15788 672565
15818 67311
16657 47537
17175 955403
17435 228099
17861 30470
18348 205880
18536 600121
18631 20243
18755 411940
19024 778002
19120 161984
19152 129110
19161 785780
19211 871200
19382 79370
19542 590677
19556 665789
20135 235049
20153 520891
20390 664515
20390 802977
20770 385152
21138 540722
21608 271188
21631 536501
21703 285002
22121 607339
22195 305991
22239 596590
22474 767249
22477 136237
22582 588622
22920 554568
23048 720082
23365 174803
23417 495987
23419 39888
23458 227021
23514 317147
24070 653429
24157 181360
24234 855037
24313 657023
24326 193782
24339 649658
24417 619904
24806 663225
24868 537800
25048 496285
25169 222966
25353 523054
25533 421372
25616 878753
25852 688418
26326 94988
26466 27886
26872 439172
26908 680921
26931 125102
27096 36746
27461 311753
27634 445122
27906 260947
27992 837460
28276 287851
28899 241135
28911 551209
29074 173218
29251 10473
29558 144137
29622 335372
29667 137562
29694 263701
29737 239505
29971 237636
30439 612546
30540 635245
30684 71210
30773 194813
30910 325544
31020 614368
31033 759277
31058 368159
31074 88067
31191 299474
31221 45746
31357 274115
31583 392750
31919 333455
31935 461406
32170 293631
32382 990692
32385 763476
32392 752065
32429 483027
32728 57729
32808 631579
32921 33873
32941 347631
33006 804253
33130 139347
33269 786533
33350 731070
33579 117080
33900 38732
34034 483358
34115 609337
34225 643941
34413 861139
34882 416928
34958 187477
35073 701940
35223 682535
35433 42596
35513 976004
35524 22474
35545 122376
35819 843373
35972 204782
36167 936079
36241 63710
36248 160230
36341 310252
36393 437012
37456 839566
38067 229590
38465 545818
38478 479188
38535 93966
38723 278236
39395 569082
39676 991012
39679 441857
39835 150885
39887 645091
40111 826448
40191 8020
40253 406132
40687 814245
41146 89139
41179 25459
41257 766011
41582 389671
42734 426149
42792 515583
42992 800645
43242 587483
43336 613871
43420 474800
43656 318863
43696 889916
43714 597391
43998 997834
44326 20966
44522 543133
44774 683436
44872 306826
44956 467352
44995 973122
45007 760158
45359 839054
45569 338336
45624 762869
45701 105780
45968 843490
46014 907270
46081 400734
46208 61026
46320 485994
46808 328854
47523 631556
47651 431514
47655 609144
47666 640100
47944 679348
48010 370184
48576 24788
49245 158172
49369 211218
49382 929799
49611 570969
49829 429228
49989 762930
50028 684394
50059 364705
50432 433856
50471 483375
50762 195118
51062 319733
51448 108067
52012 646270
52028 160859
52685 796628
53313 342661
53354 554693
53873 312055
53892 237970
53942 828080
54132 366713
54183 221763
54243 912020
54258 119753
54334 302221
54364 934066
54668 466169
54746 121621
54956 172154
55124 150133
55257 564051
55459 218231
55887 184931
56062 358967
56414 112976
56462 218404
56551 454119
56990 618189
57342 442808
57516 287719
57589 257959
57874 802468
58801 69929
60290 81230
60341 477842
60401 170197
60480 591013
60529 570366
60595 524332
60869 349605
60888 513948
60980 705653
61086 41743
61228 452913
61294 41045
61393 604762
61551 370325
62289 111061
62472 366149
62927 680400
63564 524771
63593 160091
63625 485847
63638 587974
64266 695400
64447 9036
64774 541015
64805 243003
64935 911413
65010 189523
65266 91848
65520 363144
65731 529567
65814 367540
66077 598089
66777 532905
66999 738115
67348 480443
67600 125753
67617 158637
68134 995107
68424 455586
68514 740474
68737 244446
68867 140831
68920 77371
68942 355954
69216 542301
69250 432316
69781 303162
70061 741683
70147 872916
70493 130998
70510 43491
70869 880735
70940 682992
71158 122129
71213 991473
71376 144879
71471 309353
72320 352649
72628 148204
72699 393687
72818 796048
72865 251909
72987 491726
73052 215641
73096 964822
73227 667548
73311 670961
73320 182220
73511 153241
74051 351685
74081 855147
74324 60649
74642 748499
74774 870911
74798 901676
74838 73977
74845 967601
74992 882110
75359 60744
75376 893360
75634 998295
75762 848220
76203 497039
76236 779447
76362 437855
76408 526078
76587 681281
76644 413793
76675 600651
76812 656817
76903 92430
77007 502522
77584 763357
78231 817026
78244 288627
78320 103351
78580 781176
78740 181339
78780 276849
78954 247958
79010 726086
79015 20154
79425 788998
79530 502584
79551 763674
79636 708222
79884 568428
80014 352661
80227 662666
80692 192664
80774 229921
81334 866874
82311 609923
82713 239955
82806 257456
83209 284055
83274 787654
83297 423522
83334 143998
83522 875793
83775 623258
83807 718972
83881 543971
84365 388169
84784 76228
84951 657656
85089 605016
85377 105572
86160 352198
86408 617330
86544 141493
86612 749729
86646 455338
87020 89075
87320 5263
87412 637404
87581 489795
87761 157702
87982 649201
88598 116680
88602 82967
88765 403749
88859 223637
88885 134191
88971 148339
89049 776042
89122 606170
89189 23675
89227 568768
89353 994244
89401 819458
89403 380244
89841 627602
89859 20169
90498 590479
90820 673912
91109 143637
91235 501670
91288 908795
91454 197501
91544 960060
91678 623578
91688 345375
91714 409438
91936 672157
92006 834788
92009 461709
92148 304273
92281 334485
92415 537153
92580 303880
92709 123608
93455 497602
93471 752514
94036 143952
94373 187984
94501 447343
94504 511521
94797 89315
94802 104665
94944 278804
95020 141182
95021 457041
95215 908448
95783 700551
95893 483461
96142 943252
96417 475701
96645 564227
96895 893828
97185 176042
97417 654665
97418 443386
97745 922243
97845 877079
97878 885823
97891 219658
98409 73132
98430 561851
98578 953512
98775 39428
99061 279586
99334 4950
99545 62675
99645 568515
99879 598454
99905 606076
100214 168720
100252 618743
100455 123023
100545 601357
100757 888501
101459 252645
101681 803963
101782 71374
101805 913677
102899 44955
102929 441534
103267 209289
103286 99825
103329 386355
103804 583354
104434 296759
104542 290527
104572 537624
104580 207287
104602 235449
104657 940101
105037 6360
105243 615093
105308 16063
105439 558476
105482 629462
105587 721895
105859 261106
106290 28101
106374 388023
106652 833733
106677 199405
106816 764914
106839 799563
107348 146261
107359 470782
107618 220510
107657 438078
108163 648057
108278 14440
108669 120187
108893 35035
109111 934089
109433 429706
109677 248005
110262 141852
110423 899369
110815 481046
110828 984203
111510 399116
111553 895540
111661 248869
111893 727530
111904 907932
112029 562579
112223 151494
112345 319106
112544 786275
113048 741409
113097 157088
113256 858271
113542 848913
113612 267478
114012 273923
114050 436313
114245 945523
114248 517187
114506 141790
114747 235102
114838 604344
115164 602743
115308 599988
115452 25914
115867 151571
116364 202968
116475 572738
116835 729869
116855 188557
116968 723021
117581 605507
117704 940960
117906 315774
118034 384149
118139 892120
118157 767438
118387 11600
118450 731998
118582 957349
118858 722864
118947 441996
118984 318119
119035 634997
119074 124121
119193 445121
119687 974421
119690 764896
119757 935456
119779 580385
120200 401587
120468 675203
120707 241254
120832 14502
121081 879305
121546 228341
121616 334589
121769 902669
122532 277734
122916 836996
122929 733711
123000 5979
123056 114446
123105 905276
123448 223271
123454 457086
123498 664781
125071 104107
125571 278384
125629 622003
125672 426098
125703 826852
125728 769922
125728 806709
125780 759514
125886 657409
125919 136927
125920 280111
126125 642937
126351 302434
126376 585155
126482 295368
126709 432811
126892 865808
127548 928399
127767 971729
127848 563360
127973 827034
128018 77506
128350 410846
128454 582298
128463 526420
128658 52631
128738 249058
129443 4197
129520 986694
130075 488111
130255 667520
130346 972842
130446 719439
130603 158317
130779 925711
130923 80937
131255 739808
131263 340582
131355 676842
131514 161322
131628 674483
131722 831043
132045 422538
132061 245144
132182 911074
132345 482292
132641 751530
132963 675320
133084 274887
133781 515298
134377 705916
134471 35990
134518 98610
134784 175337
135244 15193
135324 485069
135551 704316
135589 125908
135754 905521
135776 571436
135822 956088
135976 746041
136044 34503
136303 902383
136353 518112
136427 119988
136689 418919
136874 84972
136918 90550
137063 802650
137145 322723
137238 107576
137292 240306
137305 2715
137405 182330
137495 203166
137651 175519
137710 888887
138432 264438
138525 228862
138772 772627
138825 290877
138920 21799
139126 840286
139427 190634
139664 874730
140155 593589
141081 638332
141636 602456
141691 819942
141889 794740
142059 613627
142081 264208
142305 736085
142718 791960
142729 355414
142977 802274
143079 11539
143216 892784
143577 433581
143860 787946
143866 771679
144312 940457
144779 595958
144865 297972
144934 343879
144966 927748
145086 32368
145357 7765
145598 524213
145795 859737
145854 567378
145922 650415
145940 547543
146173 999401
146223 342237
146229 108808
146418 964203
146546 503495
146741 834864
146761 206432
147263 585695
147264 896602
147478 848174
147535 627768
147858 199974
148102 784471
148103 521129
148315 410498
148439 369364
148680 996129
148967 97720
148974 53879
149015 716650
149134 741167
149207 185378
149386 398072
149691 243733
149823 1097
150156 258430
150388 770519
150475 942651
150512 166907
150748 368412
151046 376201
151833 969192
151872 964737
151925 11371
152002 463791
152134 92869
152288 106093
152466 907714
152531 944261
152582 74138
152729 469031
152743 911080
152749 84935
152867 547736
153072 368458
153189 987014
153279 674825
153297 612691
153302 898304
153305 879802
153894 861520
154100 310752
154277 349564
154512 430549
154531 80157
154660 883649
154983 799953
155022 89691
155216 530232
155816 610398
156499 743489
156522 643431
156530 451461
156668 696006
156692 191760
156728 838826
156850 138671
156882 482894
157030 779385
157170 240967
157521 829463
157665 1026
157697 525061
157712 789429
157906 263403
158490 824656
158741 423310
158914 212044
159550 52847
159623 202569
160058 720794
160531 842763
160588 498188
160716 134535
160910 757716
161031 766527
161107 776192
161127 201167
161510 990748
161757 38126
161992 333247
162081 97441
162145 161956
162986 444788
163192 538841
163242 731968
163320 317538
163627 629265
163777 703124
163934 655442
163973 557387
164002 914210
165006 4370
165058 547197
165063 871679
165390 993425
165553 906948
165669 805551
165728 115398
166017 294248
166277 637980
166356 127857
166498 317977
166744 995826
166820 620455
167085 5491
167298 463827
167425 952230
167663 421938
167882 195677
168125 810556
168224 693089
168278 703441
168468 169431
168661 201289
168790 372361
169008 255246
169068 848942
169405 418691
169664 501313
169699 795907
169976 685799
170067 671978
170191 498299
170350 306589
170369 40616
170587 265388
170759 186501
170776 224990
170865 850834
170908 99643
170918 121163
170926 225262
171024 115755
171097 479423
171588 855260
172651 109970
172932 584773
173229 829961
173435 548503
173534 89804
174156 953615
174290 665975
174451 366119
174454 33579
174467 816494
174979 560183
174995 12625
175312 954284
175331 582255
175650 512595
175946 631988
176614 927373
176676 634036
176832 205298
177289 496146
177336 735686
177341 602266
177816 46197
178864 566838
178882 712205
178913 302559
179397 224535
179964 609116
179974 560421
180000 663128
180585 938478
180937 873324
181370 694445
181815 141013
181964 139995
182029 829636
182206 63287
182659 660862
182890 19594
183056 269397
183203 83854
183317 699146
183966 602099
184295 658540
184970 145826
185048 242701
185102 905332
185377 893524
185435 601529
185660 589077
185832 900345
186071 402352
186483 671066
186719 148202
186761 612580
187042 460360
187085 345043
187143 416274
187478 541725
187571 162573
187674 232961
187759 550775
188467 829778
189050 827981
189291 8043
189301 202749
189378 173699
189395 380229
189495 94636
189615 655818
189946 398324
190003 611123
190184 708708
190215 507396
190271 650897
190379 82117
190643 166864
190737 347434
191136 197267
191284 802836
191471 264255
191512 51960
191572 816394
191595 962467
191850 647626
192073 518395
192535 59496
192606 48470
193192 43019
193686 783757
193708 799064
194046 213160
194132 143752
194328 154398
194439 778231
194638 117592
194639 21306
195148 14337
195331 124160
195794 612327
195841 137882
195841 430990
196177 824208
196256 415959
196479 255124
196830 514311
196844 351869
197066 250203
197561 651451
197619 719088
197794 209882
197867 191527
197981 856276
197997 249387
198386 143060
198444 58861
198633 559283
198855 494945
199022 595641
199046 136505
199061 899466
199680 826220
199806 229313
200008 939531
200056 371124
200195 902890
200244 55005
200317 965500
200516 25802
200864 932720
200944 349779
201001 345496
201552 694151
201826 950313
201840 2242
201906 705698
201915 578754
201956 596173
202017 313261
202128 920458
202139 158510
202195 828255
202302 887721
202446 78184
202850 584293
202944 914001
203638 750180
203697 349771
203740 267478
204048 379656
204105 98273
204319 280057
204421 595891
204558 469790
204610 160942
204631 575
204840 896172
204875 677928
204933 946392
205396 443083
205786 861055
206011 965518
206288 612693
206625 890967
206783 322587
206888 650232
207535 589216
207550 383015
207628 405332
207726 897723
208133 189690
208298 925478
208556 205909
208715 677227
208749 242493
208768 886302
209036 436398
209098 485708
209188 788580
209248 214202
209258 600594
209388 796143
209409 114582
209547 585540
209596 131708
209733 6279
210381 490075
210422 472732
210482 56616
210571 585770
210887 673345
211376 449911
211745 486802
211932 123338
212118 713447
212404 656928
212445 946514
212584 107018
212718 301821
212770 81463
212813 446470
212898 906429
213081 594972
213105 493457
213438 6477
213487 191860
214225 596955
214627 333806
214656 933248
214826 511064
214885 728827
214899 525072
215355 509143
215415 348354
215705 11017
215736 733015
215782 747195
216001 684803
216145 877442
216872 991168
217300 579618
217447 283051
217747 160469
217860 379111
217937 348886
217946 985388
218260 258736
218747 398874
218873 617343
219020 367260
219049 884083
219194 527706
219281 543972
219414 63980
219721 802456
220214 648900
220413 996715
220854 355772
221412 513702
221919 799496
222186 973418
222313 123744
222472 688580
222619 174959
222634 584699
222784 46570
222831 170249
223205 627813
223294 501625
223312 791043
223601 895924
224238 909274
224417 41305
225185 516197
225268 783770
225546 796250
225776 33468
225925 359255
225936 604979
226098 93502
226205 388791
226464 898711
226565 952659
226664 778034
226716 306642
226847 890802
227118 463746
227118 780689
227210 450895
227627 892078
227643 622511
227814 892783
227881 95960
227911 915061
227918 989544
228279 356353
228355 638538
228373 404918
228856 163867
229030 958323
229052 211386
229127 673516
229442 540484
229491 259937
229602 538514
229745 870452
229750 404635
229821 751581
229893 684364
230030 272400
230418 805523
230446 406880
230523 850245
230727 599085
231039 413766
231133 328670
231161 42552
231354 915043
231374 863903
231409 642040
231585 317458
231602 538845
232253 266924
232402 126672
232526 738341
232634 858711
232911 683087
233100 611614
233178 692780
233332 338160
233445 949116
233532 613180
233573 77895
233701 965493
233707 395790
233926 925522
233941 68753
234149 14776
234204 561971
234216 792400
234330 572078
234656 18489
234951 148815
235054 40824
235479 474695
235641 201185
235754 750134
235786 492880
235799 897916
235938 115631
236711 64909
236740 3341
237135 91395
237150 645532
237244 102544
237849 554706
237963 398680
238084 480136
238345 456038
238456 216755
238813 536515
238858 992879
238982 485245
239284 631296
239661 726030
239718 772435
239874 662472
239971 405430
240368 154586
240510 496303
240526 600885
240539 113234
240804 929212
240849 640281
241007 202362
241110 829108
241290 952322
241339 33976
241397 829481
241498 101049
241530 126031
241639 437797
241741 587383
241972 821868
242054 631448
242339 518096
242920 159142
242932 876134
243310 688260
243374 162121
243561 608678
243629 653256
243825 961076
243944 271580
244076 996135
244143 538157
244291 377779
244370 411602
244391 584853
244559 338115
244762 722633
244886 531034
245135 312354
245471 445497
245662 870307
245664 331474
245698 585109
245897 748268
245934 302349
246355 990457
246364 312271
246550 509837
246600 265435
246824 99197
247128 546849
247218 234125
247542 492025
247769 950853
248039 706891
248128 373238
248443 142634
248800 517234
248903 367890
248949 311507
249136 508043
249230 449710
249683 852221
249819 406001
249843 133290
249897 541522
250139 656899
250502 386741
250517 81156
250568 310630
250970 549254
251114 537748
251214 827491
251453 609365
251875 320897
252055 429559
252073 220400
252322 453493
252562 9566
252573 447151
252912 230210
252931 250139
252945 535535
253102 14702
253218 966127
253283 991197
253610 628907
253763 265467
253934 663153
254392 784271
254737 812842
255007 779470
255796 355769
255895 570224
256085 948620
256470 684220
256575 306342
256878 170821
256931 361139
256966 695867
257056 161264
257657 753654
257757 401178
257868 19896
257917 585226
258348 807593
258435 331858
258973 780588
259087 826672
259218 556221
259890 255248
260044 412122
260128 407612
260334 171970
260580 794379
260611 454549
260779 330802
261007 793402
261047 551865
261155 74521
261550 14883
261666 835214
261741 350939
262022 168850
262203 517136
262212 698714
262243 393701
262435 589351
262466 860137
262679 221952
262928 581577
263572 147193
263633 493486
263912 491865
264757 77838
264757 646249
265357 933326
265443 747614
265481 386002
265934 616618
266503 885926
266544 425889
266627 817056
267158 157290
267198 250798
267291 272026
267732 99471
268116 857496
268159 730658
268536 906283
268557 118775
268654 550620
268974 312319
268978 575274
269155 170214
269298 439109
269349 266272
269383 516129
269738 512384
270105 25323
270145 719596
270598 451079
270601 994959
270869 477866
271117 251294
271130 17441
271154 5113
271419 737508
271423 2038
271666 778221
272259 465373
272592 363699
272622 767291
272748 691734
272938 661652
273056 398964
273143 264032
273277 79751
273689 581823
273878 797210
274016 173510
274328 54570
274416 489842
274530 369572
274548 11498
274565 541905
274660 487971
274939 799028
274945 462774
275031 8822
275033 354242
275079 62822
275178 533085
275371 993589
275816 868088
275852 391449
276070 897260
276074 253227
276268 467049
276288 167782
277003 338695
277027 919864
277128 900802
277289 303431
277366 54024
277525 864652
277560 104177
277635 235137
277728 697830
277784 142435
277871 299847
278007 801705
278092 778198
278313 897905
278424 387801
278443 31072
278726 864271
278731 514540
278899 682104
278998 997594
279165 377351
279322 285190
279513 421608
279574 663550
280024 18468
280199 692080
281240 227544
281306 293238
281785 846097
281970 480855
282208 318064
282268 760207
282328 93188
282573 337244
282646 266782
282694 968371
282811 748276
282877 372140
282998 784672
283073 103308
283157 417321
283610 898994
283765 661090
283902 279285
284414 536411
284585 129740
284604 536416
284739 796856
284843 927101
285026 547070
285200 399025
285326 200606
285511 810794
285536 85589
285550 26286
285606 73708
285762 415554
285952 14621
286709 969724
287273 898359
287407 200454
287568 464745
287649 289025
287759 137518
287979 766827
288009 165370
288334 28691
288459 203816
288670 984225
289058 31525
289122 830025
289163 925951
289476 415469
289609 22190
289639 216731
289676 621516
289804 474947
289957 459536
290292 850318
290387 925990
290605 59875
290632 135549
291199 158513
291199 809561
291232 136679
291405 124457
291625 416322
291973 30173
292065 739303
292086 549975
292112 338184
292129 655603
292130 79994
292152 300902
292547 728722
292693 577963
293581 211115
293634 330083
293907 578459
293924 7253
293997 582918
294045 870402
294073 136425
294283 983996
294332 258801
294378 528118
294408 516937
294408 747075
294449 381122
294857 170821
295071 237902
295125 25517
295564 475760
295724 729698
295854 401618
296652 633426
296975 515648
297066 222709
297165 57556
297323 844242
297735 31877
297992 669199
298148 770713
298358 701702
298553 928326
298955 900516
298981 322725
298993 132233
299289 523835
299443 317478
299574 588998
299845 917878
300115 445367
300321 177003
300496 614850
300583 924757
300728 252555
300759 408566
300788 527349
300934 354748
301029 620948
301150 65292
301242 711621
301437 19666
301723 963826
301929 549134
301987 383039
302868 876369
302937 962325
303592 911165
303660 696377
303666 42076
303961 250331
304156 296525
304235 339246
304437 175650
304498 694254
304623 712057
305203 659717
305245 783355
305472 667782
305541 605809
305861 654775
306182 33072
306229 538651
306399 488462
306768 254540
306771 594474
306880 510695
306935 890235
306975 332202
307023 74060
307219 930935
307572 409299
307799 788141
307890 888079
307957 959920
308328 230291
308569 74300
308631 396740
308647 827468
308658 673683
308958 192483
308990 767167
309308 438612
309511 869295
309663 796248
309671 162301
309856 825127
310117 137281
310235 512219
310583 820263
310629 555029
310679 331209
310722 950653
311395 340134
311430 939619
311500 799015
311604 727367
311607 846468
311712 108234
311780 298563
312021 726085
312087 794431
312113 344882
312558 285336
312824 856652
313224 831611
313555 103158
313596 411632
313604 234213
313679 295271
313722 654289
313902 578339
314355 768449
314486 165927
314524 378684
314743 419740
314754 270254
314796 4384
314865 264863
314914 245872
314938 89220
315307 218417
315342 374729
315626 316632
315763 222585
316072 790723
316280 516584
316582 323756
317088 975366
317173 39682
317178 554028
317263 919831
317698 982941
317754 680562
318041 194897
318125 632303
318240 151394
318377 167075
318449 575749
318700 641345
318847 608238
318957 731046
319027 501582
319598 996704
320130 167135
320180 525310
320221 940337
320274 68833
320456 28672
320906 803456
321009 240841
321179 478108
321337 476795
321553 1929
321698 451421
321782 201560
321958 536832
322102 410905
322306 726359
322465 61559
322735 290066
322992 852455
323250 325068
323443 99221
323846 479821
324561 249061
324778 241298
324833 770280
324851 767888
324954 162483
325223 406896
325241 639531
325321 594494
325343 197364
325692 755678
326053 432559
326250 737797
326689 55959
326825 930205
326850 596585
327048 226154
327145 882317
327316 384022
327497 394416
327576 953465
327884 845217
327941 841877
327998 433385
328331 517628
328375 286483
328382 903115
328484 855818
328698 957729
328879 744528
329354 420759
329522 837921
329750 635336
330408 11852
330676 873333
330864 363587
330967 518559
331080 887726
331123 128212
331323 327509
331606 603253
331640 8662
332234 424160
332331 638753
332520 993278
332705 996821
332964 313295
333044 684774
333372 675069
333402 196758
333428 298843
333844 200342
333877 245085
334172 40176
334424 897120
334468 459326
335107 891385
335465 739164
335580 728521
335650 385755
335772 646801
336172 314817
336650 347948
336664 610105
336874 292768
336890 40542
337332 860640
337546 794115
338018 1755
338085 679130
338207 208805
338231 414814
338794 602014
338873 369350
339139 896509
339505 671845
339725 870384
339766 632776
339936 526118
340007 881663
340222 141512
340563 861452
340681 609825
340764 318885
341203 954836
341206 17162
341213 743824
341252 26256
341346 185947
341365 447415
341381 422152
341447 554590
341499 616597
341943 352778
342544 86729
344026 114850
344061 720379
344275 171296
344728 817534
344902 166225
344964 983250
345476 438289
345485 224502
345876 651406
345935 265132
346072 431692
346103 28844
346965 843044
347471 393463
347559 668595
347598 574894
347747 802119
347831 557892
347844 143020
347955 609313
347967 811766
348394 674500
348437 86973
348551 529746
348627 299341
348694 564654
348977 513427
349000 375383
349001 68538
349284 837863
349585 282623
349608 212340
349911 851610
349956 933643
350078 550167
350209 814740
350596 175725
350610 938989
351018 604533
351042 854145
351086 576229
351319 927661
351597 851405
351650 37718
352404 750718
352606 666332
352654 114930
352724 331135
353036 162444
353167 811736
353289 783420
353365 202983
353555 192971
353601 289359
354049 90509
354279 517481
354366 396034
354487 461911
354535 653204
354692 674175
354821 680383
354844 262999
354891 369775
354901 801728
354988 949849
355180 22019
355357 941818
355711 21116
355853 331531
356109 250749
356324 80427
356350 724774
356781 586216
356870 221864
357294 886414
357379 44051
357403 231886
357405 163448
357785 178778
357876 237458
357923 832722
358090 774810
358238 946428
358284 1234
358589 281088
358794 993838
358974 66429
359181 697039
359183 245499
359249 882478
359251 990060
359378 514373
359529 312321
359595 216432
359708 740730
359866 448981
359992 51861
360192 413513
360313 983525
360622 480788
361289 200995
361356 996564
361376 956502
362150 440304
362164 785790
362393 361195
362586 130759
362740 732428
362942 936093
362947 163907
362986 909974
363212 823685
364011 42552
364239 185814
364259 28514
364917 294491
365048 87044
365365 854098
365612 965111
366160 735890
366171 929179
366199 489257
366280 673596
366289 532153
366331 546976
366363 517228
367192 35209
367479 237215
367510 851803
368444 146243
368536 307908
368787 872389
368941 984575
368999 104729
369101 349677
369337 965213
369972 822368
369983 785280
369986 801014
370633 448237
370637 454270
370764 365115
370784 4384
370862 196890
371159 558010
371253 622952
371421 318916
371496 871746
371610 655414
371616 991724
371676 193270
371902 966655
372148 912874
372353 684612
372490 244669
372706 420798
373005 342104
373078 923975
373148 643842
373315 517799
373726 396673
373769 211841
373995 284900
374101 649339
374117 213212
374199 685838
374220 566127
374365 734443
374401 858329
374729 158214
374852 242465
375416 713197
375551 452593
375559 698156
375764 325311
375907 80688
375907 784096
375908 186507
375975 16809
376078 913281
376195 807563
376490 453742
376546 377197
376576 583887
376663 284772
376775 345208
377124 124474
377140 356335
377175 87989
377394 287354
377424 91178
377695 391419
378037 664860
378193 178111
378454 313684
378472 739729
378523 231271
378599 646182
378938 572273
379100 212533
379112 69510
379164 333156
379323 834347
379537 578124
379642 571806
379882 186657
380027 880252
380144 132266
380442 637953
380574 79410
380804 655282
380805 7577
380946 577533
381019 443259
381751 181636
382008 104830
382148 407205
382252 664795
382481 36283
382615 905409
382926 245848
383148 849943
383690 660744
384090 920679
384349 97689
384666 605812
385093 117703
385660 279314
385941 745835
386044 126642
386462 354098
387016 244335
387287 884397
387851 679559
388211 753479
388345 915803
388348 555522
388580 247766
388890 527097
388993 851308
389006 338441
389463 177749
389881 557541
389913 744150
390087 757088
390156 284850
390818 427977
391143 488422
391146 485236
391160 321241
391212 583732
391263 556907
391436 169257
391824 126519
392041 547236
392119 170227
392252 881793
392367 580933
392568 389470
392608 634308
393041 470369
393111 304830
393250 176765
393357 965382
393358 988773
393672 410471
394328 665818
394347 792959
394400 473875
394427 57744
394541 754363
394953 827077
394957 799871
395162 646844
395167 101358
395678 81855
395834 650617
395855 378095
396187 174929
396213 727488
396557 843601
396748 382299
396778 504026
396804 673178
396828 494550
397132 954172
397160 678013
397218 518109
397621 803942
397938 346003
398056 936936
398501 185553
398715 732315
398744 599938
398875 901447
398927 160496
399086 435755
399326 835849
399334 472396
399702 400900
399899 59426
400051 642026
400112 719979
400147 791017
400399 768411
400402 451953
400670 83615
400858 314356
401008 512981
401067 203690
401157 149064
401158 738082
401386 246202
401405 473908
401524 719361
401684 321659
401842 117391
401983 508277
402156 686784
402195 477319
402236 191805
402394 457441
402867 526189
402954 957122
403029 458142
403046 375268
403310 163267
404462 653374
404826 69940
405083 541502
405523 528051
405915 853667
405990 725193
406000 626677
406005 682326
406013 178157
406041 851836
406092 247840
406225 50630
406385 362137
406872 127382
406996 58157
407777 905473
408597 295411
408900 475718
409264 411589
409356 214808
409747 944054
409982 807708
410272 687641
410538 108758
410692 61775
410710 332705
411400 151818
411604 244746
411657 152356
411830 116779
411948 550455
412358 725419
413025 174213
413108 600256
413125 237554
413291 853992
413392 908354
413448 331558
413814 870008
413939 606649
414168 195387
414297 921947
414464 70107
414472 31054
414574 251262
414742 567462
414821 32334
414827 599188
414845 680170
414925 816205
415471 950246
415597 291457
415788 643191
415807 928965
415831 485962
416102 109062
416643 431291
416789 666033
416800 558246
417140 737315
417295 382006
417309 683553
417719 543689
418059 766762
418327 776185
418415 719987
418525 636781
418811 386984
418900 282934
418921 509479
419030 709037
419317 665848
419395 217589
419782 392674
419962 764513
420143 748806
420573 372457
420673 339231
420818 557186
421147 524977
421267 346035
421431 448692
421853 112378
422022 694967
422057 260790
422079 585560
422244 948547
422309 778903
422371 981280
422591 500036
422707 455177
423075 307928
423236 578608
423317 831656
423659 562412
423751 873497
423883 868854
423924 31016
424393 886026
424504 715554
424563 553108
425027 875732
425163 337769
425527 692092
425854 623037
425899 164140
425966 813128
425976 997682
426092 55318
426252 178148
426855 200785
426859 39245
427018 982653
427023 314539
427061 908058
427159 466180
427729 520572
428013 44217
428041 478938
428538 975368
428582 291071
428900 391274
428968 333956
429463 99813
429489 990252
429697 794934
430102 798211
430599 32249
431553 865276
431633 948727
432488 865353
432579 180021
432634 206128
432777 143241
432894 552176
432951 159680
433147 525741
433337 481636
433529 417330
433540 859
433550 532195
434354 435240
434464 113643
434628 512763
434915 994236
434930 388244
435660 123317
435780 90128
435868 397305
436058 991776
436474 964751
436712 447761
436890 685514
436925 846413
436989 531179
437065 644108
437147 376652
437228 216378
437515 643098
437809 926462
437838 108876
437852 832543
437961 77333
437966 568514
438088 522167
438429 899801
439109 958412
439208 305186
439340 219392
440055 810013
440132 214801
440161 835010
440968 898853
441265 913295
441389 754102
441534 302629
441640 916177
441796 708013
442188 109449
442639 490629
442812 867368
442991 184253
443403 261948
443605 3243
443708 945576
443883 577562
444063 321365
444391 475728
444713 636370
444902 465310
444917 487829
444973 760069
445111 270670
445113 8628
445400 113577
445780 973794
446225 454310
446316 635362
446586 875763
447241 584283
447243 449229
448009 640303
448152 26084
448159 203048
448164 474264
449403 104661
449428 744715
449545 554892
449750 84949
449819 733656
450009 370453
450040 164046
450232 246214
450280 489445
450425 833124
450454 230669
450516 399325
450596 428391
451392 36453
451494 28444
452115 255753
452247 692882
453232 632702
453453 364990
453890 48175
453911 118023
453913 764119
454107 850604
454138 881094
454189 137101
454663 512791
454922 530630
455083 924022
455130 675624
455172 542713
455201 442970
455794 852681
455864 34492
456067 909406
456756 807742
456759 792750
456996 609114
457195 396872
457632 203406
458370 283402
458803 167831
458978 26724
459153 108697
459335 966541
459353 401073
459705 602295
459840 312452
459935 245163
459997 247187
460115 559658
460181 488636
460430 871735
460452 546267
460465 770495
460488 974925
460500 77104
460588 184163
460665 712377
460934 245910
461346 597911
461465 736550
461887 257340
461945 738689
462065 737952
462140 49156
462194 92131
462468 28152
462900 481446
463187 199983
463261 550632
463354 513887
463416 984372
463470 346594
463755 239265
463850 251438
464057 300028
464085 58967
464172 25291
464247 797232
464458 109464
464578 210561
464583 550771
464646 92214
464939 227460
465061 714341
465099 133234
465112 863189
465155 733316
465305 409687
465341 596519
465722 659091
465836 129776
465916 431972
466173 527784
466510 40943
466520 15035
466830 687986
466907 109374
466917 71719
466950 789989
467461 233889
467657 883880
467934 643973
467979 745295
468170 671877
468336 883949
468593 940786
468603 465203
468854 962855
469056 323583
469108 131800
469145 430255
469185 496978
470120 334760
470212 273665
470249 889705
471444 35260
471567 579750
471593 479904
471677 711025
471743 454813
472388 983701
472405 464322
472600 176345
472667 693184
472677 352209
472783 152314
473040 479992
473189 994392
473271 178054
473551 12578
473606 892312
474065 397778
474226 563883
474427 879992
474611 597931
474612 522936
474686 717543
474798 625500
474919 957079
475076 378059
475514 295616
475689 848446
475948 159440
476178 825728
476226 752723
476243 648233
476476 334523
476543 984291
477219 187592
477450 992542
477665 478752
477706 324886
477950 109155
477953 274246
477976 881203
478013 831901
478054 394300
478082 551416
478525 746131
478665 638919
478820 730404
478936 906383
479326 385857
479364 290400
479464 230274
480383 65202
480409 21913
480473 246322
480604 141581
480718 962555
481443 272860
481495 860253
481655 262062
482500 61194
482756 951103
482862 399870
483212 69896
483305 263560
483429 181711
483435 680630
483476 939744
483620 562924
483819 637420
484149 124528
484411 232718
484842 198804
485054 510706
485160 246253
485650 254681
485716 52875
486206 143618
486333 598834
486360 896800
486389 812092
486600 622554
486783 153454
486901 967484
487008 729738
487126 485211
487205 835358
487277 603275
487707 898825
487796 190756
487978 367388
487995 581366
488064 117390
488264 494191
488424 382782
489382 294116
489670 770213
489856 736245
489970 579253
490020 947333
490072 177270
490097 292549
490123 745973
490795 340959
490809 511438
490862 688634
491128 552669
491206 758870
491879 828802
492003 180992
492099 402190
492188 579583
492192 38027
492258 39534
492470 166963
492673 568378
492679 388544
492959 525851
493048 837819
493297 676230
493387 610064
493457 820172
493606 774780
493624 699703
493801 766458
494031 954110
494644 979793
494959 339156
495073 465707
495074 364145
495315 156946
495422 221444
495786 944754
496087 523406
496449 915160
496672 953933
497212 708527
497268 536639
497424 129225
497499 690689
498239 198294
498362 666793
498525 6384
498742 19195
498849 384652
499370 449755
499401 945266
499497 871687
499498 717962
499795 630416
499907 934766
499919 659370
499930 282022
500067 236648
500217 949353
500542 900008
500723 751350
501005 553400
501180 51702
501258 56040
502019 402851
502027 402060
502078 960163
502434 766105
502470 643663
502643 876011
503010 634464
503081 181372
503110 296551
503613 481815
503870 87425
503930 663508
503979 748358
504301 726619
504464 533480
504472 415742
504637 281341
505481 512209
505520 452556
505629 28816
505649 179614
505700 401840
506214 323293
507064 669463
507711 339647
507921 655631
508113 719513
508185 531162
508328 782503
508778 219686
508932 264464
509170 755288
509572 661529
510177 557717
510320 313485
510603 775217
510707 683624
510768 226235
511424 836791
511552 587016
511813 711573
511921 916102
512571 108098
512745 569871
512798 22514
512891 643099
512915 159973
513110 354004
513161 254289
513231 317984
513388 854944
513610 74574
513860 712326
513961 89820
514495 278175
514574 903646
514770 185553
514967 864499
515089 675462
515380 834783
515755 772568
515785 663165
515829 546273
516021 814009
516068 661314
516157 968020
516247 908065
516319 752513
516634 305854
516825 135310
516935 464629
517529 630710
517675 213847
518145 852224
518617 357989
518662 72906
519088 568873
519175 988950
519404 620499
519644 101332
519673 808819
519829 450267
520078 452596
520223 831074
520333 109588
520402 234381
520417 674283
520453 788385
520466 533657
520540 529804
520547 462028
520686 859802
520809 556309
520895 400325
521059 679061
521296 896801
521356 487489
521377 12380
521453 281363
522068 53903
522371 857021
522639 693633
522982 158759
523484 992911
523680 418276
524042 34347
524389 25760
524842 611431
526123 989035
526187 546858
526450 454150
526796 139070
526887 871969
527461 676320
527785 624752
528070 282313
528270 787909
528281 245920
528879 535319
529578 178710
529913 251062
529973 38754
530040 115294
530042 832633
530046 990232
530193 424210
530740 669670
531157 122962
531248 708529
531321 194822
531497 188289
531570 380776
531614 809240
531616 288429
531645 292961
531826 956909
531848 108009
532147 712067
532225 108438
532273 347302
532568 810694
533015 812668
533823 448683
533985 651629
534095 771632
534274 498186
534878 366583
534904 300159
534994 770985
535497 220810
535505 678348
535737 5533
535829 51792
535965 876737
536163 882032
536254 33327
536498 67327
536680 356814
536708 941924
536763 525064
537117 37845
537282 924300
537644 289210
537821 321588
537849 578273
538342 813414
538404 136955
538421 958632
539301 793002
539393 891577
539811 439693
540237 986518
540414 174179
540633 149411
540966 797653
540977 667875
541023 528920
541198 907405
541227 398496
541291 369370
541320 19282
542108 730471
542242 472197
542436 392279
543174 218419
543304 215343
543391 87911
543639 124346
543677 320471
543929 818804
544059 76644
544473 13400
544575 941810
544652 437197
544938 984799
545189 467674
545487 961298
545661 558179
546445 71270
546505 929362
547048 569925
547079 465636
547205 446848
547524 894050
548027 623400
548104 490857
548167 77238
548354 621938
548362 870547
548395 310495
548513 991224
548570 971147
548595 213041
549003 663055
549324 457631
549359 346750
549523 252563
549886 780006
549972 249003
550236 198078
550279 600191
550443 120530
550784 899282
550904 264741
551219 559575
551326 353483
551391 576005
551678 202866
552024 573113
552790 45529
552939 497711
553322 33276
553376 149912
553403 516143
553588 397963
553830 347951
554223 721373
554353 117667
554574 102756
554591 157785
554673 475040
554819 411961
554955 882728
555284 272410
555466 866451
555925 440223
556124 35074
556197 906857
556576 556439
557404 234323
557600 952437
557623 436548
557723 494420
557821 428709
558094 911062
558100 477456
558179 524326
558800 936132
558833 630253
558844 330160
558970 514324
559220 182948
559523 63787
559619 751625
560033 37942
560251 452914
560263 86861
560376 763977
560449 581538
560627 840605
560670 971159
560892 211262
561172 16480
561270 591382
561620 189819
561899 173430
561910 716155
562094 76513
562115 478811
562518 681045
562794 231445
562823 223506
562992 749193
563090 75726
563172 92425
563362 695893
563720 791380
563724 68391
563907 650601
563995 270865
564036 289747
564369 905746
564391 544789
564463 204753
564900 584841
564972 25537
565129 334468
565139 642892
565583 331685
565677 994605
565768 434742
565912 4692
565964 956436
566736 675491
566818 496413
566911 803916
566967 322333
567046 295321
567479 548977
567780 230179
567830 597335
567924 118974
568032 838178
568072 804892
568083 303939
568550 542464
568598 204633
569054 272081
569064 493091
569603 448042
570125 615157
570337 68818
570423 180178
570508 608791
571938 495139
572465 369664
572577 278135
572711 734988
572755 670730
572857 876123
572859 987636
572886 447125
573030 426045
573305 789707
574266 552581
574548 460038
574707 476736
575671 618522
575826 386886
576452 946341
576666 754921
576723 206389
576733 567463
577309 908741
577320 639904
577385 282127
577577 202921
578235 407025
578916 618754
579364 435534
579426 542935
579498 916360
579525 869414
579553 355795
579650 220264
579790 15513
580480 466972
580616 432537
581386 332901
581727 525248
581910 616049
581939 221738
581982 89290
582557 862374
582658 925043
583090 859374
583237 144670
583451 628053
583945 663454
584169 554391
584337 153580
584582 803131
585928 87957
585999 719314
586120 777407
586241 964445
586288 557717
586413 179408
586657 593138
586677 130394
587267 597806
587596 133786
587778 420020
587838 601544
587895 656223
588031 517138
588037 303334
588095 543405
588257 853443
588324 903023
588513 372336
588644 455926
588760 536038
588978 401665
589033 664882
589527 607047
589635 393452
589868 768760
589941 221476
590278 300018
590299 406154
590454 607390
590668 61860
590870 74848
591722 125829
591771 7729
592001 187046
592275 550764
592340 12248
592542 812476
593094 796685
593155 224288
593185 151717
593535 763185
593703 976077
594021 251493
594085 349199
594108 837042
594367 782646
594369 786398
594389 784345
594696 474409
594731 821047
594744 638906
594995 961051
595068 231362
595115 510117
595205 119545
595309 73943
595356 636818
595363 773226
595450 55157
595496 437494
595643 786278
595731 981949
595813 756912
595901 451096
596003 122949
596053 929032
596679 232135
596815 418052
596833 132647
597051 93028
597252 892936
597780 873776
598078 356048
598203 599832
598405 100867
598423 288726
598500 259972
598705 278111
599131 320393
599351 678759
599370 617400
599596 528620
599851 202977
599876 55170
600018 795225
600570 969114
600752 369651
600764 507734
601699 182416
601879 698956
602052 949500
602507 552356
602728 621060
602768 386728
602794 595079
603401 527375
603569 357395
603713 789900
604544 536669
604614 259938
604665 617528
605112 221224
605126 314227
605314 54386
605625 770900
605838 417073
605937 796700
605954 511929
606321 922979
606386 469555
606530 497366
607241 362287
607350 265760
607373 369549
607507 931689
607606 645051
607846 388543
607985 370773
608053 852701
608064 965204
608332 874248
608391 956111
609169 461743
609175 389072
609607 460584
609613 809635
609618 553656
609679 40455
609683 82840
610301 341483
610584 396679
610768 112322
611429 532656
611688 527441
612248 640765
612318 186217
612332 245026
612451 714551
612481 371090
612577 229984
612755 506390
612949 442103
613034 992762
613808 376197
614020 834583
614036 175065
614039 139942
614090 85863
614537 489607
614923 383555
615035 29008
615235 709912
615295 637446
615336 782049
615937 161141
616144 175656
616191 415484
616453 953600
616710 408250
616835 586149
616903 838374
617219 769462
617484 255380
617636 569820
618019 9803
618100 940642
618215 460007
618445 607835
618481 960117
618858 890210
618952 277253
619093 357382
619207 58325
619371 110250
619397 964262
619568 926025
620022 617052
620234 962300
620236 17870
620243 435412
620355 237827
620649 480013
620999 67206
621076 461762
621150 591561
621445 724379
621717 460370
621761 104129
622045 305936
622079 54452
622155 501049
622223 569729
622627 328065
622869 586374
623144 478617
623206 724566
623750 916259
623782 416515
623962 949995
624347 361511
624434 116978
624791 430361
624889 986777
625261 282505
625489 987530
625779 18377
625782 289692
626245 581974
626287 257700
626484 645629
626673 40950
626865 291983
627028 251435
627535 615486
627566 423238
628078 856431
628610 216533
628739 571175
628774 430796
628989 950811
629147 835944
629289 807750
629548 513443
629957 996016
630216 11806
630767 906029
630786 556387
630833 593519
631048 708391
631120 459109
631415 971290
631589 683056
631695 188066
631895 397008
632353 12444
632437 784408
632897 962039
633033 597356
633318 485465
633401 406429
633449 980207
633820 301557
633882 867051
633948 288704
634028 709645
634053 880948
634069 774850
634268 986595
634449 713505
634735 132499
635136 161453
635338 366843
635562 201144
636043 488466
636839 202050
636895 624369
637059 257021
637157 781378
637209 779214
637810 622009
638108 677172
638289 26665
638343 49405
638372 556099
638705 535775
638846 299050
638884 591494
639841 699242
639861 783724
639956 658018
640094 988009
640139 784363
640530 326341
640680 518668
640890 926862
640979 279739
641028 501374
641459 304804
641613 721468
642056 814884
642270 842205
642443 926827
642521 306267
642730 16027
642853 585541
642946 150107
643072 812463
643245 59467
643351 792955
643368 904893
643659 782348
643934 631971
643946 959592
643949 634684
644044 898171
644091 905234
644148 669946
644312 885194
644360 789870
644836 556955
644864 66596
644931 90546
645135 498034
645794 113180
645811 101859
646278 937855
646357 927560
646921 522563
647254 875030
647980 459205
648171 427935
648486 937804
649049 743165
649071 101973
649666 547801
649732 831632
649740 575916
649763 554560
650041 400445
650636 34542
650840 338100
650842 392048
651088 395285
651358 825889
651477 490072
651616 652
651808 925488
651946 10605
652109 602149
652142 557035
652353 967737
652412 242324
652803 354196
652816 117309
652861 905651
653041 680487
653080 629728
653166 787341
653229 114531
653278 123317
653352 792882
653479 875999
653622 626235
653978 653142
654053 530000
654065 529382
654080 793709
654199 778383
654227 315586
654633 818944
654808 437269
654835 696915
655218 923647
655401 661926
655532 378629
655646 955752
655814 745750
656314 643883
656322 659490
656557 983510
656614 974828
656688 989395
658153 66992
658294 75601
658570 446225
658584 380090
658604 953114
658662 823158
658742 287196
658807 177424
658899 373416
658950 645210
658975 268638
658979 312999
659260 461417
659433 472677
660043 255633
660091 963570
660116 205636
660147 772634
660184 526938
660261 660523
660806 518472
660835 836056
661263 859026
661374 799454
661660 937872
661686 363668
661934 384455
661949 998799
662417 452562
662465 5901
662485 270911
662757 678754
662880 157616
662911 341330
662978 285880
663448 188323
663670 945460
663828 67509
664273 807332
664541 290598
664660 660045
664815 379248
665120 159729
665165 964810
665703 60859
665730 169076
665870 37771
665961 230494
666079 802506
666575 368550
666709 770084
666974 957351
667012 609173
667089 618487
667359 466588
668112 882003
668405 191720
668787 142023
669510 869948
669542 809417
669708 780488
670063 449868
670161 204956
670248 767814
670275 146369
670304 428683
670429 667274
670483 156368
670703 390784
671030 198551
671061 463932
671290 3708
671464 11606
672056 264220
672385 698445
672646 213954
672694 910206
672723 597228
672726 858160
672747 1501
672838 160011
673340 414790
673682 779716
673797 63634
674036 208148
674400 326801
674471 346032
674843 623503
674996 169234
675035 934061
675049 854026
675720 664185
675756 889939
675772 3908
675992 199650
676236 6273
676851 239010
677142 565713
677254 283652
677368 487827
677373 95669
677599 503372
677658 646984
677991 305018
678217 834544
678249 25102
678633 690865
678637 502505
678818 933276
679047 617425
679056 123037
679138 11796
679255 68555
679258 89887
679356 985520
679560 981198
679574 312052
679797 601049
679893 58694
680295 383239
680753 115770
681251 696034
681406 741684
681938 14397
682252 695228
682304 37242
682327 106162
682751 282612
682938 42516
682939 517154
682985 496394
683070 758625
683098 80666
683315 739204
683319 104300
683334 336685
683424 751260
683458 961675
683530 120303
683607 644648
684003 604365
684277 27474
684774 114818
684831 251936
684942 94653
685300 257094
685609 87074
685669 556739
685734 371340
685902 147767
686000 302081
686041 917709
686116 728210
686176 781020
686264 968745
686326 1340
686470 15833
686489 341275
686587 603503
686781 643575
687255 591895
687973 857220
688021 41102
688191 188393
688293 407720
688488 234196
688794 633265
688894 359277
688917 292053
688982 879569
690125 77810
690159 153849
690218 458384
690370 567737
691080 735314
691318 329301
691424 239692
691520 708514
691611 421364
692153 477078
692217 153152
692300 337866
692541 8548
692611 719558
692657 954452
692958 328667
692959 888145
693068 468985
693444 799582
693726 365940
693834 375904
694334 407009
694381 481791
694725 61928
694933 178253
695214 968370
695229 119979
695357 46401
695652 852236
695672 345116
695725 782839
695834 455620
695944 792985
696044 6449
696343 683713
697236 94651
697322 916619
697662 912034
697771 729895
697928 942893
697959 319667
698173 355218
698342 407385
698786 416687
698840 348605
698922 432480
699010 46267
699386 499554
699831 510408
699875 300709
700161 317714
700349 794977
700454 402462
700728 255773
700757 346939
700944 57238
701053 421606
701417 558695
701949 613228
702350 906699
702608 967238
702811 60476
703001 70445
703058 663804
703180 22763
703254 525702
703359 943813
703544 740831
703835 697076
703928 979620
704179 48188
704322 607032
704417 138397
704470 932244
704599 426799
705063 257800
705094 354485
705215 584297
705312 573576
705594 723966
705734 181167
705790 258110
706161 464177
706293 740443
706415 669862
706666 23969
706686 722171
706745 417184
707142 862713
707943 903706
708216 867234
708347 310260
708708 496645
708725 530274
708753 753709
709008 618337
709168 670196
709182 130962
709603 233925
709945 538861
710008 883275
710009 730929
710067 993923
710316 291957
710389 60025
710460 851606
710563 913057
710587 526327
710815 364746
711227 22976
711422 604376
711568 124304
711683 153043
711708 122985
711990 257888
712099 786358
712128 930419
712361 567320
712674 516732
712780 680823
712897 464106
713258 867332
713351 802671
713454 990493
713563 156867
713653 298394
713724 687278
713878 882631
713975 992729
714028 207888
714186 254218
714351 653625
714741 714738
714921 44300
714966 786175
715008 872900
715085 42723
715102 715983
715199 799494
715574 723375
715838 420129
716072 853676
716089 592712
716143 181775
716315 556460
716352 930595
716453 994760
716497 937010
716764 858394
717110 206986
717212 664058
717729 345537
717900 882143
718230 245546
718249 398158
718451 154292
718810 440118
718816 886272
718868 433298
719176 892251
719274 311760
719572 203092
719577 15887
720394 373190
720591 83588
720651 898188
720712 226238
720739 47015
720949 530819
720960 139331
721327 531675
721336 506634
721725 515940
721756 585868
721902 512491
721940 814379
722062 611599
722379 530069
722593 349753
722791 779579
723008 26548
723017 604283
723140 56656
723504 656184
723659 30245
723833 323786
724010 235209
724427 165652
724628 664739
724831 146269
725610 442488
726050 165530
726436 913738
726550 70353
726771 828824
726811 568941
727332 384890
727360 573334
727571 788977
727977 327070
727984 263414
728171 313050
728426 332197
728496 972355
728801 636724
728891 930810
728930 245337
728957 680692
729386 599831
729503 845109
729596 611665
729637 419121
729815 99132
730184 228609
730457 390240
730634 537983
731187 596113
731191 146346
731439 278291
731690 708647
731911 703400
731949 592579
732242 793012
732272 436664
732516 826533
732839 399897
733291 483821
733580 755770
733584 844482
733832 97155
734071 267086
734235 993222
734340 319580
734446 290542
734770 528953
735064 130875
735391 340086
735446 611831
735527 864808
736352 30619
736538 336452
736743 136432
736786 206117
736978 889252
737046 38688
737121 775524
737134 670220
737191 266928
737274 9401
737308 618030
737486 29119
737568 455899
737644 338173
737688 927634
737845 74542
737871 861105
737877 816744
737911 175450
738571 494910
738755 178103
738815 581999
738975 57735
738998 980400
739237 866432
739307 442658
739484 725954
739675 406985
739675 436568
739934 727842
739969 631778
740062 219695
740065 940271
740209 615586
740235 182732
740415 353189
740890 888023
741572 43662
742141 801201
742203 904120
742265 792126
742312 376533
742938 42639
742938 423247
742981 851727
743255 551628
743517 145318
743664 575921
743826 14188
744189 923952
744405 177076
744568 709983
744840 72599
744983 61181
745094 993985
745133 512890
745415 789573
745472 410205
746017 957167
746179 701363
746212 151011
746926 229616
747024 443867
747048 930461
747967 390617
748361 683813
749187 851020
749404 292801
749677 862141
750262 172903
750708 489191
750865 712412
750888 886940
750893 949770
751203 996427
751281 29177
751393 300200
751630 565916
751656 486873
751829 209067
752379 860871
752468 276288
753450 288036
753684 3044
754678 366201
755182 433259
755549 766613
755720 990943
756035 849602
756369 646720
756474 853187
756721 330711
756814 689557
756960 14839
757052 856313
757100 123543
757255 108295
757368 215846
757484 748189
757510 372991
757662 640755
757740 75301
757901 662565
758208 804611
758304 803288
758324 145787
758580 374877
758702 233361
759005 519973
759142 895662
759255 503738
759457 330707
759550 936218
759966 50323
760086 125545
760195 821269
760788 746362
761185 446110
761225 973148
761266 598308
761297 856795
761707 276310
762323 548264
762724 516763
762774 268040
762864 711237
763149 651851
763345 104702
763430 172412
763446 337942
763759 519719
764249 861843
764382 416060
764911 941070
765186 565448
765280 3247
765650 468923
765789 182848
765905 498873
765937 991597
765948 263750
766025 390676
766132 360986
766608 590036
766886 296290
766889 287150
766936 129127
766938 178047
767225 551248
767314 201900
767500 386611
767640 151167
767674 303800
767682 210390
767939 170423
768217 684689
768408 61386
768476 438116
768795 897304
769212 927371
769940 979337
770085 667475
770479 491027
770671 274553
770681 673568
770897 468784
771026 215284
771288 145998
771378 125012
771630 16479
771683 505405
771702 609661
772078 415193
772318 979589
773270 472327
773385 314982
774323 216435
774395 94903
774505 316908
774662 408759
775136 223187
775607 746055
775701 485964
776406 824359
776608 800602
777225 487066
777369 843234
777719 659059
777726 461676
777851 643247
777892 327097
778066 12143
778178 523651
778186 669210
778242 69570
778542 89104
778804 314543
779026 501552
779091 675329
779410 523004
779464 13690
779614 256810
780040 460504
780168 785733
780296 65226
780461 362700
781062 508854
781650 95545
782173 814993
782823 63530
782897 951601
783059 616740
783592 426618
783627 669121
783650 58488
784110 998162
784391 571772
784590 585723
784902 141780
785004 386585
785313 794535
785375 812167
785527 606041
785836 512098
786069 245413
786213 20154
786258 226987
786612 871291
786897 911223
787033 444113
787055 371376
787130 548483
787208 800547
787233 923899
787321 86178
787388 717367
787424 167484
787581 318306
787980 246351
788015 553836
788411 982255
789133 114613
789223 239491
789272 602413
789332 924591
789358 68064
789371 980778
789827 635014
789871 964762
789940 401010
790086 483339
790360 341285
790453 145514
790694 960532
790743 876827
791186 980811
791200 530112
791580 763648
791609 109505
791631 345083
791741 978443
792079 832472
792944 935286
793152 951537
793512 74215
793596 172343
793944 539702
793966 332866
794002 314013
794541 211835
794642 838407
794924 813907
795051 457701
795386 466751
796050 515084
796187 588647
796311 966016
796493 236927
797094 446881
797168 82424
797180 401953
797276 527949
797299 494167
797343 261126
797549 228447
797905 752529
798179 466471
798516 428259
798624 443635
799067 401258
799609 589784
799987 222710
800801 715121
801033 250651
801433 153985
801446 185302
801515 979065
801892 742778
802391 192108
803279 834042
803366 854022
804166 428197
804397 24673
804756 75780
804798 873650
804982 587272
805191 864983
805402 437546
805918 253175
806032 711254
806113 98021
806115 481514
806138 910191
806325 722753
806347 680239
806660 889943
807013 720957
807337 68846
808193 191698
808212 980395
808638 736875
808919 894379
809088 206018
809275 186013
809307 204616
809318 734740
809503 254509
809553 213205
809924 386854
810266 92046
811068 3249
811076 948587
811105 128180
811254 718955
811295 686515
811308 393288
811503 29253
811532 900467
811730 495863
811855 107672
812228 944460
812330 232479
812465 711060
812831 558466
812971 750516
813119 275672
813135 159219
813197 180175
813228 414958
813330 211232
813391 265998
813426 715709
813794 445530
813810 607526
814145 956435
814184 625095
814490 926320
814614 237076
814940 201685
815028 797682
815537 817759
815747 585531
815832 752494
816019 197266
816213 224283
816219 809105
816528 984785
816652 715471
816824 740832
816861 954544
817126 256829
817160 443847
817644 671897
817696 713839
818178 730531
818209 66353
818327 892752
818730 125237
818739 326459
818791 771434
819320 204619
819380 157670
819466 317248
819579 362308
819695 803114
820130 674516
820348 603546
820512 89271
820682 963020
820953 831670
821283 994014
821363 883897
821523 762860
822070 473213
822211 339986
822370 503192
822407 878757
822566 331744
822755 37429
823281 796882
823338 850631
823577 859084
823781 504441
824004 33187
824076 184902
824092 186
824341 722931
824621 81489
825053 503687
825101 840866
825115 664350
825406 233821
825697 672906
826099 816873
826154 37797
826965 829113
827119 607350
827265 922934
827334 338773
827448 695199
827578 122545
827582 244238
827621 693246
827626 681479
828020 401884
828249 944504
828254 244060
828972 554147
829624 52593
830162 150072
830247 784399
830337 955186
830540 270751
831408 417442
831889 840076
832019 490690
832071 886043
832187 721313
832191 30613
832813 347607
833185 623655
833696 724034
833777 70558
833781 796171
833799 216025
833990 737675
834013 714987
834315 27331
834326 687100
834366 576755
834566 295736
834651 873920
834943 74431
835280 696366
835302 388142
835328 715681
835330 451624
835336 32470
835522 16675
836061 58798
836314 824725
836438 403690
836776 596558
836842 592954
836864 495807
837453 419638
837551 243566
837898 568719
838016 814209
838095 942606
838203 516373
838267 656531
838341 709302
839564 117857
839655 326619
839695 520367
839800 975051
839809 968610
839937 433646
839989 616383
840021 965438
840250 985107
840474 365230
840869 63108
841146 743025
841263 759014
841416 87685
841472 216788
841958 809951
841996 340446
842010 634771
842687 794514
843151 830783
843171 362359
843254 248435
843452 179549
843583 895725
843699 881590
843712 954367
843995 472409
844121 661495
844227 33473
844246 729714
844494 799063
844730 423290
844824 641782
844895 253635
844897 703975
845003 238338
845281 720683
845984 343849
846082 950504
846275 569205
846537 107822
846681 160619
846806 531928
847144 221835
847170 316084
847898 631809
848200 912696
848611 865415
849010 230336
849040 486980
849636 327856
849828 489017
849831 312740
850061 227170
850327 181912
850448 864656
850681 323408
850944 441223
850953 783050
850965 307048
851316 349486
851748 984927
851781 122672
852067 678990
852119 245257
852308 930737
852365 660900
852399 50557
852863 543826
853207 85652
853521 381517
853970 943482
854281 689287
854331 171673
854559 677112
854730 104927
854851 5554
854883 449959
855209 527917
855243 458059
855436 546370
855460 532109
855522 930510
855598 267146
855822 732881
855896 340821
856330 757979
856372 688726
856386 255253
856391 452875
856487 958058
856597 786018
856763 909283
857117 714025
857130 546628
857225 667930
857714 732645
857736 359345
857751 179468
857924 255203
858531 367550
858910 787486
859192 196697
859403 413355
859986 751102
859986 812481
860003 521552
860265 265799
860731 708849
860989 707496
861426 923196
861738 395451
861952 953648
862381 542755
862448 810896
862477 2403
862831 374787
862842 181481
862886 233920
862927 869704
863581 590176
863744 938095
863784 827093
863890 962197
864400 859759
864777 602631
865974 861757
866019 41908
866099 211726
866403 103329
866825 158060
866848 842649
866914 260174
866976 8215
866980 785611
867313 103172
867440 24992
868007 638293
868104 770769
868417 712226
868700 562324
868702 653743
868728 296580
868743 449821
868810 765267
868878 672700
868888 739349
868993 743398
869353 289964
870140 402627
870325 406925
870468 506262
871173 39025
871337 562687
871673 203843
872580 71334
872626 332672
873179 711929
873347 434449
873352 54045
873467 232111
873498 47911
873515 220335
873731 378796
873854 227671
873858 90920
873891 431202
873963 11003
874078 323613
874140 262046
874279 300315
874346 271699
874389 234731
874559 365198
875107 366326
875121 721040
875154 785866
875217 742211
875385 288147
875688 153855
876144 628945
876217 642418
876462 357215
876547 288342
876693 538731
876994 873952
877133 158610
877501 362467
877886 647703
878189 601384
878203 414857
879087 638031
879135 517195
879351 345281
879813 320966
880100 818678
880226 127232
880274 574221
880491 264962
880967 733801
880994 649987
881544 359500
881604 894531
881669 277683
881963 311317
882240 552741
882508 914103
882956 266105
883365 895858
883691 955153
883801 2103
883934 812316
884470 802195
884492 627823
884850 25849
885299 762061
885443 487722
885480 667578
885712 47273
886016 856724
886232 112545
886260 86450
886383 267976
886588 362843
886705 32629
886915 233128
886941 970941
887370 284307
887635 921176
887747 437540
887884 377377
888326 223845
888398 523417
888764 862757
888836 933566
889370 709671
889673 511597
889873 329441
890003 461415
890014 730406
890049 808468
890375 390006
890487 546130
890617 229780
890824 679646
891641 852990
891679 785
891854 889843
892032 108911
892065 804507
892405 795633
892479 925993
892804 742898
892844 322096
892973 258651
893094 812421
893378 245442
893611 9838
894009 253325
894090 30010
894345 229407
894597 782405
894614 653421
894699 411362
894858 971191
895039 993518
895344 87503
895714 155319
895752 815445
896000 249784
896507 480997
896673 822213
896760 826730
897069 660487
897078 566405
897139 570031
897582 403616
897665 758475
897839 101495
897872 983205
898048 132517
898154 697646
898310 828561
898535 655783
898995 242681
899012 107279
899125 898404
899140 458438
899199 981548
899277 952448
899347 824522
899414 452469
899751 255074
899869 814409
899926 463617
901022 231086
901272 880095
901990 349751
902793 98718
903004 76174
903045 172128
903062 92298
903160 453620
903238 135741
903707 798770
903889 708130
904126 62484
904348 45425
904445 684476
904752 162339
905141 502969
905332 676748
905389 639677
905468 356972
905479 118001
905508 749701
905824 345456
905938 354134
905993 133994
906153 948072
906253 956692
906802 738453
906992 501747
907226 68710
907362 525094
907475 601578
907709 431479
907790 173912
907839 309509
908019 615810
908625 249325
908800 878993
909373 398786
909481 848442
909634 139245
910014 168483
910312 716207
910646 457522
910729 777809
911057 394107
911308 87157
911506 959981
911513 448524
911535 403494
912102 314476
912130 366264
912210 346659
912674 406860
912706 697756
913057 988247
913262 897115
913318 888959
913331 357770
913501 752290
913518 535614
913712 671878
913842 704876
913955 595521
914000 465748
914447 990748
914557 841080
914565 435487
914970 55563
915168 916643
915432 193782
915499 713969
915924 192379
916050 609576
916845 676050
916900 820294
917113 791272
917263 308219
917327 984945
917517 762132
918293 542247
919301 38941
919679 804123
920138 683074
920250 993289
920271 542244
920436 306813
920508 984748
920575 497348
920672 650679
920839 308049
920879 614682
920986 600604
921161 28564
921397 204937
921669 221144
921715 278754
921765 281704
922824 950848
922904 765478
922989 63877
923157 481494
923558 110847
923635 869855
923830 989020
923834 731048
923918 115358
923969 169377
924012 304706
924182 54080
924440 951675
925068 668022
925456 866334
925523 304981
925834 238092
925842 222870
925944 966101
926201 802589
926344 836387
926390 766885
926461 812135
926604 866858
926644 62351
926808 233988
927175 457681
927197 174754
927335 817512
927872 83037
928026 179753
928311 896554
928348 521738
928470 458989
928485 689197
928527 879188
928628 316852
929203 468287
929475 371176
929793 551607
930555 845406
930876 966722
931184 739813
931466 825285
931768 663973
932223 550143
932481 252282
932579 981808
932719 716794
933251 528757
933257 811956
933392 296652
933592 746782
933936 62484
934133 945836
934250 274396
934340 980514
934506 788762
934557 620348
935205 173878
935427 144730
935451 349943
936260 351552
936324 271752
936735 894518
936772 10116
937189 276553
937533 80775
937622 649753
937658 898698
938021 491149
938085 919766
938154 989728
938170 695025
938411 791232
938651 244936
938825 614925
939582 47070
939868 237200
939912 970771
939957 812861
939959 739539
940011 456169
940135 294514
940277 795883
940529 452627
940581 419172
940876 421618
940890 525461
940895 84428
941394 481984
941862 866831
942021 499198
942098 443483
942510 826807
942869 859881
943102 32272
943712 210211
943728 244691
943734 335621
943769 407803
943981 21167
944122 656039
944372 131569
944575 519221
945153 481255
945168 133979
945272 195937
945673 714058
945952 116952
946261 382196
946736 722769
946857 345584
947980 126849
948095 493633
948244 293856
948350 381343
948593 446896
948870 743670
948950 931935
949120 952349
949256 133929
949461 533795
949637 993811
949925 40210
950147 208519
950418 86583
950572 953988
950659 295120
950673 166409
950788 966041
950862 915595
950998 414007
951481 421262
951632 364240
951796 350584
951998 963852
952000 708395
952031 67647
952184 368332
952463 511396
952527 204734
952760 634770
952921 439140
953179 514570
953227 584825
953421 845014
953625 361345
953762 60569
953953 910145
954119 945810
954506 236241
954729 179205
955717 974598
955781 562469
955871 756826
955992 597229
956185 126394
956667 414682
956721 286608
956744 82248
956808 813745
957300 247942
957401 186828
957661 905397
957943 884477
958108 254378
959025 775964
959405 541567
959789 761620
960140 341460
960341 723366
960457 523159
960542 308627
960551 575248
960840 245851
960947 84439
961132 867601
961134 967837
961390 266220
961424 266358
961470 367270
961506 672090
961621 235695
961917 244563
962004 748976
962014 669952
962024 506783
963080 357181
963086 375558
963172 122091
963258 123925
963352 533257
963641 294550
963744 343436
964058 818802
964292 555017
964344 416469
964680 513774
964720 920178
964741 395579
964915 831636
965035 357750
965074 51705
965134 696358
965256 270621
965446 578940
965526 982853
965582 741299
966157 356680
966208 777385
967070 122389
967123 417015
967263 679073
967448 62391
967501 455418
967517 471392
967607 809687
968150 831845
968175 712267
968311 302056
968647 39495
968898 59923
969039 696032
969043 312074
969323 138799
969572 413448
970838 382568
971025 584058
971072 972665
971096 398164
971107 786225
971314 316949
971356 77797
971482 643888
971703 187973
972068 957198
972080 839574
972221 106778
972358 903305
972475 142393
972575 761537
972713 738086
972746 888968
972808 350414
973095 6658
973561 835278
973621 946652
973721 353224
973759 416094
973856 733271
974138 122157
974861 954902
975328 966402
975522 463086
975730 134544
975737 315672
976207 599227
976720 149432
976752 155937
976909 100913
976944 905567
976983 198346
977123 645438
977310 213413
977311 679300
977381 786093
977389 296240
977514 312408
977666 362993
977768 377552
977842 26015
978046 205253
978230 979292
978366 976648
978377 533080
978510 812238
978570 489797
979027 123356
979237 529998
979357 24567
979392 360827
979453 297328
979578 290872
979787 298385
980138 232531
980375 337290
980496 750521
980585 563294
981248 699177
981286 781986
981518 119405
981917 69713
982195 16358
982814 14044
982818 148044
983044 596703
983133 534283
983234 481258
983269 615554
983312 4670
983492 849797
983604 201310
983692 228195
983952 721392
983990 618274
984133 658011
984258 133472
984670 737612
984877 340381
985378 462292
985665 564689
986001 764933
986011 405172
986170 388994
986443 724378
986903 60257
986965 615324
987011 683011
987392 285979
987402 560950
987820 349417
987845 760198
987929 4140
988020 551461
988644 331234
989075 182486
989764 719734
990015 403183
990037 236059
990071 212583
990921 45313
991159 247754
991238 182893
991379 175173
991949 345779
992123 479530
992235 296510
992465 434289
992474 611237
992707 718370
992777 869677
992949 320807
993220 657774
993294 17173
993476 935763
993765 619161
993868 661476
994161 473482
994180 812642
994200 110034
994268 299927
994370 962518
994467 697178
994490 482871
994693 434647
994937 995408
994960 449532
994977 332318
995079 943439
995116 176454
995348 415146
995536 143337
995577 424519
995766 935072
996070 10709
996107 653374
996359 674445
996560 510288
997071 155183
997186 386226
997308 926464
997545 948097
997764 347170
998107 183489
998601 604979
998694 140698
999135 137502
999212 454611
999305 326715
999358 1465
999544 293613
999576 108385
999851 56382
