Random point counts: 3000. Ranged within [0, 10000]
0 5595
2 6259
2 6951
3 5177
7 1973
13 3895
14 32
16 6935
19 314
20 7727
20 9981
25 7942
27 9389
32 3099
37 5036
44 4356
50 1649
50 4412
50 4817
52 1768
56 9272
57 8249
57 8779
60 6455
61 2331
64 5995
66 1103
67 9596
68 6770
68 7127
68 9965
69 2699
69 6519
71 1353
71 8973
77 9477
78 5637
82 2235
82 7531
84 9767
85 3650
85 9438
86 3309
89 2670
91 396
94 9282
98 1173
99 8040
101 5392
103 62
103 3043
105 1681
108 9072
108 9618
113 1844
118 5198
121 7719
122 6643
125 1588
128 5829
130 6400
130 8559
134 72
137 5270
143 8613
148 6631
148 7694
150 8245
154 4929
155 2275
159 3087
162 8655
166 937
170 9651
171 6743
172 1999
173 5430
180 2919
181 3248
181 3473
181 7144
181 9345
185 6314
188 2996
191 6097
191 7771
193 7771
195 5931
209 4185
211 2365
216 5791
217 6757
219 1169
225 2496
226 2805
229 1859
233 3618
234 9203
236 6171
242 2150
242 4478
244 1380
246 8080
247 6668
250 2314
250 6258
252 6827
255 7436
260 983
262 8598
264 1861
268 2450
297 3343
298 2531
299 2017
299 5260
305 8644
305 9229
307 2892
314 3672
327 2386
333 4876
344 2794
345 7746
345 9489
350 1422
351 2224
352 9197
358 7120
359 143
365 7749
366 3547
376 1052
380 4196
381 8091
381 9686
387 1474
389 9834
390 3652
390 8714
391 5457
391 7754
391 9686
395 2247
396 5507
396 8172
398 6583
399 9836
403 3643
404 2920
407 7436
407 8619
408 62
410 555
413 435
414 5574
419 6674
420 1954
423 1398
431 4825
437 154
438 1669
439 2329
441 4497
445 2997
447 5591
448 718
450 3440
450 8619
451 8612
455 3242
461 2252
472 4779
475 9571
478 9348
480 6989
482 5086
485 619
485 5752
485 7385
493 425
493 6136
498 5905
498 7209
502 4587
509 7002
512 9868
518 8583
524 1829
531 7552
533 761
537 5634
538 9443
546 2929
546 8862
548 3605
553 665
556 2330
559 179
559 2725
571 2999
572 7599
574 7669
579 1092
579 7141
585 5119
585 5334
590 7609
594 5950
595 3524
604 994
613 6343
615 8891
616 9411
619 6904
623 6819
627 1316
628 6345
632 772
633 4642
633 6497
635 6654
637 3371
639 6354
643 397
644 3174
649 6088
657 4567
658 6692
658 9629
659 5645
660 7378
661 6847
664 5015
664 7813
667 3450
672 6648
673 9299
677 9591
682 7163
683 9334
690 3382
692 8249
695 8486
698 2157
699 9055
700 805
702 5260
702 7302
703 3183
703 5978
708 1287
708 8487
708 9904
709 6795
711 8075
712 5286
716 6812
719 4320
725 1728
729 6226
730 64
731 4774
734 1566
742 7483
742 9868
745 1772
747 7322
749 2151
753 9016
774 8213
778 6706
786 1111
788 6779
789 8147
806 1665
807 2187
810 2646
812 7037
813 2112
819 9870
822 6268
825 3841
825 8537
836 9203
839 5189
842 3718
844 6724
845 2414
846 3465
847 1099
847 1871
850 5429
854 3063
855 1900
864 2346
868 8962
875 8405
880 6007
883 4721
883 7095
885 3114
885 9488
890 3791
899 5574
901 4315
901 5677
902 6345
902 7525
902 7658
914 2593
917 6972
918 1092
926 5072
941 3207
942 5773
944 5536
945 8911
946 8192
947 5758
950 5913
951 5462
952 7622
957 641
957 8339
961 2905
961 9927
967 7735
973 1735
973 4434
976 3818
983 3470
984 8392
986 2652
988 3952
994 7591
995 5468
996 7209
998 8066
999 4709
999 8241
1006 141
1012 1258
1012 8453
1014 9443
1014 9692
1015 2961
1027 8274
1029 6457
1032 9345
1037 1459
1041 6979
1043 8326
1051 2168
1056 2478
1059 1375
1063 9937
1064 9805
1069 7118
1073 9070
1074 3819
1074 9149
1077 4071
1077 5561
1079 6844
1081 8473
1089 5734
1095 720
1096 9005
1099 4874
1101 679
1101 2046
1107 7119
1113 7560
1115 8321
1124 7109
1129 4398
1130 5510
1140 5886
1145 5018
1150 6384
1154 9167
1155 1332
1155 8600
1157 2121
1157 5495
1157 8720
1159 2794
1160 2002
1161 9771
1162 1242
1165 5617
1166 5335
1168 7519
1169 1808
1172 2182
1176 7991
1177 949
1179 6777
1181 9230
1185 2664
1190 7713
1196 6145
1203 7851
1209 5514
1212 3649
1215 7685
1216 1319
1217 5946
1220 3791
1222 4509
1233 3874
1234 314
1240 750
1244 7838
1248 8881
1262 3592
1263 3442
1268 2005
1269 8443
1269 9038
1283 7898
1286 9530
1293 4022
1300 4438
1301 6617
1302 2249
1304 3832
1305 9313
1306 3823
1308 9738
1309 7560
1309 8759
1310 5552
1310 8499
1319 9160
1326 1100
1328 3674
1336 5273
1337 3269
1346 7103
1348 5657
1350 4993
1350 9645
1352 2210
1352 7901
1353 4553
1353 7114
1355 1570
1355 2933
1358 1846
1360 5780
1370 175
1370 6099
1372 2626
1374 1262
1378 6234
1379 9711
1384 1823
1388 3494
1389 8309
1390 8393
1391 1250
1392 1837
1395 7278
1395 9661
1396 3093
1401 4685
1413 172
1414 5833
1424 5646
1428 2766
1428 3085
1430 9525
1432 9743
1437 7214
1439 4754
1439 4946
1440 782
1453 1108
1456 1871
1468 5724
1469 2249
1478 5263
1478 6952
1487 1460
1494 1392
1496 6547
1507 3501
1518 2750
1518 4500
1526 5398
1526 6898
1527 4512
1528 1089
1529 3432
1529 9632
1531 8178
1531 8763
1537 1142
1540 6359
1548 9478
1550 4887
1555 979
1556 7031
1556 8883
1559 6284
1561 9469
1569 1922
1571 9396
1574 1318
1575 358
1576 2662
1583 4187
1583 8172
1584 7783
1585 3947
1589 5756
1590 7599
1593 3881
1594 4544
1605 6785
1608 6898
1611 8001
1613 1559
1613 3270
1627 4564
1628 3081
1631 4636
1634 3238
1635 8048
1637 1875
1639 1814
1640 1047
1651 7328
1652 2905
1666 1420
1669 1974
1670 4125
1672 7523
1677 7355
1680 2293
1682 413
1684 7289
1687 1704
1692 7398
1701 547
1701 5269
1701 9148
1704 6914
1705 2447
1711 6875
1712 4177
1712 9096
1713 3875
1715 1935
1719 7865
1728 4015
1731 7516
1733 2816
1743 3984
1748 9331
1753 368
1753 2367
1755 4986
1758 8359
1763 9367
1767 2454
1771 2801
1774 6125
1775 6916
1776 82
1781 4280
1782 3372
1782 6817
1789 2215
1790 6347
1794 2857
1799 9417
1803 404
1803 9385
1808 2422
1818 3171
1827 2461
1827 4466
1827 4598
1838 75
1839 7432
1840 5062
1844 692
1844 6002
1850 5042
1854 2671
1855 7803
1857 1406
1866 3422
1867 2985
1867 3698
1870 1161
1873 1854
1874 1503
1874 8646
1875 7235
1882 1768
1882 4917
1883 3671
1891 1921
1908 4505
1909 7099
1912 3261
1912 5464
1914 4147
1914 4317
1916 898
1921 519
1923 848
1924 5395
1926 2702
1930 3119
1930 3341
1931 9304
1933 7792
1934 716
1940 842
1940 1412
1944 419
1951 4397
1953 437
1954 1626
1965 3849
1967 3031
1973 9435
1974 4725
1975 378
1978 668
1991 5740
2000 1211
2010 3468
2011 3957
2020 5530
2022 65
2023 8725
2043 1992
2044 5347
2044 9788
2056 3561
2057 7474
2063 3830
2063 6602
2065 8801
2067 7535
2068 8813
2070 6954
2072 6594
2090 8051
2093 6146
2095 5979
2095 9952
2096 9545
2112 4639
2114 1982
2119 8744
2122 2182
2125 539
2129 2213
2131 1874
2131 5100
2131 8007
2132 3655
2132 5003
2135 6545
2139 6876
2139 7841
2141 5834
2148 5493
2153 1818
2155 1935
2164 3575
2166 2993
2170 340
2175 3170
2177 8223
2189 9274
2196 257
2198 4411
2200 3956
2203 9544
2204 9973
2205 5171
2205 5639
2215 5545
2216 9832
2223 507
2228 385
2235 2795
2237 2913
2238 4461
2254 8523
2257 4942
2261 23
2261 3119
2263 6804
2264 5373
2270 7326
2277 2960
2278 4662
2279 2954
2280 462
2280 8555
2282 5412
2283 3561
2284 1700
2288 6535
2292 5506
2301 1888
2305 9808
2308 3587
2310 3124
2314 7101
2314 8142
2315 5083
2317 1090
2317 6414
2317 8834
2321 3980
2323 3196
2323 5320
2325 5637
2327 841
2329 7
2329 3762
2338 3808
2342 29
2342 4594
2351 2607
2351 7185
2356 321
2357 8146
2358 7513
2361 5741
2368 2124
2370 2383
2372 9361
2375 7246
2378 9957
2379 4136
2380 7400
2382 3806
2384 1158
2392 5911
2392 7633
2394 22
2395 594
2395 9573
2397 976
2402 5539
2407 4855
2409 5430
2410 4318
2429 6729
2434 1950
2436 4746
2440 1055
2445 7054
2449 5619
2451 553
2451 7545
2452 2681
2464 974
2464 8204
2464 9924
2467 4115
2476 8562
2480 6614
2483 3313
2484 5565
2486 4921
2493 8017
2494 3188
2499 2957
2500 2906
2502 6446
2502 8997
2507 8972
2508 978
2509 7784
2513 5867
2513 8457
2513 9917
2514 882
2517 3862
2522 1215
2523 5308
2529 837
2536 7853
2539 2321
2546 6949
2550 2588
2553 3692
2557 5110
2561 420
2562 3487
2562 8709
2563 4067
2564 5081
2567 9181
2570 2247
2574 266
2579 8646
2582 7526
2584 9955
2586 511
2588 8174
2597 8316
2600 863
2601 2191
2601 4968
2604 6250
2605 2962
2608 3298
2608 6358
2610 2434
2610 8944
2614 7247
2618 5348
2619 6592
2622 15
2622 9287
2629 7982
2639 422
2640 213
2644 1297
2647 4065
2650 2069
2657 7416
2659 1560
2659 3158
2659 3701
2659 7785
2666 4556
2668 3515
2669 4883
2669 7260
2670 3519
2673 7490
2674 369
2681 3453
2682 8461
2687 9325
2689 5209
2694 8382
2697 1718
2709 2606
2709 8570
2718 4153
2719 2127
2721 163
2721 4461
2723 3372
2726 1386
2726 6417
2729 1995
2730 8518
2733 9594
2734 197
2735 566
2737 161
2739 9496
2741 6031
2742 844
2746 2049
2747 4106
2750 5781
2756 2909
2759 233
2759 6864
2761 3321
2770 7752
2780 3857
2781 7575
2783 1550
2783 7522
2786 8628
2789 7643
2790 7970
2793 6965
2795 6877
2800 5802
2803 3508
2812 2623
2812 8756
2819 4242
2824 6940
2828 8637
2829 5806
2837 6829
2838 7071
2839 5592
2840 2203
2841 6607
2842 180
2843 2187
2844 5110
2851 4894
2852 17
2852 6364
2857 306
2857 9769
2858 5640
2864 1484
2867 3718
2877 7511
2878 4634
2883 7854
2889 200
2891 3792
2895 5878
2896 7195
2897 9398
2903 3887
2914 4499
2916 8550
2921 272
2923 5391
2929 2250
2929 7414
2931 6111
2937 6543
2939 2677
2939 5084
2940 2173
2942 5088
2946 4080
2953 3075
2959 2714
2968 9548
2972 918
2978 2607
2986 3082
2988 3125
2992 811
2996 3614
2996 8679
2997 8496
3009 757
3014 4855
3015 1198
3031 991
3033 2246
3036 2412
3038 2395
3041 332
3041 1837
3044 6774
3044 9787
3048 6713
3049 224
3052 9553
3057 6587
3061 1275
3066 6499
3069 3986
3074 1566
3074 8075
3079 8375
3087 6483
3090 3279
3091 2992
3096 7130
3098 581
3106 2346
3107 7733
3109 9306
3110 3790
3124 423
3128 859
3131 6901
3133 403
3137 2159
3138 4332
3139 5465
3141 9627
3143 6669
3145 626
3152 2923
3153 35
3155 9315
3156 4894
3159 1750
3165 6528
3165 6961
3167 8612
3169 9638
3171 3892
3178 5897
3184 6641
3184 8377
3185 6067
3188 5932
3197 5257
3197 7490
3199 2300
3217 3538
3218 6807
3220 1230
3220 9951
3223 9573
3225 5964
3232 143
3237 1436
3252 2963
3258 8128
3261 3788
3262 7844
3263 5531
3274 9149
3277 98
3288 884
3290 9268
3300 3493
3300 9618
3302 7463
3307 6474
3308 7259
3311 1927
3319 6759
3320 3838
3323 4715
3324 1272
3325 6976
3326 4155
3327 82
3329 9296
3330 6263
3334 6186
3335 2997
3337 8263
3346 9501
3356 5124
3361 9146
3362 3510
3365 5443
3367 2124
3368 7868
3369 2055
3375 6310
3381 6938
3390 2699
3390 6657
3391 7952
3392 2687
3394 435
3397 4422
3399 617
3403 6505
3405 5451
3410 4042
3412 554
3412 1441
3416 5291
3422 4263
3426 8499
3427 8593
3428 4784
3429 2147
3432 8731
3433 9594
3440 8793
3445 2651
3460 3624
3466 4195
3467 130
3471 8510
3478 3840
3481 2660
3483 5201
3489 2448
3497 2247
3504 7092
3507 2629
3530 5613
3533 8314
3534 6074
3536 1545
3544 1802
3544 8374
3546 1607
3551 304
3554 6813
3556 9726
3559 5582
3561 2208
3561 5612
3563 6444
3564 8310
3568 4899
3569 3476
3570 4686
3570 7904
3581 5113
3584 4836
3585 8445
3587 8906
3589 539
3590 6432
3593 4988
3594 4401
3597 7535
3598 8649
3600 6357
3601 3590
3604 7285
3604 8737
3607 9234
3613 8058
3615 4655
3616 8132
3623 4345
3626 2244
3636 2846
3637 6170
3642 5938
3642 9556
3653 7815
3658 230
3658 5362
3658 6092
3658 6130
3660 8240
3661 8938
3666 288
3666 6197
3674 5958
3675 8311
3678 3681
3679 7417
3680 9789
3686 1806
3692 6544
3693 3965
3697 1134
3697 1735
3699 4728
3701 6548
3704 2693
3706 1602
3706 3428
3716 605
3716 3936
3716 8306
3716 8667
3719 5929
3720 7502
3723 6460
3725 7805
3732 2046
3733 4744
3734 8456
3735 5494
3738 6038
3738 9864
3741 7824
3741 9681
3743 9074
3745 8204
3749 6764
3755 1712
3756 6438
3761 9428
3763 4410
3764 1908
3769 182
3770 530
3773 1578
3773 1969
3775 6840
3777 9177
3780 3839
3786 260
3796 9497
3802 2533
3805 9510
3808 2565
3813 5793
3814 8408
3818 6431
3824 3976
3827 2922
3830 4880
3830 7407
3832 1907
3833 7607
3835 6960
3835 9054
3836 664
3844 3995
3845 4265
3847 2689
3849 2168
3853 4147
3856 1549
3856 9737
3860 8939
3861 8544
3871 6239
3872 6248
3877 5831
3882 412
3882 1670
3888 699
3890 8269
3891 1476
3896 5950
3900 3350
3903 2082
3908 555
3911 2878
3912 306
3912 4314
3916 9202
3923 8402
3925 7593
3926 2056
3946 149
3951 509
3951 3597
3958 2172
3962 8437
3962 9826
3963 407
3963 2403
3964 4192
3966 2743
3969 8304
3974 9302
4008 4786
4010 7196
4012 323
4012 6116
4013 2669
4013 8417
4017 1407
4025 609
4026 4477
4029 310
4029 4450
4029 9144
4037 4853
4043 602
4059 285
4060 3988
4064 6368
4071 2840
4078 8622
4079 8441
4080 1164
4086 4765
4087 6890
4088 4564
4094 7823
4096 8080
4100 2817
4100 9208
4101 9663
4104 3468
4108 5424
4115 1226
4121 7268
4123 2205
4125 3115
4136 5937
4136 6643
4137 3163
4145 7495
4146 6774
4153 7728
4157 1963
4160 8539
4164 2310
4164 6654
4174 3918
4175 9138
4179 5321
4186 3599
4188 5431
4189 1542
4193 9557
4202 8988
4223 2967
4228 9427
4236 3926
4244 3319
4245 4046
4246 3805
4248 4541
4249 6592
4250 189
4254 2527
4259 7209
4263 10
4264 7213
4265 8624
4267 4125
4276 6655
4276 9090
4281 2711
4287 7653
4287 8241
4289 1201
4290 8467
4294 9345
4295 6759
4297 5535
4298 5161
4299 8329
4307 3245
4308 1169
4310 6116
4313 5865
4315 3083
4317 2621
4321 3192
4325 5097
4330 682
4331 7338
4335 7039
4339 7252
4341 4685
4345 1394
4347 4609
4348 9328
4349 5802
4351 2368
4355 1087
4357 1023
4359 6841
4366 6707
4367 3350
4368 3985
4374 910
4375 5896
4380 7126
4382 7195
4392 6129
4395 4581
4396 5106
4397 1028
4400 2953
4409 4969
4411 2980
4414 3197
4415 6199
4417 5145
4431 5702
4431 8014
4433 1810
4442 6017
4445 154
4450 2117
4452 3044
4453 7038
4453 8547
4456 6234
4456 6296
4458 1879
4458 3134
4461 4443
4462 1151
4483 8054
4489 8661
4490 1305
4495 5920
4500 2583
4506 5372
4507 8834
4515 9400
4516 492
4516 3675
4517 7859
4523 6491
4526 1658
4526 9711
4528 7421
4532 5333
4537 8568
4540 935
4541 7127
4544 4645
4544 8108
4547 9396
4548 3204
4553 2271
4556 6505
4559 8061
4563 8593
4564 1249
4571 3153
4572 6267
4574 5121
4587 2830
4587 3298
4591 7656
4593 9108
4597 7122
4600 6142
4601 1634
4602 3402
4605 2488
4611 5539
4613 8271
4615 9660
4618 7433
4628 6539
4631 1891
4632 2443
4634 523
4634 5754
4635 9824
4639 4583
4639 8994
4640 8057
4642 6198
4646 8076
4652 498
4653 5749
4658 7074
4660 3391
4665 8120
4669 9693
4671 2066
4671 5042
4678 4960
4679 4835
4689 6958
4692 2765
4701 7657
4702 5542
4706 1755
4706 2092
4718 5984
4719 2495
4719 6686
4719 8619
4720 4899
4722 7186
4727 895
4728 8133
4728 9018
4736 8307
4741 5524
4752 4633
4753 5300
4755 3763
4756 2744
4762 1920
4762 5622
4791 146
4793 3977
4793 7099
4793 9288
4795 3918
4795 6384
4795 7026
4797 7030
4800 7168
4803 3053
4811 1510
4824 3902
4824 9855
4827 3915
4829 6545
4836 3974
4836 6918
4837 4560
4841 3381
4843 1177
4846 1346
4853 3578
4854 5175
4855 2323
4855 4607
4856 7242
4861 2057
4862 7365
4864 9197
4865 5314
4866 1621
4867 8073
4870 1691
4875 6788
4875 9891
4876 5388
4876 9719
4879 1662
4880 4695
4882 2150
4890 296
4900 3659
4901 365
4901 4613
4901 9674
4901 9782
4904 9036
4905 5990
4906 1193
4907 7700
4911 936
4911 1966
4913 4316
4919 4138
4920 1394
4920 3841
4920 9565
4928 9029
4936 8464
4938 3542
4939 1758
4941 8071
4950 5873
4952 5751
4954 4078
4955 1115
4955 6691
4955 8656
4969 3045
4970 4867
4972 2365
4973 2681
4973 9176
4974 9077
4983 3228
4989 6783
4994 1852
4995 582
5000 5238
5001 6014
5003 5923
5004 1075
5006 367
5006 536
5007 5971
5009 8017
5011 1900
5013 501
5014 6563
5019 3941
5024 30
5024 2463
5027 3149
5032 6420
5034 6846
5036 6698
5036 7387
5042 1028
5048 8824
5051 7556
5052 2028
5053 5624
5055 4305
5055 5321
5058 1371
5071 1222
5075 2772
5077 2538
5081 6357
5084 127
5091 2248
5094 6758
5099 8665
5102 2755
5103 8251
5106 7667
5107 9321
5110 5283
5123 8606
5124 6771
5130 8087
5135 5670
5136 3466
5138 3065
5145 7126
5148 3821
5153 7003
5159 9535
5162 185
5167 1962
5167 8403
5169 5681
5173 4176
5175 9232
5176 5117
5179 5617
5183 6144
5185 3540
5190 3699
5192 5847
5192 9980
5193 1877
5197 5983
5197 9921
5198 9429
5205 5280
5206 6138
5208 9777
5209 3074
5225 9979
5226 4628
5226 6471
5226 7056
5226 7176
5236 5624
5240 3075
5245 647
5246 1390
5246 4076
5248 4849
5248 6669
5248 8266
5260 5436
5261 2043
5262 1933
5263 1236
5267 6231
5270 6533
5271 4680
5275 6857
5276 385
5277 1731
5280 7189
5282 7112
5283 3938
5284 3262
5284 8122
5310 7774
5311 8220
5312 12
5313 9754
5315 2211
5320 9219
5322 9845
5324 4982
5324 6420
5332 2284
5333 2905
5335 9634
5345 2770
5347 50
5355 5436
5370 4801
5379 2676
5391 4510
5395 7850
5396 4680
5399 2406
5399 9341
5400 6361
5402 6599
5405 5944
5417 2355
5420 9907
5421 6553
5426 2114
5428 976
5430 8998
5431 5935
5434 8717
5436 3001
5440 374
5443 920
5445 6189
5446 1839
5446 4943
5447 4677
5449 1378
5453 1070
5455 9255
5456 3154
5460 6126
5461 127
5462 3317
5464 2118
5467 4592
5471 6111
5472 5920
5475 2528
5478 2745
5482 1240
5491 7296
5497 5304
5501 8313
5503 2404
5503 7221
5509 1277
5509 3958
5510 3875
5510 7896
5511 5173
5520 3609
5521 3171
5521 4176
5525 4521
5530 506
5532 1414
5532 4635
5534 4041
5541 4748
5542 7112
5543 2661
5545 5777
5550 5793
5558 1722
5558 4015
5558 4666
5559 2142
5564 3917
5567 1256
5571 8008
5573 7832
5577 6164
5584 2229
5584 2553
5587 7759
5589 3826
5593 9267
5598 9330
5600 6050
5602 4392
5608 1037
5612 3835
5613 4871
5617 678
5625 4501
5628 6461
5629 7303
5645 3140
5650 2632
5658 6830
5660 2672
5667 1920
5669 7799
5671 4432
5671 7588
5674 7267
5682 9011
5684 3751
5691 4146
5698 545
5701 4601
5702 8949
5703 1360
5704 2391
5706 7085
5709 6882
5710 3721
5711 4939
5712 6770
5713 1487
5721 1681
5722 5274
5723 153
5723 2782
5723 8546
5727 4350
5729 4297
5731 7264
5731 9227
5732 2802
5735 2954
5735 8703
5737 984
5738 8988
5742 2162
5742 6343
5746 1802
5755 6256
5756 942
5757 2549
5758 3914
5762 6237
5770 9288
5774 7868
5784 1669
5784 1758
5787 6271
5791 7003
5792 1397
5794 3076
5798 4785
5798 5874
5800 6648
5801 7275
5804 1432
5806 5615
5807 3019
5814 5467
5818 3587
5819 4620
5819 7794
5830 3838
5831 2579
5840 3310
5842 3242
5851 5341
5855 2472
5855 4302
5858 8226
5862 9112
5868 5914
5871 5082
5871 9877
5873 1260
5873 5056
5873 5405
5883 5893
5883 7445
5885 9855
5891 8873
5892 1944
5892 5567
5892 7580
5896 5825
5899 7415
5901 2862
5901 6115
5902 1489
5905 1740
5913 3234
5915 8886
5917 9908
5923 1086
5930 4667
5946 7176
5949 7690
5952 9715
5953 6925
5956 749
5968 1637
5968 2393
5968 5835
5972 2957
5973 1141
5973 1687
5976 566
5978 3250
5994 4919
5994 9919
6008 5570
6010 9465
6014 3534
6025 4364
6030 2937
6040 1102
6040 8595
6041 6728
6043 8633
6044 4115
6045 4575
6046 6896
6047 3817
6055 2567
6060 5849
6062 8855
6064 8607
6065 9354
6066 5814
6067 8498
6070 8103
6071 3871
6076 8235
6078 3749
6084 5796
6085 6959
6093 8936
6095 7949
6096 4450
6097 9660
6104 1346
6106 2410
6106 6687
6107 1151
6111 7631
6112 9120
6113 3682
6120 595
6124 9165
6128 4768
6129 2587
6131 8349
6132 5371
6133 6085
6140 6792
6142 9417
6145 292
6146 1871
6147 5613
6147 6688
6153 8336
6161 7805
6162 7404
6165 5472
6171 2344
6175 4887
6176 7062
6178 6476
6179 9140
6184 4405
6184 4670
6185 5907
6186 4866
6188 580
6188 4505
6193 6055
6194 9206
6198 2578
6198 7702
6200 2637
6200 9899
6205 3871
6211 3262
6212 1270
6212 8666
6215 5803
6217 3759
6218 6065
6226 1329
6229 1825
6233 2507
6235 6808
6236 37
6246 3499
6247 6299
6250 2924
6251 6476
6252 2036
6255 1967
6256 7061
6261 4418
6265 4446
6265 8015
6267 7120
6273 7035
6276 5025
6276 8301
6276 9064
6278 1834
6278 6221
6279 8011
6287 7147
6288 9894
6294 1396
6294 8221
6297 5863
6298 6071
6298 6382
6301 2551
6307 5519
6308 3568
6319 9550
6325 1092
6328 6452
6330 5584
6334 6619
6336 8250
6347 791
6349 5658
6353 2027
6359 3565
6361 2838
6362 609
6365 4364
6371 1635
6371 7553
6382 59
6383 7746
6386 9332
6395 9639
6397 8494
6401 6005
6402 8456
6405 3073
6406 3132
6407 9280
6409 484
6410 1785
6413 759
6413 1867
6414 1699
6417 5198
6419 4368
6427 272
6427 8400
6428 7918
6436 8600
6437 9669
6441 3960
6448 8205
6457 5691
6458 8225
6459 6571
6460 1898
6465 898
6465 4974
6465 4979
6467 9478
6468 9687
6470 6420
6473 3770
6473 9260
6476 4721
6477 1755
6479 3767
6480 1837
6480 3773
6480 8866
6481 5135
6482 4642
6482 4927
6483 6929
6484 7238
6487 622
6488 3303
6491 6826
6493 4594
6495 6741
6496 4170
6501 3852
6503 5427
6504 8210
6508 8019
6510 6738
6514 4698
6514 8530
6515 6762
6526 8495
6539 7556
6542 1171
6546 4337
6558 2500
6573 5300
6582 5406
6587 5059
6587 5075
6591 1755
6592 4051
6596 6527
6598 4822
6599 8510
6604 7112
6611 9583
6614 1682
6615 6520
6617 2517
6632 7739
6633 9756
6641 9102
6646 2641
6653 9734
6655 7760
6657 864
6657 4535
6658 9603
6660 3265
6661 8497
6672 5293
6674 4085
6674 7284
6683 8133
6684 4125
6710 6144
6711 6710
6714 6731
6720 139
6724 2144
6726 7091
6727 1353
6727 2563
6731 644
6737 5769
6740 1410
6743 2760
6745 4233
6745 9216
6749 6112
6750 4976
6762 4661
6763 8627
6767 8214
6775 4537
6775 4783
6779 5293
6782 979
6782 2854
6783 8304
6796 2371
6798 4404
6800 4656
6822 2960
6823 6996
6826 7139
6828 6343
6829 2746
6831 993
6835 2478
6836 7092
6836 7391
6841 2890
6843 1208
6844 9767
6850 7456
6857 6092
6861 2010
6861 6916
6861 9312
6862 7002
6864 4394
6877 2365
6877 6460
6878 1076
6884 5714
6885 8627
6899 4255
6900 9012
6906 4561
6909 1710
6909 5544
6916 7525
6918 5598
6921 9484
6923 2739
6928 4092
6931 50
6932 8759
6932 9624
6935 5831
6935 9024
6935 9211
6938 5021
6943 7433
6954 4229
6956 7801
6962 6170
6969 5752
6970 8395
6972 6520
6973 9665
6973 9927
6976 1123
6977 7789
6978 8924
6980 5799
6982 7237
6982 7844
6983 9427
6987 3647
6989 6151
7003 5435
7008 4342
7008 9176
7009 2079
7010 5925
7015 3302
7016 4553
7023 1234
7026 8764
7029 5914
7031 9958
7035 4563
7038 5709
7039 6239
7056 9184
7067 8980
7068 6046
7071 265
7071 1197
7071 7476
7076 3370
7077 7467
7081 9885
7091 5000
7096 1886
7098 446
7102 1351
7104 1803
7104 8012
7110 2995
7114 3034
7121 7675
7123 5721
7123 5839
7128 4271
7129 5305
7138 2589
7139 6371
7140 9517
7144 8051
7145 2795
7149 1886
7150 9447
7152 356
7154 7098
7157 5874
7158 9324
7163 1776
7171 1241
7175 833
7175 9047
7176 9682
7177 946
7177 6266
7180 1790
7190 6185
7193 666
7194 7515
7194 7612
7194 7918
7195 1204
7195 9452
7200 5263
7208 9342
7216 4020
7217 4291
7219 3954
7220 5136
7225 7186
7233 7797
7238 431
7239 8029
7246 1513
7248 6283
7248 8911
7251 921
7253 959
7257 1710
7258 7886
7259 8605
7261 1006
7261 6091
7266 9059
7267 2081
7270 6900
7272 5238
7276 2900
7283 8246
7289 9254
7290 2747
7294 132
7294 406
7295 892
7296 3901
7297 4028
7301 3777
7304 3654
7305 340
7307 1012
7307 7429
7321 2523
7321 7702
7327 6491
7328 1481
7331 7765
7340 2586
7346 1961
7349 4946
7351 9416
7354 7869
7354 8043
7364 9711
7368 7498
7374 7014
7381 3093
7381 6769
7381 7255
7384 2755
7385 7997
7404 4809
7408 7473
7410 7223
7412 8870
7415 8170
7418 144
7420 5906
7422 4189
7429 4619
7436 2491
7442 8750
7444 5226
7449 7246
7454 2312
7455 9013
7460 8858
7464 5076
7466 3908
7468 534
7468 4285
7468 9131
7469 3578
7470 6256
7472 6901
7475 8849
7479 9983
7480 3535
7480 7599
7481 1448
7483 9614
7484 713
7486 1218
7486 3568
7488 9552
7489 6029
7492 4822
7496 7802
7497 8839
7499 3154
7500 1478
7506 98
7507 150
7507 3848
7507 5897
7509 2212
7512 5444
7513 5828
7519 387
7519 6306
7522 4959
7525 9762
7527 3215
7528 3647
7528 7973
7531 2463
7537 3479
7538 9698
7539 9499
7541 2710
7544 5687
7547 2706
7552 1693
7554 7095
7559 3126
7559 4207
7574 6533
7578 9414
7579 6959
7580 3847
7583 5870
7588 3979
7593 929
7593 6569
7603 9727
7607 5819
7609 1742
7610 654
7611 7581
7617 3395
7620 2079
7620 9570
7621 2980
7624 1612
7624 9083
7629 5913
7629 7721
7631 5326
7633 7553
7644 5404
7647 514
7651 484
7653 3455
7653 6205
7655 9050
7657 6459
7657 7270
7660 2145
7666 4147
7674 2281
7684 7866
7693 9448
7698 8880
7702 8216
7703 8137
7705 2365
7707 9292
7715 2739
7717 3933
7721 1075
7725 1040
7732 6759
7736 6520
7736 9230
7742 9655
7746 3655
7759 9984
7761 137
7769 8384
7772 2019
7775 8850
7779 9804
7797 720
7809 9850
7811 8686
7830 807
7833 4797
7838 5818
7851 5060
7852 3745
7854 4616
7865 9645
7870 2804
7871 2675
7872 1366
7873 2858
7874 6584
7891 963
7891 1456
7891 6833
7898 8003
7900 2806
7903 340
7920 5510
7933 5325
7938 4336
7939 2370
7940 4225
7955 4871
7966 3110
7970 9261
7973 4898
7974 1825
7975 3854
7978 5352
7979 2665
7985 2508
7990 3166
7991 3258
7993 3647
7993 9172
7995 6076
7996 7089
7997 3355
8013 3659
8017 5531
8019 3101
8021 2007
8026 6763
8027 5518
8028 5572
8036 193
8036 3951
8037 3645
8043 2899
8052 5053
8054 5718
8055 4692
8059 5407
8061 8566
8062 128
8064 7544
8064 7690
8072 4778
8081 4289
8081 5038
8082 1604
8088 3341
8090 6788
8098 9882
8099 3842
8101 1845
8102 6180
8104 1139
8110 8888
8112 1253
8112 1537
8115 9695
8117 2617
8119 4367
8122 6217
8124 1599
8130 1712
8132 3813
8135 6034
8137 6287
8141 2995
8142 9686
8143 8718
8152 2509
8152 3267
8152 7981
8153 1170
8153 8338
8157 980
8164 5731
8166 8472
8168 7107
8178 5576
8186 2438
8190 1227
8199 1063
8207 4338
8211 5437
8220 4571
8221 8544
8241 9856
8243 2110
8246 6327
8248 3018
8254 3842
8259 9735
8260 5656
8262 7066
8269 1803
8270 4871
8280 8145
8281 2213
8281 4479
8281 7687
8284 9744
8286 6887
8292 7975
8297 2594
8299 1921
8299 8271
8306 4577
8311 4592
8315 942
8316 1694
8322 7896
8327 3323
8331 5763
8340 3885
8340 7010
8358 5532
8364 6737
8366 4889
8367 7712
8368 8843
8370 86
8371 3295
8372 809
8374 199
8380 7323
8381 4773
8381 6271
8382 1051
8386 7196
8386 8204
8391 2177
8393 4668
8400 4518
8401 3517
8412 2139
8414 2304
8416 8068
8419 5407
8420 5945
8426 6385
8428 29
8432 2516
8433 5467
8450 2419
8452 9020
8457 5771
8458 301
8462 1852
8464 2552
8469 3116
8472 4811
8479 812
8480 9956
8488 8233
8492 6162
8500 1197
8514 4543
8517 3183
8518 7307
8519 3076
8525 4167
8527 7422
8538 1113
8540 3312
8545 4592
8549 1858
8555 7296
8556 2299
8557 7329
8562 8938
8565 1206
8570 1368
8571 3328
8571 8069
8585 5919
8590 7927
8591 919
8595 5328
8597 3094
8605 5799
8616 7886
8618 5020
8620 1726
8620 8848
8624 9807
8626 8218
8634 7672
8637 4159
8639 7776
8653 5436
8653 8977
8656 7629
8658 9300
8665 4970
8667 7467
8669 6436
8670 1385
8672 3370
8672 6696
8680 8583
8687 839
8689 548
8693 2453
8693 5290
8696 8694
8703 1421
8706 468
8707 8119
8711 4001
8712 6821
8716 6994
8720 3894
8729 8452
8730 1701
8733 8036
8740 9793
8743 4205
8745 4814
8751 1516
8753 7076
8753 8910
8777 3902
8778 7000
8779 1591
8780 6636
8782 2206
8785 4760
8786 339
8787 2148
8788 3952
8789 2217
8790 1590
8795 4981
8796 4232
8799 1444
8800 1954
8801 8470
8802 771
8810 3713
8810 4132
8813 4208
8816 821
8822 5873
8825 8917
8827 399
8830 6190
8836 5149
8838 4507
8845 6903
8853 3085
8856 92
8856 6538
8860 4614
8871 3596
8872 9333
8873 1858
8875 5123
8876 5046
8877 3612
8886 7268
8889 4964
8891 7704
8893 1208
8895 7476
8896 987
8898 4009
8904 890
8906 1994
8907 9806
8908 9611
8919 6423
8928 7324
8933 4493
8935 3069
8938 2904
8941 2641
8941 7952
8941 9518
8942 1495
8944 5776
8945 867
8946 4345
8948 9011
8950 35
8950 4564
8957 2974
8962 113
8962 9471
8970 7240
8972 4805
8982 6370
8985 2985
8986 1763
8994 9664
8998 1403
9003 5462
9007 4795
9011 3224
9021 4408
9022 6904
9024 3170
9035 5799
9038 4696
9038 6177
9039 5847
9043 7676
9045 133
9047 5049
9050 4354
9052 6805
9053 8483
9056 744
9066 476
9068 3422
9070 842
9077 2821
9081 338
9081 1030
9097 8830
9098 4699
9102 5230
9113 2260
9114 858
9133 7290
9134 7605
9135 590
9137 3125
9138 2173
9142 3548
9144 9122
9151 3479
9155 1374
9158 2327
9159 4918
9160 6987
9184 6049
9185 8997
9186 5560
9187 517
9188 8490
9197 1849
9197 6398
9199 8375
9203 6575
9204 3052
9206 5002
9217 7877
9223 6346
9225 9490
9228 3381
9237 6820
9238 1461
9241 7715
9243 374
9244 4088
9248 2085
9250 2922
9252 3292
9253 2381
9258 1338
9264 72
9264 152
9268 3504
9270 1169
9271 9598
9274 9212
9280 5321
9282 5456
9282 9191
9288 3120
9292 7412
9297 3615
9298 7970
9302 3928
9305 593
9305 8263
9306 2795
9308 4487
9310 152
9317 8596
9319 8929
9323 3672
9331 7568
9333 7365
9338 8029
9340 3795
9340 7694
9342 9557
9344 5563
9346 9372
9350 1576
9350 4511
9350 5708
9354 3561
9355 9082
9356 379
9357 1638
9360 4289
9362 4891
9365 9646
9368 8259
9370 9403
9377 6821
9383 4964
9385 6117
9385 6785
9386 7933
9398 2226
9399 2313
9399 3996
9402 1130
9404 226
9406 6174
9412 3258
9413 9287
9414 8630
9415 3822
9416 6058
9427 4170
9427 6605
9435 3916
9441 845
9447 1404
9447 4061
9449 1682
9453 5590
9458 849
9461 5924
9466 6516
9468 7998
9471 9154
9472 4435
9473 5485
9474 7336
9478 6248
9485 7756
9487 6379
9487 7645
9489 2274
9492 4419
9495 4922
9497 5721
9503 7784
9504 67
9505 2410
9521 5164
9521 6512
9523 6991
9525 3538
9526 632
9528 7347
9532 1425
9532 5169
9535 5335
9535 7864
9536 25
9537 568
9540 6198
9545 9812
9553 562
9554 3903
9556 2785
9557 1979
9559 7312
9587 2234
9591 7437
9595 1341
9599 8514
9604 4295
9607 9213
9608 5993
9608 6827
9609 5433
9613 1200
9613 9960
9616 1004
9619 7720
9627 1634
9627 2744
9630 8357
9633 8447
9633 9559
9634 1964
9634 4204
9636 6378
9638 6635
9641 3129
9644 7598
9646 9234
9647 9710
9648 4221
9650 8903
9656 5448
9659 5389
9667 3209
9669 8463
9673 5584
9675 911
9676 9766
9677 1722
9678 4821
9680 1285
9684 9963
9686 1972
9691 956
9694 7909
9700 2342
9703 1050
9703 2127
9714 7193
9718 4038
9721 7828
9725 7857
9727 3394
9728 5126
9740 4591
9746 1433
9753 9137
9755 3356
9755 5648
9766 5521
9780 6501
9784 5533
9785 4026
9785 9093
9791 3632
9806 8340
9809 5663
9809 9430
9814 22
9817 727
9822 3383
9824 5187
9824 8924
9830 393
9836 8022
9839 7150
9847 184
9847 2692
9852 2190
9860 7950
9865 8659
9868 8742
9872 1547
9873 6203
9874 1671
9879 1841
9880 194
9886 6725
9889 1654
9890 6786
9897 3655
9897 4496
9902 4866
9903 1039
9903 4711
9906 7028
9907 7034
9913 5323
9913 9916
9918 4465
9922 5433
9923 2316
9931 2857
9935 827
9950 2494
9950 3157
9951 8804
9963 137
9968 7148
9969 3318
9970 6931
9970 9051
9971 3251
9972 7953
9973 247
9974 771
9977 6500
9980 7161
9981 2373
9981 4672
9982 8200
9983 2030
9992 2011
9994 5270
9998 2492
9999 4259
