Random point counts: 2500. Ranged within [0, 1000000]
635 191701
650 804990
1257 484396
1620 284914
1731 210088
1830 53446
2075 739604
2213 394798
2431 478899
3633 793801
3821 142356
4041 688672
4377 276399
4382 921241
5324 239767
5500 887967
6882 272569
7487 475077
7931 5837
7956 733575
8841 429863
8959 319367
9344 942232
9512 318129
9735 342483
10024 584923
10089 215272
10359 738523
10911 27594
11184 127333
11589 844353
12168 400900
12232 932583
12843 411904
12882 40547
13042 811839
13203 778766
13413 84139
13714 919830
14660 304146
14730 14143
15230 557430
16467 759793
17077 446325
17369 449493
17514 995426
17598 20579
17768 793537
18164 389438
18536 992488
18738 66672
18829 343989
18914 379675
19058 56668
19170 848441
19363 777228
19461 967317
20220 888439
20295 201986
21284 709804
22455 570760
22730 729952
23684 500700
23784 967936
23964 280949
23987 692929
24568 604126
25152 396648
25405 181646
25698 268249
28323 91721
28364 792442
28481 825971
30102 28040
30301 920549
30581 637409
31299 896500
31374 842213
33219 946225
33478 245526
33772 275952
34364 358089
35551 441793
35926 477322
36147 603065
36387 305500
36894 922311
36917 916373
37015 44818
37296 17940
37495 245700
38996 685447
39198 108858
39349 956564
39607 528425
39745 487955
39873 208170
40207 105000
40363 968178
40393 586678
40598 950712
40985 619871
40993 191541
41644 186731
41665 593729
41979 337750
42105 84305
42612 737267
42680 968718
44156 362846
44202 10640
45107 788902
45699 135421
45699 642092
46794 651635
47113 971688
47367 717357
47857 240697
48185 809496
48248 490093
48313 441896
48567 850400
48760 752276
49011 724736
49085 833454
49488 916669
49734 76441
49734 590484
50420 936117
51127 382972
51780 85850
52072 890223
52205 453393
53679 736342
53988 342206
54141 571807
54307 682612
54675 362252
55219 459540
55282 599572
55761 227886
55951 925665
55952 34096
56734 369006
56797 55099
56851 72452
57991 255050
58513 595776
58539 64602
59044 618008
59074 645722
59233 219964
59989 448884
60545 14327
60553 195434
60794 161673
61331 869184
61528 276408
61711 67996
62095 39497
62359 509925
62428 567387
62618 69959
62691 187320
62902 283747
63166 471614
63748 814200
63809 686183
64250 185351
64515 812889
65355 4350
65408 590005
65519 401911
65762 938625
66405 796641
66923 150488
67784 106802
68479 549091
68717 705338
68825 176870
69040 453639
69309 675
69409 661058
70411 479588
71281 323584
71322 319210
71363 522240
71424 932841
71524 65772
72057 794612
72360 931783
72537 567869
72889 374494
73164 337097
73414 611742
73635 950995
73814 76548
73962 793539
74522 457589
74814 898604
75255 282545
75371 648840
75629 49745
75642 158345
77070 964150
77222 637879
77542 433331
77672 841261
78411 65158
78503 33253
78895 11761
79023 464609
79118 141370
79170 78520
80023 129274
80341 965973
80664 620374
81915 337138
82162 424408
82389 107163
82788 359114
83407 393761
84260 719173
84549 946510
84560 516935
84661 760223
85098 279270
85306 735197
85666 936005
86219 67808
86476 665460
87592 461578
88126 203511
88882 796202
89603 671490
89639 455977
89833 690054
90861 552260
91608 382959
92274 438
93396 575184
93472 996378
93629 192240
93672 84909
93859 449186
95095 474626
96174 86022
96291 644077
96414 321240
96590 172063
96715 618347
97124 176762
97144 860723
97918 620807
98032 796268
100041 803461
100656 166849
101533 692876
102210 702725
102264 956136
102738 314155
102744 292259
102858 557038
103057 139328
103614 996561
103857 146775
104880 487673
104884 304718
104944 333665
105008 500940
105693 809868
105859 365603
105979 363895
106097 618136
106160 926478
106172 238274
106365 81980
107070 543755
107320 131023
107496 289011
107799 723645
107838 291051
108022 338715
108165 550256
108215 417029
108223 354283
108243 295349
108468 80365
108532 345762
109016 693919
110230 152241
110635 608894
110736 778827
111509 101268
111946 572888
112066 420270
113181 92878
114430 423176
114740 724940
115113 203600
115200 416816
115498 576178
117035 491082
117261 766898
118198 16852
119897 111775
120248 283097
120730 725540
121149 859434
121301 311931
123080 943727
123626 191668
123667 327588
124427 48942
125028 450830
125036 200947
125709 174690
126298 701204
127087 342806
127144 104047
127213 995413
127413 947334
127437 961721
127549 526554
127672 436220
127680 905267
127832 952650
128447 53881
128776 705954
128779 929030
129309 735447
129483 978573
130040 342302
130102 232634
130722 506551
130921 988194
131115 518201
131135 3347
131310 478236
131438 973485
132042 120157
132790 565260
132905 890001
133423 721706
133790 278614
134142 70060
134335 197736
134522 171774
135093 482415
135153 809081
135439 335274
135494 212180
135818 337282
136060 163448
136293 128359
136566 878508
136614 884630
136938 564986
137138 371222
137675 89188
137732 811203
138962 50718
139010 448138
139691 657049
140324 453234
141259 45665
141456 702909
141472 87073
142127 623016
143535 857858
143623 860268
143864 249129
143904 468804
144016 441236
144228 851618
144314 938796
144363 478036
144969 374989
145221 875126
146245 971822
146610 703818
146825 225139
147246 28648
147411 640643
147414 959157
147674 353521
147790 418821
148298 440420
148316 673891
148646 610168
149210 295451
149223 432813
149377 140908
149488 537651
149588 277575
150207 756332
150559 362232
150851 15306
151534 24273
151686 670951
151990 209346
152164 335486
152178 870899
152263 579932
152553 119456
152976 372230
153121 852589
153189 584130
153680 403722
154295 437368
154585 610851
154637 889127
155243 448361
155296 605328
155360 27939
155486 990105
155506 149613
155932 273913
156077 624971
156655 447130
156837 367019
157002 76525
157226 423073
157685 269060
157727 328289
157778 251746
157930 54099
158254 222826
158581 800861
158936 729929
160308 240424
160488 471704
160624 825393
160802 654428
160885 8516
161323 573711
162111 702884
162270 963694
163118 762122
163445 696637
163446 979144
163600 877179
165107 389177
165681 517181
167191 246531
167212 695706
167392 262639
167532 663961
167723 306658
168067 633771
168960 630157
169054 275248
169337 860691
169718 91715
169895 997664
169923 707341
170780 876977
170812 822187
171977 796958
173288 36100
173375 164050
173614 967196
174486 538889
174499 866687
175523 912848
176663 386541
176688 605616
176949 743528
177007 800248
177067 520970
177140 819997
177728 629252
178156 403808
178921 668505
179218 476382
179447 334245
179519 97531
179944 451023
180623 537536
180771 715149
180885 386552
181996 623312
182061 48178
182746 868703
182838 307412
182999 147077
183033 336594
183160 410975
183194 590748
183253 266929
183334 634765
184654 850021
185838 284225
186860 490518
186961 56135
188216 631048
188544 672392
189982 717954
190737 929430
191336 708944
192058 153492
193205 1187
193950 717133
194183 262547
194809 343939
195434 962158
195960 794317
196445 291381
196761 386918
196948 342214
197203 909729
197336 367091
198497 861906
198678 91220
198711 277396
198839 806554
198874 70116
198928 560538
199185 641218
199927 980273
199929 28365
200232 978783
200543 364788
200614 252742
200801 67953
200947 122052
201372 560558
202262 464790
202944 995541
203287 604723
204072 960962
204089 463981
204166 728310
204811 652903
205852 913293
205952 377785
206255 59830
206509 234524
206709 27292
207228 56512
207458 252745
208035 122051
209391 856112
210008 790503
210097 603804
210325 116936
210539 77669
210738 608055
211876 472496
212019 964712
212427 557084
212472 421887
214102 875257
214256 41977
214428 76071
215063 605279
215401 318457
215802 144533
216502 420259
216899 295935
217982 955791
218560 171142
218603 928482
219339 403712
219591 857720
219855 652941
219947 581748
220546 534916
221369 716914
222161 48343
223019 309588
223480 867294
223602 399196
223784 306756
224144 38169
224150 570675
224670 386083
224866 426412
224997 989916
225104 75225
225378 958389
225834 945870
226598 381053
226776 54863
226814 808945
227431 802877
227592 462392
227894 799364
228000 137567
229280 680202
229945 834256
230526 542177
230678 79667
231005 312170
231970 394092
232325 690210
232419 799332
232508 245971
232698 354230
233507 337548
234044 386811
234112 438692
235896 590520
236122 839777
236380 930831
236448 246163
236657 932653
236896 756950
237288 385111
238102 522907
238213 637336
238564 135743
238662 855763
239269 791237
240573 509240
240587 690917
240874 686283
241356 357318
245350 820713
245646 182524
246496 772408
246602 200337
247564 684303
247964 329825
248127 162775
248632 393919
248719 565302
248870 299765
248873 429697
249028 443040
249231 71969
249384 812190
250506 810317
250512 80622
250790 930002
250823 826351
251408 273752
251425 933069
251440 899924
251531 30094
251730 192112
251757 875846
252517 407109
252908 788942
253487 39762
253726 160640
254326 837740
255372 698681
255836 37314
256021 658721
256319 114867
257033 622969
257401 823353
257861 291855
258101 899767
258337 79051
258563 168323
259416 993483
259676 115368
259808 315161
259862 15008
259886 465827
260045 610067
260494 792524
260648 514525
260816 575664
262221 503720
262223 861024
262307 551957
264186 834045
264582 21525
264664 792190
264971 194429
265076 134951
265211 644768
265480 462206
265729 157617
266049 449445
266080 36132
266166 324577
266233 916619
266685 132875
266711 368121
266954 256562
267972 898635
267976 842035
268213 920691
268367 514785
268434 307021
268573 410299
269459 328923
269491 217117
270381 810775
270386 805762
270728 383365
271591 511326
272156 528264
272180 304774
272360 113492
272415 326496
272615 982875
272646 526446
273186 712313
273288 769232
273563 668253
273934 195752
274282 665496
274335 145548
274797 276231
274903 318861
275047 903750
275114 550458
275284 828676
275325 183791
275765 537302
276372 729931
276985 864896
277115 334709
277144 558704
277182 844208
277196 175512
277599 965770
277626 765395
277697 772252
278538 131210
279271 584954
279286 143194
279540 364667
279589 666092
279642 644176
279764 599579
279837 359237
281735 725749
281980 113852
282146 1203
282195 255642
282258 100909
282264 880294
282561 421596
284790 864252
285909 767261
286667 245822
288233 620560
289281 660870
290273 185429
291686 719660
291690 547024
291910 308892
291958 696395
293508 604747
293901 959161
294158 87556
294625 64802
294625 701992
294729 413059
295680 224719
296216 453876
297045 391963
297662 898350
297753 579959
297834 238028
299090 677987
299260 51535
299673 921028
300053 764581
300675 940269
301160 391845
301412 159883
301794 127847
302063 164344
302091 158804
304050 401466
304377 1741
304653 172123
305312 135916
305381 316911
305486 79183
305488 562395
305657 385922
305914 225526
306592 249186
306717 470323
306930 48143
307682 674623
307840 631457
307904 787370
308906 490328
309698 41465
310269 802301
310373 643678
310416 66629
310548 585596
311345 160983
311449 206663
311557 749503
312205 757558
312481 195292
313081 466808
313262 335280
313748 164139
313899 582090
313907 912242
313934 196918
314119 441418
315137 456037
315359 557770
316521 598006
316598 375409
317016 208559
317043 896401
317624 114669
317777 313840
317878 293183
318903 866563
319087 983870
319414 724702
320544 103722
322996 521577
323860 170400
324115 830288
324402 856228
324790 324732
324792 996085
325177 571890
325505 91311
326299 817327
327138 656242
328324 329700
328359 892221
328517 535043
328613 2628
328618 778575
328754 909269
329099 906703
329293 77638
329480 150811
329539 490467
329716 795359
329771 746525
330079 487164
330127 399935
330523 512353
330611 943669
330701 950493
330773 634245
331032 475922
331295 291308
331613 533659
331724 436806
331772 54303
332513 261670
333886 55191
334201 993601
334375 990231
334961 640230
335481 613828
336173 64827
336511 988958
337148 253010
337272 82110
338187 966181
338795 357496
339258 459857
339756 597590
339829 57189
339962 453284
340190 168844
340629 565160
341185 557119
341716 708845
341757 505657
341927 741440
342034 385702
343145 113463
343155 254002
343471 441790
343565 733698
343804 566917
344472 911818
345278 688123
345288 443242
345297 162532
345625 788253
345786 240334
345914 516908
346076 785208
346729 531334
347135 224677
347301 711275
347809 99994
347916 79531
348265 908506
348295 51881
349042 859544
349166 675997
349613 725591
349842 598951
350374 946984
350445 364488
350643 766310
351229 179222
351574 575273
351602 733537
352357 247533
352915 541235
353042 88734
353086 794298
353377 420499
353381 727100
353682 733000
354148 62466
354152 200579
354231 982935
355004 138918
355205 767386
355368 749446
357262 850660
357405 59474
357461 849556
357527 934710
357644 837856
357848 132791
358675 966672
358881 757179
358940 112380
359111 893081
359191 96320
359608 196536
359842 251353
361120 874005
361699 615884
361805 280797
361839 442825
361879 36797
361885 332187
363446 710368
363837 369315
364050 183051
364347 818726
365275 922104
365465 549297
365529 770569
365610 48609
365629 945974
366145 97200
366236 919594
366449 799178
366477 635364
366518 544838
366759 680538
367526 678183
367822 421116
368838 572432
369462 498729
369550 849944
370003 905336
371135 772719
371436 291466
371924 283769
371968 237053
372423 39945
372952 137668
373047 651568
373157 16370
373394 550529
373896 807370
374108 111145
374189 735015
374715 805103
374906 276669
375449 794197
375565 831859
377286 6029
377923 905046
378390 933020
378529 935953
378700 145425
379036 293687
379070 376799
379267 922605
379299 651084
379304 390088
379372 555979
379461 593941
379655 928268
379781 762787
379814 763948
380252 757683
381343 543575
381787 714584
381969 620538
382079 584617
382683 957601
382721 547712
382848 207304
383433 969654
383676 301506
385686 957097
385691 187541
385800 889472
386033 658605
386125 123002
388528 556424
388943 441716
389561 859956
389685 751570
389932 90809
390333 306390
390556 455852
390603 620197
392062 354698
392146 164566
392539 620852
392685 328420
392812 141339
393403 994429
393552 309140
393567 368072
393897 566426
394324 231468
394482 344120
394777 442990
395401 732141
395449 349842
395488 361859
395510 636652
396008 429091
396590 756506
397267 239284
398471 780671
398740 413308
399110 575276
400374 607679
400898 474718
401090 442072
402030 564904
402080 385235
402337 708180
402900 921491
403313 67139
403421 668361
403553 296220
403777 841413
404013 182495
404350 79470
404733 844643
405267 283334
405477 275065
405635 703921
406330 855611
406373 692960
406676 778338
406720 733397
407048 54293
407239 941563
407310 485464
408737 944046
409126 419583
409794 464785
409962 859809
410255 980748
411407 133648
411845 580767
411878 963750
412189 91527
413037 160031
413247 502852
413354 587406
413818 549195
413858 793421
414319 280402
414495 364927
415711 166209
415762 420042
416283 751473
416774 994175
417063 208828
417686 171183
417863 108188
418208 898383
418841 545082
419132 288031
419970 909619
420694 469085
421250 92459
421431 65779
421691 922768
422808 327995
424014 988791
424397 243023
424439 261519
425367 115347
425573 159074
425934 386245
425963 971883
428014 140898
428439 668310
428466 287961
428936 370561
429263 137255
429769 844198
429933 845505
430070 539193
431326 217996
431631 700915
431873 247608
431902 412125
432623 745561
433357 797916
433967 495767
434083 646904
434823 207964
434903 151546
435124 23858
435252 820679
435512 131487
435702 861568
435900 722011
436574 411497
436799 982366
436807 835226
437024 612809
437221 610119
437524 971868
437745 967030
438417 925606
438966 741211
439200 487582
439216 206948
439382 759575
439573 172705
441000 399331
441554 534852
441876 864833
442296 3775
442455 369453
442886 349963
443013 797024
443019 131471
443194 616316
443235 691204
443237 151793
443517 41468
443684 483061
443763 729284
444018 81257
444363 766125
445396 947216
445588 518118
445848 489944
446049 980875
446177 401448
446636 538167
446817 607936
446983 864381
447174 816617
447317 560949
447444 43876
447632 599702
448091 213003
448499 698059
448923 256769
449019 39329
449072 556372
449635 898909
449869 543687
450077 209741
450210 171659
450809 885313
451251 918413
451660 802301
451670 921618
452753 969058
453112 861
453316 513205
453438 330608
453515 195295
453597 826534
454858 883765
455155 808103
455461 280967
456520 543519
456665 613292
456681 783084
457091 56958
457163 302714
457504 102307
458721 898736
459470 683516
460254 230223
460792 86703
460803 241970
460877 758629
460997 155373
461628 673094
463023 825816
463748 543238
463913 756463
464077 348122
465132 823365
465930 355852
466121 189098
467160 442972
467216 376527
467717 470418
468490 628717
468716 883384
469774 872690
469889 55078
470126 919947
470169 23736
470569 239999
470844 819861
470886 88432
470936 325091
471199 630400
472833 680048
473210 823686
474088 914428
474979 21737
475457 315411
475716 746379
476198 569378
476371 742178
476543 57697
476886 658749
477868 698920
478207 419197
478560 980248
478895 983078
479944 408890
480296 436015
481470 987184
482088 587439
482848 711841
483279 65792
483453 525303
483539 419056
483629 250928
483909 494956
485409 58487
485570 996337
485875 876497
486293 103164
486347 329659
486446 2505
487081 304227
487623 697778
487971 823765
487986 261847
488152 565608
488377 688366
489704 794946
489915 42186
490154 987243
490447 670941
490654 651489
490984 30313
491489 100232
493280 768387
493768 111133
493946 115206
494978 742823
495649 329395
496500 387374
496925 766894
497307 940441
497561 981481
497602 278949
497906 630005
497917 704139
498413 407375
498576 543056
499139 311007
499184 655262
499834 750443
499835 731892
500050 937605
500159 344578
500566 641060
501316 718733
501392 856469
501526 276933
501775 985625
502023 29252
503186 128436
503513 139298
504543 438327
504714 181567
504822 734984
506023 316835
507754 713135
508332 110704
508955 719959
508987 308733
509178 54471
510107 924551
510207 583792
510323 187257
510352 887155
510687 573555
511039 712453
511319 759325
511401 690539
514202 973989
514447 285057
515036 906569
515116 632537
515139 594556
515721 102376
515831 516299
515914 261982
516013 730340
516186 735973
516752 707089
516986 245202
517029 321285
517251 25526
518134 577105
518433 166064
518476 839070
519789 732585
520654 629008
521016 446336
521051 665512
521312 1806
522078 808800
522556 517773
522846 366489
523480 683248
523784 491732
524476 240364
524665 476561
524750 478991
524855 257979
525010 896304
525298 576861
525381 618325
525944 434242
525994 825777
526705 766522
527400 498667
527489 382880
527556 158602
527881 377621
527995 164412
528927 394794
529171 482319
530347 549822
530403 272590
530637 585235
530721 532186
530772 591822
530798 417596
531982 691543
532134 688328
532402 469187
532612 203260
532704 585617
532922 277869
533268 391005
533331 592066
533634 173584
534030 465089
534162 3688
534782 196553
535802 524721
536750 857581
537205 605932
537994 17333
538284 560265
538481 936181
538932 526785
540186 484451
540415 773616
540932 846213
541039 676960
542183 971662
544095 689848
544834 153955
544873 305232
545028 11833
545069 561046
545504 924154
545545 966818
546288 736946
546679 428026
546932 500962
547429 545830
548096 727371
548153 949528
548226 285597
548333 645419
548604 686961
548764 181277
549128 837559
549215 106683
549763 942050
550045 94402
550337 129068
550460 463045
551492 935417
551667 245150
551796 289691
552091 434592
552151 106265
552855 373280
552913 490853
553151 994666
553210 52332
554298 914102
554529 104623
555271 182808
555429 173854
556409 373018
556680 249029
556749 273274
556836 232341
557384 341866
558425 217135
559791 961460
560478 982099
560803 987159
560849 11115
560860 390893
561015 785518
561141 384017
561223 375635
561260 177936
561955 868102
562241 511946
562802 527916
562903 124348
564057 56987
564471 300214
565339 168244
566909 381545
567369 429364
567675 735941
568220 550116
568325 190678
568697 291995
568969 129682
569065 746558
569329 694858
570017 979612
570460 402800
570799 195906
570974 177397
571242 228607
571270 151424
571384 269391
572041 464452
572605 946103
572963 93117
573528 215723
573826 251516
574845 740858
574965 50356
575180 754677
575323 839224
575426 440614
575776 426189
576094 268533
576294 931372
576730 643211
577328 299396
577563 512300
577613 182753
577688 97450
577793 787210
578020 707744
578341 575401
578585 844941
579144 14083
579165 241679
579491 334207
580132 426890
580706 870249
580747 14973
581028 429037
581171 289618
581301 704444
581847 671249
582281 669126
582746 325437
582818 473928
584144 116817
584544 255317
584656 946654
584711 551100
584781 190852
586364 390568
587637 138366
587650 650054
587949 931835
588252 631566
588790 758503
589213 151815
589577 748978
590493 895897
590976 414512
591447 587315
591584 824332
591617 318049
591620 664835
592567 521476
593635 991754
593988 511154
594009 927489
595269 666988
595352 433591
595657 444666
595743 367930
596198 466460
598313 844534
598520 59021
598787 796204
598969 22785
599010 36313
599191 934506
599474 113906
600065 481751
600408 409570
600801 105909
601286 716251
601447 703028
601794 70707
602039 553092
602864 701234
602947 585908
603415 895747
603443 83397
603663 82863
603717 404235
603791 793167
603810 446153
604296 277078
604315 473384
604488 299977
605089 471470
606271 398544
606881 791812
606951 784043
607693 499247
607824 811848
608149 85945
608501 801651
609938 318212
610500 773827
610993 839482
611251 191485
613311 779457
613430 813731
614569 831444
614895 382158
615261 903314
615488 137545
615914 401293
616579 649839
618031 787774
618670 275963
619723 277446
619767 769743
619809 958036
620434 533433
620502 909755
622582 900303
622647 510373
623093 8751
623388 343730
623395 124285
623515 842986
624072 589771
624152 357617
625296 374388
625522 307766
625659 761751
625910 595176
627035 842821
627691 159460
627893 28677
628328 751254
628413 537689
628419 148618
628548 638490
628760 185237
629328 279348
629329 330010
629385 575278
629458 555242
629533 62640
629906 676961
630158 308616
631210 589969
631637 714525
631669 338291
632313 246185
633371 805908
633982 571258
634902 472497
635072 588189
635331 78570
635920 575866
637527 919112
637713 429474
637869 451316
638042 299148
638276 735451
638386 789321
638547 357553
639295 257428
639939 52888
640471 569829
641261 689795
641891 391027
642036 358776
643063 618614
643650 17821
643693 8948
644111 72044
644303 59639
644381 515351
644771 724485
644894 142450
645131 619603
645341 896254
645716 367724
646587 864161
647718 971760
647775 975516
648948 821627
649397 520416
649524 394327
649582 350806
649721 296613
651594 248485
651606 669555
651695 62166
652143 917980
652255 844539
652351 717715
653205 189032
653526 330827
654075 15891
654094 588440
654941 684647
655193 357870
655643 451317
656071 145827
656085 484914
656108 785358
656193 353333
656532 282433
658775 834912
658958 706170
659169 54482
659516 687297
660224 644402
661705 333247
662239 231538
662682 39893
663069 693380
663377 564017
663586 626363
663590 526924
663688 633878
664608 425602
664983 623307
665495 31120
666043 37591
666671 542575
666986 926615
667165 564806
667291 621470
667480 648537
667914 721057
667989 96197
668870 418706
668896 285489
670037 800698
670592 783889
671110 304260
671913 251968
672134 825128
672494 910249
673233 638893
673774 437066
674914 874624
676370 463148
676398 619508
676456 299626
676875 647481
677083 60991
677142 568814
677302 164201
677555 555359
677739 763861
678868 264656
679750 672772
679841 202955
680949 914768
681664 651393
681682 743658
682356 134062
682530 489652
683292 893240
683370 451627
683989 443467
684254 195645
685945 421398
686610 781675
686746 692243
687221 45943
687863 440770
688075 832143
688806 800808
688840 264263
688951 181196
689045 519451
689146 152873
689441 774048
689555 490407
690239 537998
690333 763988
690505 119956
691780 17371
691858 395067
692698 849145
692833 18579
692975 534324
693121 451818
693759 829791
694842 291851
694962 715750
695790 644720
696265 308625
698368 514116
699358 739549
701080 62249
701226 317032
701377 683120
701382 377417
701816 107235
702813 781955
702885 843836
703431 580792
704729 501574
704756 9412
704909 624508
705011 39274
705451 886549
705866 13884
706402 957491
706763 671140
706777 407766
707106 183905
707893 465801
708355 552916
708988 575918
710045 788749
711290 223843
711486 731504
711711 476221
712083 450886
712149 952276
712517 895586
712638 793033
713118 722319
713765 768756
713770 758297
714636 540730
714771 92967
714994 757678
715160 163626
715522 386855
715635 85723
715785 517512
715937 679218
716415 245200
716554 716510
717231 324838
717986 316898
718294 522891
718658 677620
718780 434843
718843 356930
719556 600228
719790 456528
721275 263766
721348 986999
721646 791683
721958 714394
722054 615225
722765 133136
722799 531262
722812 992067
723073 642897
723083 705607
723825 572333
723841 558386
724072 61287
724747 971652
724907 782817
725227 870579
725611 645570
725788 437850
725797 855031
726205 537243
727729 856816
727955 84210
728395 603972
729287 829570
729801 485182
730194 466218
731635 788062
731918 914977
731978 207607
732312 725381
732581 910140
732844 215033
733691 768864
733770 743710
734460 924983
734641 416476
734647 286075
735086 722359
736030 238414
736625 354765
738073 667491
738679 522663
738782 429247
738861 941909
739217 716880
740309 908898
740332 981554
740506 60385
741162 377281
742205 170790
742417 461960
742832 942657
744156 590362
745849 656757
745856 508888
745996 804725
746615 465496
746869 179012
748814 692259
748898 773141
748921 953000
748940 877400
749351 911520
750054 555513
750133 475366
750522 602404
750568 66113
750751 845115
750759 580468
751101 444459
751285 569015
751933 707815
754104 182061
754117 857840
754374 960431
754711 479048
754818 391387
755253 51360
755963 179462
756314 604985
756542 892108
756715 988456
758903 857322
759632 273445
760242 77018
760389 16392
760551 396353
761032 525873
761124 123578
761354 218276
761386 639418
761968 883687
762810 805397
764172 767932
765173 785769
765818 470133
766125 890133
766628 677768
767371 837815
767419 542164
767571 103912
767839 423643
768206 10066
768257 809321
768274 329557
768537 313005
769563 89074
769604 920620
769718 629619
770125 397804
770303 445101
770376 164368
770386 630376
771066 457263
772015 36979
773670 707117
773712 891500
774810 931918
775232 872145
775265 736181
776295 413429
777438 85485
777548 48144
779155 782882
779198 56572
779233 287617
779444 38345
779708 707009
780027 933336
780348 993495
780412 156870
780531 506594
780649 588839
781049 809057
781192 900749
781370 673346
781405 287821
781564 470134
781744 403877
782612 948974
783537 10025
783744 632354
783779 778565
783827 371640
783851 264470
784050 953885
784445 786067
785441 151685
785872 705362
786477 458263
786554 60548
786828 228774
786889 927160
787054 234608
787894 614090
788855 640776
789328 146924
789516 566390
789656 515742
789959 309585
790188 788638
790262 23462
790325 480534
791692 116606
792249 263404
792377 15776
792973 963843
793944 753965
793978 976991
793979 885638
794383 636009
794446 36380
794766 425636
794892 752668
795241 698925
795463 29568
795741 818111
795821 602422
797895 68488
798025 993862
798405 434030
798470 681317
798495 897145
798636 136547
799313 972972
799627 438856
799975 861034
800422 685972
800513 376459
800688 507144
800804 801112
801030 72658
802158 253982
802593 221528
802731 243118
804448 695239
804451 149490
804908 684298
804956 248480
805320 904949
806394 544487
806593 700474
806628 572178
807463 586395
807525 160483
807875 673346
807963 889185
808063 918493
808120 345026
808730 210356
808740 186755
808752 297604
810290 72144
810952 550385
811015 743272
811380 623790
811381 539063
811549 719542
811627 771478
811818 734304
811933 96314
812047 446756
812256 713725
812386 808912
814166 888469
814286 335341
814603 744300
815508 153254
815737 874755
815801 499932
815912 897044
816588 133145
816686 316777
816731 457365
817513 547860
817789 737304
817792 346558
818106 684843
818170 267654
818738 464082
818922 8364
819065 814677
820408 745823
820714 208110
821015 55943
821108 218817
822058 450933
822456 722114
823175 638497
824049 277649
824244 559877
824564 747648
825205 581490
825641 393518
825733 490265
826090 53203
826221 932523
826893 732489
827075 754360
827348 448925
827672 912507
828195 9026
828301 40883
828539 301096
828633 735784
828685 383426
828842 998605
829107 660678
829396 101685
829957 814981
830418 264184
830541 677907
831247 548100
831450 60197
831781 166988
831828 728243
831833 861259
831910 755255
832124 92908
832640 26025
833489 686801
835051 360532
835091 889089
835327 233572
835346 686575
835375 731969
835988 34190
836009 679403
836300 84151
836313 831047
838752 498707
838790 182955
838801 85133
838897 272304
839077 528154
839277 408988
840102 232024
840194 10426
840594 311857
841469 704719
841893 864837
842538 534442
843330 199995
843559 507201
843748 205397
843802 726311
844210 71885
844318 388289
844438 194108
846102 542902
846215 496989
846227 568260
846357 844134
846670 334311
846827 82234
846889 64834
846978 730666
847522 783622
848503 951229
848606 239209
850409 946733
850484 542741
850703 925466
851279 201922
851597 771159
851949 780933
852690 265485
852974 440550
853053 284346
853586 167565
853616 27270
853844 470256
854560 57582
854790 483210
854810 932178
854988 69560
855933 890222
856009 623929
856659 307956
856808 153179
856921 241919
857642 283169
858131 522438
858556 846779
859073 59181
859092 763982
859420 948651
859724 666645
860763 333007
861083 163883
861195 157747
861856 746325
862174 849336
862292 551511
863150 13262
863373 473607
863978 750898
864464 347734
864551 579492
864955 715114
865156 455738
865403 134808
866682 947245
866716 904806
866748 511474
866779 972954
866969 445431
867571 619790
867650 86861
868541 783410
868840 366990
869406 682416
869501 66348
869859 866542
869871 508510
870012 161629
870070 548802
870484 314176
870959 161850
871149 69704
872430 66802
872837 778268
872856 26537
872859 5748
872970 828968
873635 859127
873658 115940
874190 924423
874709 977819
875520 198448
876312 856334
876383 246902
876816 543841
877180 246698
878048 818797
878090 695907
878164 286473
878478 991505
878642 194593
879087 404778
879447 44163
879468 967969
879556 432574
880746 464172
880878 927056
880951 398285
881028 670451
881183 7468
881472 176648
881743 992423
882787 328189
883820 425713
884466 321857
884603 9072
884919 983890
885099 958176
885490 341312
886299 757815
887429 357611
887500 338911
887824 571297
887836 225442
887906 837937
887945 736246
888445 745512
888683 382616
889552 957908
889685 472738
890139 781920
891471 918711
891640 228554
891981 231720
892489 878189
892957 170057
893058 497326
893527 184554
893735 896839
893738 131367
893829 453021
893835 943658
893884 79756
894723 893585
895217 429995
895500 897705
895672 838384
895789 524712
896216 135752
896558 284870
899475 334093
899482 486685
899529 668347
899871 392512
899890 709348
899935 18441
900534 729103
900542 611480
900569 242763
900800 446597
901346 670719
901496 234286
901564 153566
902260 284535
902581 584861
902684 483251
903265 716722
903705 888227
904153 721287
904257 939658
904768 612158
905231 350998
905346 957899
905356 966167
905509 497199
905741 782408
906134 882964
906317 339619
906797 928465
906840 728637
907643 872276
907888 331081
908435 534886
909176 564566
909504 906512
910261 620712
910323 13423
910674 894756
911054 434621
911160 375180
911304 514799
911382 333157
911515 892750
911605 876629
912115 666891
912187 561538
913224 364848
913413 209530
913621 28027
913979 166737
914452 353847
915644 198012
915674 484800
916133 38110
916144 282176
916165 452727
916329 585515
917201 304554
917531 159998
917549 613163
917713 697542
917809 548964
918062 987236
918185 707247
919001 21723
920701 111838
920705 357632
920838 810084
922410 514997
922885 938652
923139 21915
923248 825987
924010 168870
924411 641077
924601 357551
924881 41532
925039 218589
925358 258738
925481 724761
925660 679466
926642 73934
926775 68493
926828 639978
927356 733272
928220 840115
928283 643718
928410 426800
928717 671503
928808 210650
928927 534574
929001 131551
930398 2966
930409 118915
932183 166862
932743 119022
932833 814464
933836 247584
933851 674983
934045 734758
934084 304790
934605 18424
935399 400995
935427 53066
935432 9262
935738 479095
936125 207442
936192 854395
936950 439831
937161 812529
937525 472668
937533 945872
937708 352306
937905 64637
937919 640079
937980 122643
939009 234266
939743 913488
939964 371867
940234 856616
941652 985992
942250 285464
944002 480775
944399 664964
945157 365858
945237 20942
945368 716487
945674 362229
945939 852947
946007 938840
946922 838843
947049 359642
947212 480114
947422 162872
947647 141284
947830 680556
948167 687090
948603 620917
948866 613507
949878 933932
950196 395693
950211 731976
950463 686390
952982 932468
953350 354565
953461 746953
953483 543130
953568 517691
953611 801503
953800 584187
954165 785903
954211 954066
955274 311606
955793 735474
956343 335797
956390 673794
956607 737284
957305 11803
957843 670909
958097 668545
958476 826544
958769 944584
958788 930298
959123 101321
959210 834988
960033 719429
960744 967891
961149 669543
961337 219563
961361 41424
962222 155113
962297 295499
962881 488861
963372 795072
963945 275773
964240 750036
964557 36251
965010 493745
965184 913080
965365 913940
966123 599362
967280 812541
967815 926978
968198 858666
968203 149585
968275 289130
968754 933962
968989 632522
969664 938396
969678 288877
969814 471354
969901 653405
970050 491655
970245 22107
970899 293564
971124 532581
971844 246383
972073 167383
972958 317934
973107 634921
973365 330983
974358 878753
974723 615550
975304 664032
975930 680773
975945 989115
976156 659227
976659 683869
976819 227694
977105 691220
977935 42222
978039 772925
978056 766554
978363 376515
978766 879540
979230 57773
979310 748011
979334 101752
979749 328942
979803 80384
979847 722673
980634 826949
981082 125680
981164 847783
981309 181242
981654 286229
982298 577953
983858 368011
984208 788475
984285 404533
984891 756805
985096 865971
985821 4286
985832 297117
985913 390651
986988 5664
987231 929561
987234 175039
988076 798791
988150 584760
988196 631179
989169 82177
989412 709120
989839 762929
990813 4603
992123 870154
992298 23087
992352 907505
993622 459271
993746 60036
994330 555166
994515 90851
994944 859769
995054 868752
995182 920884
995246 970891
995701 232524
995749 436585
996049 977792
997635 501703
997784 423546
998895 909250
998974 483005
999305 685104
