Random point counts: 50. Ranged within [0, 10000]
539 3204
578 46
1028 2724
1063 828
1582 7234
1616 6802
2351 8550
2452 1850
2490 1781
2592 6399
2725 3128
2855 2885
2923 1957
3664 82
3888 5293
3975 1309
4021 4500
4288 7340
4374 7466
4957 2702
5374 7122
5380 8514
5433 5233
5623 4245
5712 7098
5728 1519
6130 9851
6572 2224
6632 9549
6784 7300
6888 8868
7185 8772
7507 6935
7514 7151
7866 5694
7947 2282
8018 7560
8026 2716
8122 3955
8210 7325
8521 7906
8575 2517
8607 4451
8825 6354
8926 715
9154 7231
9583 5721
9642 9426
9864 8190
9965 7439
