Random point counts: 1000. Ranged within [0, 10000]
7 6810
9 1145
19 4979
25 1228
27 4795
34 5321
70 9481
75 2206
81 4581
103 2710
105 2510
110 2135
152 6880
156 957
156 5333
204 1587
219 4739
226 4363
229 5526
234 7108
270 150
273 426
289 165
312 7962
312 9561
316 5511
320 8111
324 2851
325 3873
341 1717
343 3184
357 2704
376 834
392 4049
395 6741
399 622
404 6610
411 2732
411 6535
425 937
425 8135
428 662
440 6436
440 8046
472 587
480 3397
488 5019
521 7061
522 9999
535 9939
545 7306
547 605
553 223
572 6271
593 6570
595 3090
600 1522
603 2131
622 188
642 6505
648 4226
654 5426
665 5094
667 8343
672 1817
678 3760
680 2811
688 7952
732 1354
737 603
742 4384
754 9020
763 6841
769 5631
775 57
800 7162
803 6119
816 7247
825 5109
825 8676
829 7427
835 9880
840 9854
843 1180
885 5061
889 8824
907 6860
912 1067
917 820
922 4368
927 6154
960 1065
962 5792
998 4416
999 2008
1003 1374
1019 4699
1029 9306
1041 6663
1058 3040
1063 2623
1091 5159
1093 1343
1107 4387
1146 1423
1151 698
1178 2655
1196 9109
1204 3364
1207 3621
1216 8724
1218 1945
1243 9560
1276 6633
1295 4394
1297 2451
1297 4789
1302 3392
1333 665
1352 1908
1359 3033
1359 3340
1370 5930
1381 7683
1399 3046
1403 4810
1404 1661
1405 3197
1411 1576
1419 4353
1435 9330
1439 6147
1467 4312
1490 653
1496 5835
1500 7279
1519 2946
1521 9523
1523 3314
1530 7537
1545 7475
1553 847
1564 2835
1569 3153
1571 7381
1600 5533
1608 9827
1613 3980
1613 5860
1617 8011
1634 5440
1676 151
1678 162
1682 4983
1691 5832
1700 7647
1703 2192
1721 3103
1722 1878
1723 1226
1726 7538
1780 794
1791 6206
1802 2206
1808 3943
1812 7259
1812 7911
1825 7231
1831 6584
1833 1403
1854 2597
1936 5127
1944 7461
1945 4830
1962 662
1971 3642
1980 8286
1998 9745
2003 305
2004 6660
2005 8942
2021 9909
2026 1698
2040 7054
2046 2496
2053 6207
2058 1743
2061 9731
2066 9204
2070 6898
2077 6911
2094 7005
2095 3848
2101 6292
2107 807
2107 1520
2109 364
2130 3668
2130 7630
2148 7639
2150 9970
2158 9333
2180 5323
2182 8421
2183 8949
2209 1851
2214 338
2219 4149
2253 6696
2259 6810
2261 1208
2267 8338
2270 4264
2274 6098
2278 8066
2282 9988
2290 140
2296 118
2296 693
2306 8362
2309 1600
2331 9723
2336 1211
2337 6531
2355 6682
2366 8649
2367 1045
2368 2104
2378 5222
2380 6013
2395 6720
2401 2521
2417 1482
2426 6096
2463 9055
2471 518
2472 7731
2475 7111
2477 9330
2492 7579
2521 8729
2531 3625
2554 4056
2560 1286
2578 7843
2583 9293
2593 8910
2596 3766
2611 6158
2630 2649
2631 3188
2648 5076
2688 4424
2690 4576
2698 5929
2708 185
2711 2151
2716 2347
2725 4501
2726 4737
2727 1282
2734 7217
2741 6518
2751 2651
2755 1534
2762 2602
2763 2578
2766 835
2772 6721
2795 7101
2819 8794
2826 7874
2846 2155
2851 1685
2871 5332
2874 9118
2918 3156
2925 1596
2950 5474
2956 3632
2976 6840
2997 8578
3000 7415
3010 6288
3014 3718
3032 7922
3033 1299
3038 8497
3040 5401
3047 8760
3053 9526
3063 1829
3073 9472
3075 2244
3082 6504
3088 4055
3105 3308
3105 7455
3122 2000
3147 7131
3153 3333
3155 5839
3165 4425
3170 9009
3172 9800
3194 9221
3225 2297
3227 3140
3228 6596
3234 1853
3239 4236
3243 7986
3249 7691
3268 2768
3273 2209
3276 7775
3299 166
3300 2633
3319 9933
3323 5756
3326 4982
3342 926
3347 6401
3361 2742
3371 5221
3378 7317
3383 5102
3394 4743
3409 1843
3415 1535
3417 9597
3420 7558
3428 7742
3431 2816
3435 5027
3446 9674
3449 9743
3455 5062
3465 4424
3466 8072
3482 4797
3483 6816
3491 9984
3501 7137
3504 9137
3515 9928
3538 4943
3541 2279
3585 5841
3628 5328
3629 8130
3633 4653
3641 1316
3644 3866
3651 3954
3656 3132
3660 9051
3684 1406
3686 6888
3701 8756
3712 2913
3712 6017
3717 5839
3748 4683
3773 8658
3773 9595
3777 857
3791 9943
3793 5590
3797 8766
3813 7928
3815 9767
3831 6783
3833 7183
3836 6882
3865 2724
3866 7505
3868 942
3885 8942
3896 6388
3910 8646
3911 1725
3941 3440
3949 4509
3951 2842
3957 8653
3965 1208
3969 6934
3972 8198
3975 2491
3976 1934
3983 6088
3996 1913
4010 3403
4045 8687
4060 5592
4068 1712
4073 6654
4079 3236
4112 1155
4125 4189
4149 8451
4178 5307
4184 9894
4189 8756
4197 1111
4201 4716
4204 6475
4205 7887
4209 8575
4223 7201
4223 9906
4235 5893
4241 1506
4262 3579
4276 9354
4287 75
4294 5213
4340 5980
4342 3732
4345 376
4349 3696
4366 5439
4378 9914
4381 9664
4388 1714
4395 1839
4404 6900
4406 5033
4410 3689
4411 7075
4411 8293
4411 9397
4422 5974
4425 2903
4432 2425
4442 8373
4459 2837
4469 3072
4469 4394
4470 3646
4484 7957
4489 1984
4491 1431
4491 8453
4498 1094
4502 285
4526 6213
4544 7811
4577 6110
4587 1074
4623 6489
4637 5198
4643 5197
4647 6557
4656 8534
4673 4986
4679 7630
4691 4764
4714 3646
4729 9740
4780 471
4780 8480
4781 1443
4816 53
4819 999
4820 2304
4826 5049
4830 6902
4859 7833
4874 752
4880 4600
4880 5048
4881 6893
4881 9490
4896 8579
4900 5211
4907 8512
4920 7649
4923 4141
4925 4182
4932 4293
4940 1713
4942 2374
4981 2184
4984 6772
5003 6685
5006 5370
5007 431
5031 8993
5050 1518
5053 6784
5057 1877
5067 2751
5068 1351
5078 4018
5103 5161
5113 8855
5121 2291
5123 8116
5191 928
5199 2029
5216 6855
5229 3227
5235 5420
5242 7740
5267 1287
5271 1208
5273 4472
5293 9143
5297 6947
5298 5145
5300 4384
5301 9596
5304 8542
5308 827
5316 4517
5323 7020
5338 9245
5346 944
5350 9885
5358 7177
5361 2983
5367 3774
5373 6517
5389 9382
5391 6788
5396 1352
5406 5053
5418 3979
5429 6917
5446 1754
5464 3433
5473 1527
5479 3008
5486 6949
5488 5889
5522 9574
5527 93
5538 7696
5541 6239
5551 2264
5552 6002
5572 6530
5582 353
5586 2765
5604 993
5613 4786
5614 2965
5620 7686
5630 9749
5634 9746
5655 8943
5656 3625
5662 9692
5667 5602
5675 483
5681 1824
5681 5073
5697 9291
5708 3705
5718 4217
5744 2335
5756 2114
5777 8238
5782 7565
5782 9885
5798 810
5799 9366
5804 8968
5819 8173
5839 7249
5845 3260
5870 4807
5877 8317
5888 6062
5889 8269
5909 8942
5914 2584
5914 8195
5917 1859
5924 5296
5930 7190
5940 1850
5945 2274
5945 5953
5946 190
5949 2373
5949 2483
5963 2069
5969 5210
5973 3277
5981 6506
5985 5278
5990 7234
6009 133
6009 4278
6015 8310
6026 7760
6029 5671
6032 9058
6035 1161
6059 6524
6080 6876
6087 1197
6174 6543
6183 9094
6185 5374
6204 7943
6221 8014
6232 7025
6235 3790
6238 8637
6272 8420
6276 7656
6280 9981
6282 4515
6284 5534
6299 1144
6300 4630
6326 7290
6333 5983
6355 7060
6367 1190
6369 540
6376 2677
6380 9780
6382 987
6391 937
6391 1764
6411 7606
6413 331
6416 8539
6425 2260
6429 6818
6455 6356
6463 6542
6468 4508
6487 7742
6494 4549
6537 5874
6549 6133
6554 8977
6563 9208
6577 3992
6578 9448
6581 1301
6590 680
6623 7714
6623 9919
6630 4120
6632 8550
6644 9438
6648 4546
6656 3847
6668 8321
6675 4235
6679 5038
6685 5294
6699 6493
6708 309
6718 4062
6723 2292
6729 300
6741 5748
6758 2766
6764 6042
6773 4444
6787 3533
6787 4185
6788 5772
6791 6091
6793 546
6812 2811
6818 8036
6824 3369
6836 4708
6836 6502
6848 4238
6865 9641
6869 1500
6878 5926
6883 8984
6888 3190
6896 3710
6918 296
6934 3093
6951 4309
6956 9349
6978 2695
6978 9446
6999 6904
7015 9781
7017 3008
7040 8978
7043 8779
7044 4772
7055 4225
7057 4779
7070 6001
7077 8967
7082 813
7086 1688
7094 6739
7135 7282
7139 5069
7153 3420
7155 1310
7156 1668
7157 5686
7170 6673
7181 5547
7221 8135
7223 9803
7227 7459
7234 5350
7256 8418
7264 4981
7267 626
7279 5624
7289 3244
7302 2925
7312 8542
7336 9082
7340 2754
7340 6950
7355 8234
7387 4335
7392 8808
7423 6624
7423 6998
7438 6367
7456 1790
7457 1746
7459 3701
7461 643
7471 7214
7481 1123
7495 961
7496 2125
7499 9435
7516 1503
7521 9620
7546 351
7546 2858
7562 8533
7572 1534
7573 6552
7591 9656
7595 6439
7600 4512
7609 1711
7615 971
7619 4782
7622 5035
7624 8748
7637 6517
7665 208
7667 2827
7682 8766
7687 7372
7716 7671
7719 5303
7732 5081
7750 2853
7751 8149
7753 4279
7769 3405
7776 137
7784 4141
7796 3160
7800 9936
7815 9079
7824 5944
7839 8462
7851 2714
7855 6751
7857 4931
7880 7887
7888 8128
7896 7933
7901 4650
7913 7366
7926 6629
7927 3778
7930 6315
7943 3042
7946 1868
7955 7827
7977 8492
7996 8277
8001 4278
8009 4583
8012 7756
8030 4449
8033 8240
8039 200
8052 7143
8061 1786
8069 2637
8079 5290
8085 725
8101 414
8105 7889
8130 3305
8152 9435
8162 5066
8162 6214
8165 3427
8171 3937
8174 5130
8187 3118
8189 3728
8200 8772
8206 5779
8219 3386
8220 7401
8224 8338
8261 5516
8264 8354
8273 5568
8276 7022
8284 8636
8312 8789
8315 3576
8320 4768
8321 7857
8327 3994
8341 9527
8348 7292
8354 9676
8355 74
8374 8857
8386 2823
8388 1454
8389 3181
8414 6012
8427 7579
8463 5580
8478 8778
8485 9446
8494 8457
8513 4776
8519 8445
8534 9851
8543 2259
8548 3606
8556 7571
8558 9171
8571 4279
8573 6304
8576 8885
8590 2163
8599 5415
8616 6129
8624 3445
8628 4482
8632 1778
8639 7503
8654 1776
8675 6266
8679 9129
8683 133
8683 3680
8685 726
8692 5648
8694 2553
8695 3064
8703 4351
8721 9185
8724 7350
8724 8786
8733 5855
8740 544
8752 5882
8755 1365
8772 9305
8777 5862
8783 3976
8794 5983
8821 1097
8824 2907
8828 1381
8830 2012
8840 7827
8844 6477
8848 3539
8860 111
8865 4972
8868 9447
8876 4523
8885 5459
8885 7791
8891 1000
8914 9423
8921 9281
8940 9491
8942 1607
8942 3130
8950 1828
8962 9839
8976 2656
8983 8330
8986 4114
8991 1215
9003 555
9035 8744
9046 7975
9049 8893
9055 2726
9064 9288
9068 6991
9086 9599
9088 878
9116 9742
9125 1890
9136 5605
9138 560
9148 3690
9178 2026
9184 8630
9191 3459
9194 9007
9197 7976
9230 7611
9236 3212
9250 5608
9270 3049
9276 9351
9295 3435
9307 8189
9308 2678
9316 7536
9327 8988
9328 8799
9330 1033
9357 4648
9362 9824
9368 3400
9386 9017
9392 386
9398 7470
9401 4561
9405 6908
9431 6845
9432 2371
9441 6015
9442 9903
9449 5049
9453 4723
9492 8564
9500 4781
9506 3746
9523 5929
9561 4102
9573 1653
9595 9182
9599 9880
9605 3258
9616 7906
9642 2865
9646 5733
9651 2193
9667 2832
9687 1306
9692 1380
9695 1139
9719 2792
9721 9325
9730 8688
9735 8254
9745 9327
9746 1639
9747 5585
9765 5097
9775 1834
9783 8477
9801 115
9816 4306
9819 9693
9846 2903
9846 8975
9856 3177
9858 8128
9865 200
9874 9852
9889 361
9899 3692
9901 9746
9902 7075
9904 8695
9913 5094
9916 2287
9924 8099
9928 4141
9929 3961
9938 2416
9949 8889
9957 9355
9964 251
