100
150
24 73
73 74
24 40
24 38
38 81
56 81
0 74
0 47
0 62
56 57
5 62
38 69
25 81
25 46
11 40
67 74
31 47
46 83
0 99
44 46
20 83
26 99
20 45
55 69
57 77
61 73
11 28
28 97
57 95
18 81
11 34
25 89
26 63
19 67
20 37
31 71
31 66
37 96
73 93
29 63
13 69
36 81
7 11
42 61
30 34
8 37
11 52
9 42
18 39
13 91
12 30
15 34
1 97
70 91
24 64
80 81
49 83
4 46
77 87
14 42
11 22
65 99
36 78
2 52
14 60
42 98
32 70
36 53
30 35
4 76
19 43
88 93
58 89
27 95
11 41
48 55
29 33
6 11
23 53
45 94
17 55
28 54
22 82
10 37
41 90
32 84
48 72
71 75
50 69
3 55
66 68
79 95
8 16
26 59
21 96
24 92
3 51
53 86
67 85
5 35
6 70
37 89
16 81
62 96
1 13
36 73
60 61
43 56
6 23
32 61
8 14
51 62
9 73
80 87
6 19
19 72
10 38
15 31
71 97
53 77
76 79
28 99
48 66
38 75
39 54
72 79
7 78
12 94
26 97
27 80
33 84
10 20
22 30
9 70
0 20
52 57
76 88
37 60
4 29
36 90
36 89
9 58
29 87
33 80
75 84
25 54
14 69
28 82
19 34
9 18
