100
500
24 90
24 39
68 90
19 68
3 19
14 24
13 19
19 28
3 7
24 36
24 58
3 71
27 36
19 25
19 84
25 83
27 51
3 55
25 62
58 59
25 31
1 24
58 61
15 62
17 27
26 28
33 59
16 17
9 24
38 39
20 31
17 50
35 61
50 57
12 36
24 93
7 52
16 66
4 39
28 85
19 56
72 84
56 63
61 76
29 61
15 43
11 93
39 41
66 94
7 34
22 63
16 79
61 97
21 61
16 48
41 89
19 92
75 93
6 28
35 40
42 61
17 81
59 87
12 44
20 98
25 88
68 74
32 61
47 87
86 88
5 94
5 60
49 84
35 99
35 70
77 92
33 64
69 93
81 82
8 17
46 84
51 67
7 10
23 92
1 53
89 96
58 95
45 95
78 85
0 53
54 76
0 37
18 28
86 91
30 47
52 73
65 66
59 80
2 54
89 90
22 81
46 65
15 28
17 25
30 63
3 46
70 73
47 59
16 70
11 78
8 39
50 91
61 92
52 67
52 98
9 73
16 40
9 82
57 59
66 87
16 44
70 99
75 81
23 98
16 55
7 64
15 66
19 38
20 21
41 90
28 44
36 66
10 32
25 81
16 80
38 78
11 68
64 82
21 75
19 74
21 84
79 92
43 77
5 72
3 10
5 82
73 98
33 83
26 98
53 73
79 81
3 63
69 80
37 82
38 61
31 87
38 51
9 58
7 88
20 56
53 61
26 59
18 40
40 91
44 93
16 51
47 97
65 71
13 40
30 59
15 34
31 57
12 18
6 37
49 78
31 53
20 41
73 92
24 40
20 97
63 65
59 63
39 63
2 11
50 64
30 58
27 74
6 45
6 36
63 76
83 86
36 60
1 68
13 55
17 33
46 93
51 97
5 46
6 51
71 72
24 46
36 70
9 49
57 64
70 97
35 79
78 87
15 16
12 50
43 47
46 71
18 96
25 77
51 65
5 64
4 5
17 91
42 60
58 66
19 77
17 65
41 78
20 40
50 78
38 94
43 75
64 65
62 68
72 90
38 60
2 47
42 86
14 53
39 74
88 92
3 80
60 76
74 99
29 73
6 92
61 74
21 67
80 92
79 99
18 48
4 73
14 89
2 24
40 56
19 53
52 88
26 52
64 99
60 78
93 94
7 90
17 66
26 71
41 84
61 67
40 48
22 58
43 68
45 69
86 98
87 92
82 88
33 78
24 61
31 35
38 71
28 38
36 98
26 90
88 90
40 62
44 61
71 92
35 36
15 73
69 86
48 50
44 98
18 37
5 36
10 91
44 56
32 83
61 95
25 27
34 68
71 89
17 34
13 78
75 94
30 31
6 85
28 67
29 81
6 12
42 52
60 91
12 87
17 98
0 70
20 52
60 83
61 83
25 96
36 41
36 82
7 98
11 83
68 94
4 92
22 53
4 22
50 63
23 95
4 37
1 38
72 77
13 42
36 58
69 82
63 67
17 64
34 59
20 42
58 93
32 82
23 91
1 94
37 43
72 86
24 96
22 78
51 81
54 65
11 41
51 85
12 23
17 61
31 41
0 33
30 49
57 96
34 42
38 74
1 33
46 83
30 88
7 85
15 59
20 39
51 87
64 90
39 98
15 88
37 81
47 78
19 58
77 95
47 53
70 89
60 96
68 85
27 97
76 96
10 67
57 67
46 90
9 72
7 14
64 70
25 73
21 41
56 66
14 87
26 91
62 74
11 65
7 57
16 58
53 65
58 72
7 71
59 86
39 92
2 50
0 32
27 95
9 74
5 54
44 89
8 69
7 8
4 60
36 52
82 93
53 82
47 48
48 57
10 48
84 87
17 69
44 83
15 22
50 68
16 67
28 93
0 96
2 38
69 92
54 68
29 48
31 58
19 44
24 35
92 97
4 14
53 84
78 98
2 30
8 26
12 76
4 57
76 86
6 90
31 94
5 51
29 56
27 69
96 99
7 17
37 64
29 93
40 73
73 76
30 41
18 38
66 84
28 52
35 38
22 80
54 86
63 71
6 44
82 85
48 67
40 89
52 53
23 48
68 96
30 60
18 90
7 59
52 71
53 71
17 67
31 49
26 32
42 82
10 57
11 47
68 92
6 24
34 48
77 86
5 77
75 97
85 92
27 71
26 61
38 42
1 27
24 94
15 95
61 96
31 89
77 90
26 50
30 70
41 99
36 48
59 68
45 83
33 39
12 92
60 97
26 40
40 47
5 52
28 72
18 94
2 33
70 74
74 92
37 53
29 42
