100
800
5 44
44 76
20 76
13 20
24 76
44 81
44 80
13 85
50 85
10 50
10 49
44 84
57 76
37 57
24 41
44 95
68 81
13 56
60 84
51 76
50 55
24 78
56 92
14 80
28 56
65 84
2 55
36 68
10 25
79 84
14 22
16 85
12 24
15 16
75 78
20 96
38 81
2 74
11 37
13 66
55 91
74 99
11 18
74 98
28 71
46 51
5 33
54 66
53 68
26 36
22 35
34 37
73 78
75 77
14 97
2 59
30 49
18 61
38 42
40 99
14 39
3 24
47 53
38 93
22 64
27 50
1 10
15 19
8 60
29 54
60 94
52 53
0 66
6 46
9 57
4 49
44 67
7 11
59 89
23 46
15 88
57 69
17 95
49 86
45 92
21 97
30 58
90 94
82 94
62 64
32 34
43 57
20 87
49 83
70 71
29 63
31 49
4 72
4 48
41 49
1 37
49 52
10 99
71 92
31 73
21 66
48 87
17 21
34 38
34 63
8 18
21 55
35 53
38 61
9 46
31 32
80 92
63 76
25 78
13 58
17 38
0 50
42 79
42 48
42 56
55 83
17 76
38 41
77 88
25 61
22 40
40 50
37 94
81 88
62 73
31 41
35 48
46 50
14 72
25 75
23 69
87 98
3 70
59 93
26 90
37 56
8 88
52 86
17 63
30 32
19 84
54 91
9 48
61 74
51 68
64 88
53 69
4 46
68 89
76 81
10 13
31 98
84 85
21 45
78 82
5 72
82 86
51 82
42 96
13 55
1 12
28 33
65 95
66 71
74 88
28 73
47 57
50 59
86 98
75 88
19 64
3 44
13 61
37 53
10 14
18 93
39 44
43 58
26 66
44 61
12 60
57 89
8 40
5 38
14 90
2 43
13 82
21 86
31 94
22 66
20 70
42 71
54 59
29 51
23 80
23 81
55 84
3 50
78 94
25 57
54 75
0 49
27 90
26 35
90 96
8 73
13 68
25 41
14 58
33 85
62 67
40 81
49 76
50 78
14 75
44 45
58 79
22 86
38 90
10 86
17 40
15 30
23 47
18 88
49 65
53 76
17 73
49 54
23 62
82 88
22 71
21 62
17 36
23 40
57 79
6 45
1 62
17 24
49 71
64 83
52 63
62 87
53 90
56 62
10 21
3 72
28 97
4 37
28 35
21 99
58 72
95 98
63 98
65 70
14 73
14 34
69 99
46 69
5 96
92 97
56 69
27 54
13 94
83 96
31 38
4 57
33 44
11 56
15 99
26 30
75 94
44 88
78 90
54 80
21 78
17 26
7 26
44 72
35 68
68 76
21 41
37 90
37 73
34 65
12 86
17 96
7 52
35 83
16 89
16 31
18 91
86 97
50 62
18 73
34 80
53 80
48 57
9 81
11 98
51 65
35 95
47 88
58 62
41 74
0 99
11 93
58 93
81 85
45 89
8 68
36 41
43 70
16 73
62 72
43 87
6 97
5 12
58 80
2 15
20 56
0 58
25 54
16 88
38 83
20 35
11 83
32 46
10 47
83 85
6 21
50 80
39 92
89 96
12 90
0 27
9 61
16 75
28 66
56 87
43 89
15 54
29 49
40 47
48 99
67 72
1 78
21 83
44 56
27 92
80 95
19 52
78 87
27 56
11 12
15 75
49 93
44 54
31 35
10 82
31 70
77 92
36 99
3 88
38 84
65 77
24 95
37 50
6 82
30 63
14 49
9 67
1 46
16 40
49 72
46 53
69 87
22 97
60 98
2 9
8 75
1 33
5 27
7 50
36 64
80 91
64 98
53 54
51 89
10 81
19 78
10 35
10 39
26 65
19 68
41 50
75 81
83 97
82 87
8 39
55 89
30 93
7 31
11 55
77 78
7 39
85 94
84 94
15 22
1 90
17 89
1 20
44 63
33 92
21 47
16 95
34 99
15 93
3 98
42 54
34 67
8 33
73 91
9 80
58 63
46 65
7 63
21 72
20 47
32 98
13 73
86 92
14 29
65 94
0 5
1 31
5 60
46 49
19 22
4 70
91 94
53 83
28 41
31 53
40 92
9 34
47 73
15 64
6 86
22 28
5 66
8 51
36 59
39 99
11 41
58 70
1 47
25 37
38 72
79 94
31 59
47 75
25 99
69 93
31 97
0 19
3 52
29 69
1 88
0 42
84 97
48 94
39 93
13 26
30 67
53 62
7 18
35 91
5 11
29 66
52 89
47 58
10 95
12 74
17 64
50 81
9 75
7 72
16 30
33 37
89 94
40 41
34 57
9 29
17 25
98 99
13 74
13 19
21 57
40 59
15 52
45 68
26 98
39 57
33 59
11 15
77 89
18 41
11 91
31 45
50 65
33 38
3 22
51 57
71 95
12 59
13 17
1 15
7 99
16 28
25 51
47 87
80 82
10 74
33 75
8 25
56 82
11 16
15 42
5 59
55 73
50 92
3 63
22 54
27 45
23 35
35 57
4 19
78 79
31 78
37 82
61 70
35 49
17 53
25 82
31 67
69 80
2 48
45 91
61 69
44 62
64 72
23 34
3 40
28 76
3 99
7 35
60 67
45 98
29 74
12 20
31 84
30 34
68 94
7 97
45 49
30 75
40 94
3 75
89 90
45 72
18 72
24 72
63 69
22 39
4 62
29 77
2 28
61 67
16 43
22 91
7 41
2 18
75 90
18 99
14 67
47 90
50 84
12 75
38 43
17 41
20 93
55 81
62 83
71 90
78 88
28 45
75 85
22 48
37 88
16 22
0 93
73 89
50 98
23 77
40 78
28 81
13 72
18 63
42 95
9 30
40 44
21 81
11 90
42 93
1 57
26 33
31 88
8 44
13 32
0 92
6 49
56 93
21 53
44 48
48 69
12 61
73 83
87 97
20 28
2 40
13 33
9 43
21 48
9 70
11 43
76 78
61 90
3 55
55 77
6 20
12 42
24 26
70 92
33 84
36 38
12 30
6 50
70 73
19 62
0 54
80 84
61 76
12 25
3 26
10 37
14 60
39 50
60 62
11 82
49 69
47 48
23 57
56 59
34 72
7 19
12 85
10 85
44 69
52 96
29 75
7 70
49 66
60 87
30 73
38 60
4 91
64 73
66 73
79 86
15 18
57 96
21 22
24 27
5 16
10 54
55 87
25 80
18 76
33 40
8 93
11 49
50 71
41 70
35 66
1 58
79 89
66 75
14 53
19 53
74 75
12 97
12 99
44 52
33 49
73 77
4 60
18 51
77 79
87 88
4 51
42 50
30 88
6 95
34 60
2 47
35 39
62 89
12 87
17 29
38 95
56 99
34 41
53 93
77 82
11 24
52 94
62 97
47 66
7 65
8 20
39 90
51 64
17 99
24 25
4 58
25 90
35 47
59 64
15 87
3 30
47 62
22 60
70 75
20 33
88 95
11 36
3 49
73 99
27 28
28 82
26 86
34 83
52 65
2 99
1 60
16 82
22 76
1 28
32 77
39 91
82 90
35 54
32 58
27 59
38 86
66 79
50 74
0 13
47 71
76 82
36 77
38 87
8 43
35 81
35 41
33 83
83 91
24 38
19 66
30 97
7 76
51 84
40 87
17 92
3 83
37 63
33 53
49 51
4 94
74 90
