100
99
53 56
53 57
56 80
80 81
28 81
37 56
28 61
37 85
1 61
17 37
62 80
29 57
17 38
41 62
9 53
2 80
38 67
15 61
16 28
2 30
41 91
23 56
67 71
10 61
52 80
41 50
31 81
34 52
41 78
6 91
2 43
30 48
34 72
45 48
31 70
36 70
11 34
17 69
6 47
12 34
2 94
9 93
12 18
67 75
64 72
43 66
12 26
9 54
67 89
34 87
19 81
63 64
7 15
9 59
20 67
39 91
21 30
21 58
45 88
28 60
79 85
1 27
41 46
25 89
0 16
31 73
5 85
7 32
63 98
49 93
98 99
88 90
7 77
40 61
50 92
7 55
76 89
13 40
4 57
77 83
54 74
22 79
33 53
14 64
3 69
89 96
7 68
32 86
97 98
65 76
34 82
27 44
34 95
8 45
20 35
27 42
51 80
24 89
18 84
