100
1000
48 76
48 78
25 78
17 48
22 76
22 66
75 76
25 49
25 57
22 46
13 17
27 78
48 62
35 66
49 96
2 57
15 22
78 86
18 48
57 70
6 57
35 41
2 14
0 18
1 2
46 58
52 62
6 50
17 34
10 46
31 50
5 31
41 99
20 27
46 67
1 29
36 48
35 44
35 89
49 51
8 62
9 48
36 63
5 26
19 46
65 75
14 98
19 97
8 61
32 78
0 80
51 79
2 4
61 69
20 56
89 93
25 40
44 55
3 25
9 30
7 66
8 54
4 59
78 95
66 77
35 47
4 74
53 93
39 97
72 96
72 88
5 94
11 30
18 42
58 82
48 83
33 44
4 16
27 90
12 47
20 37
23 90
33 71
15 84
4 21
38 62
64 77
45 90
85 96
29 60
35 81
62 68
59 87
1 28
33 91
1 92
43 99
24 47
1 73
37 52
5 20
63 70
26 88
42 61
0 30
1 85
11 14
73 85
19 63
11 99
9 65
12 32
29 82
37 58
33 59
6 12
5 22
37 46
40 86
54 94
12 14
5 97
1 17
82 84
21 42
45 56
34 79
11 93
43 47
14 23
34 58
49 88
53 61
21 83
14 16
89 92
7 20
13 53
61 75
72 86
23 56
45 99
3 78
87 93
16 61
14 62
52 56
5 8
33 83
1 40
86 90
67 98
73 95
72 92
28 85
43 66
66 88
79 89
12 55
84 93
31 61
44 84
82 86
19 49
71 78
1 6
20 82
60 64
21 63
9 96
41 62
30 42
6 35
28 64
70 82
48 51
10 30
56 58
57 73
11 63
40 57
15 63
83 95
2 13
51 52
4 71
0 70
11 77
79 81
38 65
26 71
83 85
43 58
6 46
28 58
42 71
79 98
60 76
84 91
46 91
14 57
12 97
28 84
0 43
45 81
37 70
47 66
13 89
5 21
17 63
91 95
52 92
13 32
15 24
27 50
24 58
43 91
13 96
5 53
81 86
15 75
57 98
58 84
64 75
0 67
6 94
55 70
61 74
65 99
22 88
22 74
16 93
13 49
76 84
41 77
49 64
53 77
88 97
31 35
43 50
37 57
52 77
89 95
70 89
40 91
70 94
27 80
25 26
79 91
37 87
44 86
16 90
22 83
64 69
81 88
41 90
14 97
45 71
53 90
86 95
36 68
1 54
13 66
3 48
6 18
7 85
25 34
20 96
36 87
18 32
7 88
26 37
69 96
4 45
13 57
71 94
28 95
71 82
30 49
65 89
36 88
6 85
48 49
53 87
40 70
32 95
25 79
56 99
28 81
47 82
75 96
69 94
25 77
92 99
24 37
22 57
9 87
22 23
65 94
15 48
5 54
35 71
16 33
20 74
0 32
42 59
19 90
5 19
41 76
6 99
78 80
38 84
62 73
45 70
9 90
40 67
23 28
8 66
20 64
53 69
51 68
11 44
27 28
42 84
42 46
27 37
79 96
60 67
71 96
1 83
14 85
44 57
30 82
78 79
41 87
14 48
32 49
69 92
3 36
66 98
47 65
57 65
5 62
37 83
24 41
10 65
12 21
68 98
0 68
8 80
26 85
80 99
27 87
13 54
26 68
89 94
55 99
9 82
87 95
3 19
58 91
4 42
9 11
6 22
32 71
9 73
29 33
49 52
57 80
51 55
2 40
49 86
15 68
0 82
79 92
8 96
74 95
5 89
9 45
13 64
38 77
11 36
56 97
48 50
3 84
20 60
28 68
17 95
50 69
37 81
18 38
86 93
1 70
18 71
5 15
0 73
50 76
68 70
10 39
26 95
92 94
27 44
52 82
18 65
20 23
28 78
24 32
72 85
6 96
59 70
9 37
8 85
25 92
62 74
42 45
16 85
30 83
12 36
8 79
24 40
57 62
42 78
39 84
74 88
19 72
46 72
40 54
0 21
31 40
28 91
82 94
35 55
17 46
57 59
39 62
13 70
22 82
10 77
17 35
25 68
33 93
9 80
9 93
2 64
3 80
51 98
27 75
4 70
33 69
60 69
83 99
28 50
75 98
37 93
17 59
64 65
11 50
46 64
1 84
30 78
21 87
65 96
17 57
20 22
18 84
93 94
45 61
5 28
62 97
8 29
33 47
5 29
46 66
49 60
5 58
5 83
13 41
66 90
33 94
69 74
22 72
46 48
75 83
9 66
32 48
28 66
45 51
44 62
61 77
0 64
17 56
21 29
35 82
19 27
46 77
15 91
29 84
42 53
14 92
61 86
26 75
2 52
16 73
20 75
17 80
5 65
18 73
7 21
23 33
51 66
72 76
2 81
92 93
36 84
10 27
57 77
60 61
21 28
52 76
18 74
23 98
79 84
33 65
21 92
43 87
58 76
8 75
29 48
16 49
25 66
64 87
19 53
12 77
22 60
76 78
4 68
64 96
11 15
61 84
16 77
0 69
86 99
55 83
53 66
5 47
67 89
29 54
61 98
44 48
75 94
89 97
12 73
17 54
32 61
29 98
10 36
69 76
32 52
0 24
90 95
15 66
0 66
40 52
13 46
19 54
74 83
32 33
54 68
35 78
50 87
26 96
52 70
61 71
22 47
39 73
44 99
50 90
17 94
29 95
57 89
12 20
27 65
43 51
70 78
87 89
6 90
20 49
0 81
11 18
11 55
8 33
28 47
4 92
78 83
36 66
76 91
7 99
22 81
56 63
1 25
66 84
24 36
4 76
65 66
29 89
21 78
4 86
30 46
0 83
11 20
35 99
50 85
51 75
1 94
8 90
11 70
36 92
71 74
28 35
24 77
51 58
22 33
52 64
13 71
9 64
37 43
14 65
32 68
32 73
56 88
48 72
31 96
58 87
58 75
3 61
14 33
8 48
86 89
29 40
45 52
66 68
1 89
31 33
51 86
43 95
9 70
40 45
27 73
23 34
24 63
25 94
30 94
30 33
26 29
25 31
45 79
19 99
13 15
10 86
63 84
0 78
69 97
5 61
47 79
40 63
35 73
23 62
65 97
35 50
28 96
6 67
54 61
4 69
44 64
22 99
15 58
66 89
40 58
1 88
1 86
26 48
12 74
41 46
33 78
23 70
34 60
43 78
23 46
54 63
26 53
89 96
46 47
35 51
23 57
73 87
12 29
34 92
30 71
48 55
18 25
19 94
1 60
22 53
66 80
68 92
40 62
32 38
71 72
12 88
27 32
60 80
12 57
42 95
33 46
46 71
2 44
15 52
22 68
36 99
41 45
65 86
62 99
57 94
10 48
36 78
59 80
18 21
43 81
53 80
73 78
9 51
10 20
29 43
34 90
77 82
34 50
46 95
66 75
52 57
21 23
2 16
30 93
32 84
10 95
21 26
13 50
8 12
60 70
3 6
50 98
67 97
10 13
33 79
10 19
49 83
29 39
31 94
36 56
16 80
16 67
3 21
4 84
59 60
34 69
56 70
17 89
22 69
58 80
81 95
55 72
67 81
68 81
39 44
11 29
39 56
46 52
19 33
1 38
17 97
36 44
60 68
62 96
38 61
1 98
37 55
29 76
52 71
50 55
20 31
91 94
49 82
28 48
10 33
54 80
30 66
78 97
87 88
34 36
34 68
24 52
8 23
17 37
14 81
58 79
34 57
24 62
2 41
6 19
2 68
13 23
16 91
56 93
11 19
1 63
27 43
39 53
47 63
59 89
10 96
7 18
34 99
9 50
23 24
1 15
91 98
31 49
56 98
4 25
58 94
12 98
66 85
26 60
49 87
39 41
20 80
5 93
70 95
38 81
25 46
14 27
30 81
41 55
1 21
35 74
15 50
1 31
5 74
60 88
76 88
19 47
11 98
79 87
43 97
7 80
7 45
19 82
68 89
13 16
29 62
40 71
82 96
44 56
24 93
2 88
45 48
17 92
5 32
62 90
56 71
37 69
62 89
24 72
23 69
41 44
59 93
35 76
20 70
8 67
19 57
33 37
46 69
0 58
81 99
48 64
23 93
2 79
46 99
30 79
41 92
8 84
49 68
24 67
63 87
70 98
19 78
36 41
14 41
12 66
5 16
4 22
13 25
4 12
73 82
49 84
62 67
32 75
28 77
9 91
1 26
62 83
10 59
7 81
53 95
47 90
7 78
34 67
9 38
9 27
12 92
29 68
24 49
31 84
72 80
22 71
71 95
13 98
73 81
45 86
58 89
54 85
13 21
51 64
43 84
20 68
56 76
41 70
47 52
81 97
55 92
30 72
27 69
48 98
32 46
0 50
36 76
2 66
17 38
0 38
88 98
35 70
65 71
12 19
4 58
19 45
17 33
46 74
29 31
11 73
51 72
27 93
9 92
41 61
22 62
88 89
76 82
4 38
73 93
42 98
15 53
1 77
48 80
6 39
5 67
40 69
41 64
28 89
50 57
76 96
64 73
11 28
18 50
16 43
10 60
6 70
33 51
10 51
55 64
89 99
16 97
17 61
25 71
50 62
73 83
78 94
31 67
9 31
52 85
46 54
24 44
76 83
