100
300
28 82
5 82
55 82
5 72
55 64
25 72
72 95
13 25
40 82
10 82
10 84
10 71
71 96
13 86
44 84
23 25
96 99
43 86
39 95
19 96
10 32
51 86
63 71
36 96
18 63
41 55
10 75
77 96
10 14
32 98
13 92
48 63
33 40
65 98
72 81
3 64
59 64
61 64
75 85
20 25
37 63
13 76
22 81
55 87
59 94
1 81
70 81
32 80
74 76
68 95
34 41
51 66
60 76
54 80
17 75
0 17
1 38
55 57
43 79
9 61
39 49
21 51
25 29
73 75
39 67
8 49
26 77
16 96
31 87
42 70
6 86
2 81
77 89
11 54
6 58
6 15
24 55
24 93
50 65
7 55
45 63
65 69
85 90
22 97
46 87
28 30
63 91
43 56
2 27
47 97
34 88
4 13
35 43
45 52
55 78
62 84
12 78
26 83
53 75
48 53
43 58
20 47
39 92
41 99
72 76
6 10
19 20
79 96
10 34
56 84
54 62
56 77
34 53
27 96
14 65
44 55
14 36
62 75
67 85
5 39
28 50
7 76
0 26
27 38
17 98
32 97
37 41
0 15
63 95
22 55
16 48
68 90
29 64
71 85
9 45
50 94
5 55
2 58
9 40
54 73
51 73
81 90
37 53
14 51
2 41
21 79
58 88
11 46
13 55
31 55
51 75
10 67
39 50
43 95
28 42
21 99
9 65
14 81
65 67
24 99
82 93
18 30
13 18
25 32
22 77
19 97
83 97
9 22
80 98
59 63
72 96
74 97
57 87
72 82
79 81
41 80
19 40
8 56
56 60
38 80
35 75
7 45
9 64
39 59
4 57
7 47
9 36
11 82
76 78
49 64
59 74
70 94
5 57
73 83
24 41
60 77
19 64
7 57
13 43
10 91
64 82
5 22
31 90
66 67
20 78
46 47
36 49
52 99
6 76
80 82
8 42
12 42
71 86
32 92
77 84
19 42
10 74
18 84
39 44
83 89
50 84
16 76
10 90
39 71
48 82
16 42
85 89
87 94
11 67
82 85
54 65
2 46
39 46
23 27
43 98
24 62
17 28
9 19
12 37
64 98
69 94
4 67
43 84
79 98
19 48
20 23
88 98
56 92
5 52
46 86
30 92
56 78
57 95
29 68
30 39
24 60
47 86
56 73
59 98
36 99
48 64
53 67
17 77
6 32
61 82
47 70
13 91
15 66
10 36
20 97
34 57
18 65
11 55
28 57
3 44
6 53
50 64
30 47
10 49
28 47
3 40
12 91
42 83
17 18
4 36
60 89
17 97
60 90
57 78
0 10
2 32
19 27
70 93
67 77
14 54
30 38
30 53
8 58
14 63
68 76
