100
2000
25 76
48 76
25 94
76 78
43 78
94 98
23 25
42 43
61 98
61 97
25 70
23 54
25 64
16 43
93 98
43 69
55 64
25 57
33 69
92 97
34 54
40 42
48 84
45 94
1 94
17 55
10 43
12 61
59 78
43 56
42 44
43 51
61 79
33 99
9 17
89 97
46 94
29 92
32 70
41 76
8 94
33 72
45 50
24 98
21 92
28 61
17 49
86 92
63 69
30 45
23 26
2 94
54 91
22 93
35 86
7 29
0 46
31 93
44 81
51 85
11 86
13 51
36 45
16 74
6 99
23 53
41 68
18 81
2 3
42 62
11 80
38 94
2 75
39 59
48 82
83 99
19 62
66 82
5 54
37 44
73 80
69 95
29 87
14 38
2 52
0 77
96 97
47 73
71 74
17 20
4 57
49 60
3 58
27 34
44 88
15 18
22 67
65 80
0 90
0 5
59 79
37 83
0 21
7 61
34 76
32 87
44 48
27 80
65 74
5 36
20 94
68 72
8 38
11 50
15 89
17 92
35 71
26 55
64 78
40 87
43 81
33 96
57 90
31 34
41 84
26 43
58 76
2 42
17 88
0 82
60 77
0 1
22 86
52 71
89 90
62 97
50 68
10 83
9 83
3 68
56 85
15 86
45 48
45 76
22 49
89 98
1 15
47 59
24 56
1 28
2 95
35 97
87 90
24 45
11 78
38 80
28 91
29 63
4 46
35 63
26 77
0 25
50 81
14 35
64 72
21 63
24 70
84 94
72 86
77 87
22 72
8 75
16 95
8 16
29 66
35 93
24 86
2 88
68 86
32 78
71 87
0 58
54 82
83 86
6 41
52 55
15 35
66 87
59 63
46 66
5 97
28 92
6 35
53 68
40 57
0 50
24 42
10 73
3 94
28 88
9 54
25 31
21 42
8 39
3 12
55 61
3 75
42 80
31 32
13 60
30 43
6 42
30 66
9 99
76 79
56 97
12 80
57 74
10 15
4 7
40 48
8 88
7 16
7 56
38 78
55 80
8 13
7 86
6 71
37 48
12 51
79 96
29 52
76 84
1 79
49 58
54 59
12 43
42 66
24 75
1 76
8 91
16 73
65 81
32 45
53 61
79 92
23 56
17 31
5 7
16 39
55 74
65 83
45 96
39 74
69 99
39 60
43 77
37 47
1 66
75 84
18 86
7 30
64 71
6 54
25 44
25 81
8 25
24 43
60 85
59 76
42 88
72 74
42 78
38 53
20 42
13 58
5 63
0 28
28 81
29 88
27 30
61 94
42 98
48 94
26 51
0 23
1 46
9 45
3 71
14 18
37 56
24 80
74 97
5 46
3 25
25 36
22 28
33 92
22 43
31 70
22 25
2 22
12 33
2 86
17 48
14 83
39 58
30 47
47 84
21 67
55 79
16 24
24 68
48 88
40 47
54 76
31 81
75 78
19 37
31 41
6 80
16 35
26 62
10 93
60 84
8 78
21 65
49 96
82 96
47 65
63 66
22 59
41 91
47 67
61 88
63 91
34 60
51 74
74 81
4 83
26 28
30 50
27 39
48 54
20 73
32 47
10 70
17 96
10 37
56 66
29 45
5 74
59 65
43 79
54 57
55 59
47 52
40 63
34 48
3 22
29 56
33 82
64 65
69 82
10 35
12 29
9 15
25 69
25 42
42 86
32 38
95 98
35 87
24 90
17 77
91 96
69 94
1 33
38 98
36 44
74 96
1 83
60 83
65 97
19 50
92 95
26 60
70 75
59 96
59 92
24 40
54 98
53 89
26 56
57 71
3 47
17 73
63 84
43 45
28 53
54 87
51 96
97 99
68 88
38 41
4 72
17 19
42 72
77 80
73 77
48 50
26 50
8 68
24 49
57 81
11 38
13 21
70 86
4 22
77 88
3 62
8 49
26 36
29 37
67 84
8 58
7 47
21 41
50 52
14 20
16 68
8 95
26 49
16 26
39 55
85 90
20 60
39 75
87 91
35 58
18 57
8 51
31 77
42 67
62 72
58 59
5 73
11 94
36 82
44 58
89 91
38 50
22 78
31 53
22 79
55 93
23 84
72 89
12 50
5 89
20 30
35 80
37 68
8 85
89 92
27 92
52 63
70 97
15 47
9 96
13 64
98 99
41 52
21 57
26 32
5 64
3 59
9 81
86 88
59 95
43 48
51 95
24 50
1 4
14 32
17 90
41 85
59 62
8 10
70 84
31 91
17 56
35 60
20 21
2 77
12 22
15 37
68 94
21 50
9 85
1 97
34 86
19 56
22 45
27 91
4 86
27 68
56 89
6 81
84 91
13 84
49 88
39 56
6 76
0 6
48 98
25 98
31 47
25 30
2 11
3 53
1 43
24 87
12 28
21 85
5 53
13 65
71 80
24 79
26 69
50 54
15 29
13 27
41 45
1 22
51 83
1 40
27 49
28 58
8 84
35 83
47 79
5 8
27 52
63 76
13 91
21 32
12 76
41 80
49 89
86 98
22 42
81 97
40 88
61 85
8 42
48 65
81 94
29 64
75 90
1 29
2 78
15 97
30 39
54 94
31 96
10 79
7 17
47 63
25 37
19 48
26 82
4 30
76 92
56 94
17 42
35 40
82 97
5 66
53 82
36 96
3 29
42 93
31 43
6 85
31 87
28 77
48 66
23 41
56 80
0 8
8 62
6 24
11 22
26 30
10 64
54 92
22 54
36 38
57 73
34 61
10 46
21 60
54 56
55 94
19 97
2 61
48 97
10 54
38 97
68 76
19 70
32 48
36 58
48 71
61 77
9 42
17 91
25 60
19 24
64 93
47 92
51 62
50 53
47 95
49 62
39 82
9 75
4 52
15 49
20 72
24 97
32 55
96 98
44 92
65 90
62 81
47 88
7 89
49 83
4 61
46 80
86 90
3 89
82 85
18 33
58 77
18 87
74 77
20 84
1 14
11 98
82 91
49 50
10 66
24 54
21 54
32 88
38 64
68 84
48 75
39 93
52 96
11 93
13 81
73 99
18 44
34 95
26 95
50 89
0 39
21 62
0 12
8 99
53 67
36 83
21 22
23 47
25 62
23 64
14 57
27 72
7 95
23 97
24 33
52 56
79 80
10 21
15 48
8 35
3 43
30 74
61 62
86 97
1 12
7 34
0 96
74 85
5 12
27 66
0 48
66 77
34 97
60 62
43 96
54 77
43 47
43 87
30 40
46 85
48 51
7 78
42 45
58 89
51 92
3 17
15 77
35 67
89 96
57 79
84 87
60 65
52 84
0 24
41 81
2 81
41 94
56 86
29 77
78 94
10 44
54 60
84 89
12 93
37 49
24 77
18 91
66 73
64 91
4 16
11 63
38 86
59 70
14 61
69 84
30 31
21 27
84 96
11 89
13 55
3 91
20 41
49 98
28 35
32 92
15 85
17 85
68 81
62 92
11 88
28 42
73 98
8 76
43 82
48 91
94 95
48 92
82 83
55 71
28 29
14 33
11 37
11 14
43 94
14 95
16 40
48 73
0 94
7 39
68 75
40 54
46 98
16 86
66 84
75 77
13 28
1 50
58 68
18 40
28 37
63 87
18 58
36 76
18 95
85 89
4 76
39 40
64 88
73 90
61 80
27 63
37 90
7 48
19 42
26 91
28 93
89 94
22 62
50 93
38 84
2 20
50 70
43 54
60 86
44 96
9 67
36 93
36 89
24 89
12 16
41 96
6 74
38 90
58 83
61 89
18 37
26 27
25 95
83 94
73 92
13 86
18 48
54 86
7 21
12 45
22 60
6 15
43 75
19 55
80 92
31 51
4 15
38 62
76 88
22 83
48 95
88 99
84 85
11 99
59 83
35 48
80 83
47 56
10 14
15 62
28 65
35 61
88 95
12 75
23 49
61 82
55 89
38 73
8 41
68 91
23 51
2 89
50 71
67 68
66 74
15 83
26 84
15 23
15 40
5 16
26 73
20 83
11 71
32 96
4 10
15 64
38 46
21 69
54 84
0 31
5 38
37 66
62 73
45 66
68 77
26 65
12 88
5 84
18 24
27 38
27 70
45 75
79 93
33 48
51 58
10 32
18 88
26 68
9 80
34 93
81 89
24 82
47 91
72 84
65 82
20 77
19 53
40 55
3 48
9 34
15 68
14 87
52 70
11 81
42 46
34 99
18 28
1 35
12 48
28 48
13 15
62 75
12 67
44 89
36 73
34 70
12 77
6 21
40 96
44 94
70 76
51 61
16 75
65 87
19 91
16 84
72 94
6 34
81 92
47 90
31 99
77 86
53 90
23 58
45 56
59 64
35 36
54 66
29 91
39 81
11 39
52 98
11 40
10 81
9 93
11 30
21 73
7 10
36 95
63 70
1 54
65 86
17 93
61 63
1 51
24 78
0 95
68 89
44 95
31 94
5 77
28 67
9 22
17 46
45 65
48 63
21 47
14 43
31 86
69 98
38 61
33 37
0 27
80 94
50 72
4 59
62 79
7 45
0 78
42 58
38 45
0 13
1 45
12 55
10 67
19 65
15 52
0 62
19 98
32 84
28 60
47 50
34 68
13 56
56 84
45 95
0 55
45 90
14 25
24 36
5 17
42 95
4 20
25 85
15 34
53 62
16 41
51 99
64 92
49 94
14 16
2 13
16 19
44 64
1 98
30 87
6 86
76 94
1 55
37 61
36 62
10 97
31 54
19 79
65 93
23 31
35 98
31 89
54 85
13 90
89 93
23 24
75 80
19 81
16 51
4 35
2 54
25 78
6 11
48 52
39 67
54 65
6 82
34 46
35 44
53 91
31 40
6 23
6 84
41 95
27 36
23 55
32 62
12 85
1 87
70 98
16 42
46 95
75 99
67 77
26 74
11 49
13 16
80 95
5 75
24 83
12 57
9 69
38 92
60 97
25 68
19 92
24 53
70 91
32 97
44 71
46 57
80 91
15 55
8 61
2 64
21 76
35 89
16 37
5 72
7 88
24 94
50 63
68 87
9 65
21 56
65 96
49 71
49 99
51 77
26 34
27 75
1 89
58 65
64 90
67 92
33 38
34 90
15 70
21 28
5 68
30 37
5 81
18 35
17 34
26 31
14 68
0 83
44 80
47 77
10 41
70 90
17 52
37 78
7 41
1 80
28 45
22 32
2 68
84 99
74 99
13 92
48 83
32 80
77 81
26 70
28 56
34 41
80 96
29 57
92 93
47 55
18 61
22 23
24 72
62 93
23 82
2 36
20 39
22 50
8 24
9 18
58 82
1 96
48 49
2 14
5 82
16 31
10 98
18 34
76 80
13 69
10 90
17 25
56 72
42 61
19 31
7 69
34 88
69 80
2 15
5 13
37 69
18 53
49 54
18 45
28 87
49 87
14 91
14 28
13 36
15 46
5 10
19 77
23 76
19 85
38 87
36 79
13 44
34 63
33 91
0 9
19 99
18 83
49 57
61 92
8 14
54 73
11 18
23 98
45 49
54 61
52 88
31 83
49 53
63 68
29 68
10 49
74 91
28 89
2 26
46 71
17 60
7 14
44 46
17 99
37 58
18 70
15 17
3 93
54 89
6 47
13 89
74 84
9 61
20 76
3 18
18 46
10 31
1 9
53 72
23 60
17 95
67 95
38 89
52 60
43 92
56 82
1 88
14 36
7 19
4 82
77 96
22 64
1 20
58 87
33 73
39 64
29 90
20 54
11 34
27 51
7 79
28 50
23 95
71 77
9 88
59 61
40 83
51 82
21 48
24 34
9 46
77 99
3 42
30 36
20 69
27 76
24 39
4 81
30 34
10 72
61 72
5 6
1 39
36 50
24 64
50 92
16 45
86 89
12 42
52 94
12 64
64 99
3 19
61 75
4 37
19 20
59 87
10 80
11 91
27 29
83 87
18 98
20 91
64 66
77 93
66 83
43 98
16 57
37 43
46 79
5 55
91 99
77 78
9 19
72 80
12 63
1 18
39 98
11 70
40 58
21 37
8 20
35 73
45 46
9 11
22 90
58 98
33 60
56 83
36 51
52 79
16 87
46 56
65 79
10 87
52 64
33 57
5 87
79 82
7 94
1 71
13 19
9 51
28 49
59 85
11 44
68 82
13 59
10 23
13 93
50 98
25 55
42 51
8 40
27 62
14 60
4 69
19 60
27 40
76 99
46 55
27 60
6 27
2 97
32 34
22 81
10 18
10 51
38 91
53 57
27 67
33 85
11 54
21 38
60 68
20 88
45 88
49 73
9 92
18 78
93 95
93 94
19 58
18 63
14 40
52 86
33 66
0 92
4 12
27 95
69 89
21 99
27 44
24 26
73 86
1 47
2 46
38 39
63 89
54 69
66 97
14 42
22 58
47 54
22 70
55 69
36 48
84 88
55 87
36 81
79 89
11 12
11 13
2 83
52 78
13 63
95 96
69 79
12 81
56 64
4 74
37 85
27 53
28 99
58 70
14 48
15 44
52 59
82 90
50 94
0 47
28 64
34 36
33 84
39 53
30 86
0 53
47 66
30 55
50 82
6 73
16 54
49 81
40 51
20 66
29 55
12 90
16 64
15 80
50 73
80 97
33 70
11 26
3 11
80 98
19 75
3 79
69 90
16 58
80 81
45 99
23 30
28 83
24 38
31 68
92 99
2 80
13 14
18 36
23 33
46 63
12 62
9 62
26 87
48 53
40 81
20 57
23 38
43 44
61 78
69 76
0 20
66 94
15 32
2 66
19 27
14 46
3 27
17 41
10 28
88 93
16 34
11 25
44 90
70 83
37 59
63 95
55 65
24 51
25 87
35 91
13 50
74 98
21 26
55 57
40 79
13 77
25 72
45 47
8 80
4 65
32 75
37 52
77 82
45 67
3 50
14 23
41 54
23 45
9 31
27 84
18 99
42 91
27 59
41 72
29 71
36 77
77 91
73 82
53 87
55 96
6 63
35 53
49 75
30 73
2 82
0 73
36 59
4 68
5 67
2 8
12 60
53 92
35 38
44 51
10 71
40 99
63 78
6 50
58 63
15 82
3 13
6 28
1 17
13 41
88 92
28 55
11 21
24 92
47 68
0 88
6 33
5 14
6 38
9 33
48 78
34 89
17 21
58 74
15 16
52 81
57 85
15 66
30 67
61 73
62 84
35 41
11 33
37 98
10 91
45 71
31 84
82 94
26 88
7 63
1 27
27 85
49 59
24 62
13 43
26 75
67 97
40 65
39 97
58 90
19 83
16 28
46 49
25 65
35 54
21 87
39 73
13 82
18 59
13 95
14 30
2 58
23 34
3 60
45 57
15 33
45 55
50 64
34 56
12 47
6 83
48 93
24 37
22 51
35 76
6 87
31 82
6 14
4 73
12 35
28 79
50 51
26 63
36 90
0 93
12 23
64 89
39 94
30 88
21 40
8 87
21 23
42 54
21 86
60 74
31 60
2 72
37 87
29 67
21 64
18 96
12 99
12 38
42 94
57 62
32 69
32 46
1 58
42 90
66 99
34 87
66 93
18 52
28 84
3 63
31 73
11 24
48 81
13 35
80 86
57 69
33 86
50 75
66 89
58 72
19 87
71 79
20 85
8 36
1 37
5 58
15 75
6 62
0 84
6 32
17 44
36 64
85 98
19 71
25 93
4 28
45 60
51 54
38 76
22 39
55 72
41 86
17 74
87 98
25 32
17 53
10 38
59 69
23 48
17 67
56 88
40 64
45 59
45 54
53 59
3 98
11 53
31 74
16 79
69 72
6 37
50 96
0 85
59 97
58 66
6 10
13 83
42 76
12 37
7 15
74 94
91 94
6 89
26 66
18 71
63 94
17 28
81 86
19 38
39 80
25 88
0 19
12 66
3 64
50 56
38 51
23 61
30 69
33 78
56 87
78 84
2 23
30 84
60 61
63 75
47 85
35 50
53 54
15 72
1 49
38 74
83 84
56 79
5 45
17 59
58 92
20 45
26 44
67 90
49 65
8 22
45 83
72 92
43 58
8 50
48 60
77 84
23 73
33 67
16 89
41 75
44 74
74 79
3 5
20 93
13 85
63 86
41 60
29 97
13 30
8 53
4 95
9 56
47 97
57 89
73 81
25 71
56 62
36 86
25 28
55 67
3 74
80 85
12 26
4 17
52 99
9 43
23 87
67 82
24 63
60 64
8 17
48 80
9 72
10 16
38 66
12 15
42 69
2 28
32 37
49 90
8 45
20 36
9 68
66 78
51 79
14 89
33 83
3 4
43 53
25 33
42 97
9 63
72 78
4 44
9 53
10 78
61 70
5 92
4 13
63 64
44 55
2 29
3 7
25 99
48 87
87 94
2 70
6 61
48 89
16 55
17 70
14 56
15 78
7 55
29 30
11 75
52 95
68 96
1 92
7 31
7 9
16 56
23 36
5 40
44 77
50 77
61 84
15 84
90 94
56 91
70 99
31 67
34 40
6 44
52 90
17 26
18 92
83 97
14 58
2 63
4 34
35 75
38 49
35 78
49 63
2 48
49 56
5 28
26 48
55 68
4 39
69 97
3 44
33 43
75 96
27 96
54 55
7 96
13 70
49 92
59 68
66 98
20 33
48 59
30 95
1 16
31 98
43 73
4 50
83 98
1 77
15 39
33 41
22 56
2 59
1 56
45 61
71 81
7 74
70 78
33 98
33 35
16 63
29 80
18 22
79 83
6 29
4 23
64 87
56 74
2 32
45 86
69 91
5 76
30 44
9 13
14 65
9 30
26 41
9 82
36 54
41 77
52 83
47 60
37 79
3 20
5 47
65 91
94 99
44 91
27 48
84 92
9 10
28 72
64 73
70 80
53 93
68 93
15 67
6 77
66 67
40 56
37 73
31 42
29 46
56 93
46 52
10 45
61 83
29 72
33 36
40 43
52 53
18 64
63 73
15 21
33 53
60 91
12 95
3 55
21 88
9 16
65 67
51 89
30 71
37 91
15 43
5 9
52 57
57 80
37 96
23 92
75 98
10 65
47 86
41 48
65 92
12 98
29 38
43 63
6 72
41 49
5 94
26 93
55 66
40 78
