100
1500
30 45
45 76
45 66
30 49
13 49
48 76
8 45
20 76
13 35
32 48
11 32
22 76
45 96
11 38
9 48
7 8
94 96
8 90
87 90
49 55
53 96
35 81
87 89
32 54
38 86
85 94
49 67
15 48
52 55
28 49
73 90
22 34
20 75
40 87
50 75
20 59
67 82
23 35
46 59
32 58
4 55
0 49
41 50
40 88
8 51
11 17
55 74
35 64
12 17
45 63
64 99
55 84
16 85
71 85
65 87
15 72
37 74
24 84
37 77
58 70
62 77
74 95
80 94
61 87
33 54
69 96
7 27
68 89
26 66
40 42
2 52
52 60
52 57
66 97
51 83
32 43
1 62
36 94
61 91
1 92
31 70
6 74
14 89
10 12
19 95
47 70
25 94
29 55
5 54
15 93
18 49
79 84
45 56
40 78
44 84
15 21
39 44
19 98
3 86
26 96
8 22
56 78
62 88
41 58
31 54
51 99
5 77
48 94
40 92
50 78
73 95
68 76
4 90
13 66
57 58
5 31
66 68
50 94
5 71
49 66
80 97
6 24
37 56
38 50
36 99
21 59
37 54
6 78
66 88
18 59
57 82
11 92
14 64
23 99
74 89
17 69
50 52
41 57
3 22
58 75
25 91
11 58
32 41
83 88
20 91
91 93
11 15
14 90
57 81
10 46
67 90
49 93
65 78
20 48
48 70
5 98
21 42
72 84
19 20
18 22
91 98
6 53
93 98
36 57
23 80
15 16
0 25
79 97
1 32
58 63
63 69
0 77
30 63
27 75
60 84
52 58
10 56
0 31
35 70
79 80
26 71
6 23
7 18
44 83
4 18
4 85
73 77
38 42
6 11
13 53
20 22
36 86
78 84
88 89
73 76
22 71
58 95
46 74
4 11
38 98
41 47
8 48
54 97
8 70
37 60
15 17
35 88
42 67
52 67
26 89
26 78
7 13
73 93
67 80
11 61
88 92
77 90
36 54
40 77
33 67
73 79
16 45
72 78
63 66
80 93
23 78
29 90
24 37
0 15
3 59
15 80
26 94
53 78
5 52
42 44
71 81
1 27
25 81
36 88
8 32
38 39
64 70
41 98
0 14
42 87
43 50
72 92
3 78
22 24
42 43
61 86
4 60
17 82
19 61
58 80
42 68
52 59
7 95
38 66
40 86
68 71
2 26
73 87
42 45
8 19
3 35
43 48
68 80
21 73
49 77
23 76
14 96
39 90
40 90
4 34
11 52
47 57
27 38
38 67
14 22
4 47
25 99
11 56
3 64
61 64
19 24
43 61
67 93
39 99
18 41
12 98
66 86
16 26
4 92
49 58
66 91
5 39
76 87
11 42
5 59
84 98
39 95
2 73
39 97
26 81
25 41
24 36
35 68
40 98
56 85
15 34
14 35
1 79
65 71
13 26
44 69
40 70
18 34
36 90
31 73
9 21
39 78
43 69
6 56
3 16
60 86
6 13
6 49
11 54
22 50
76 90
75 80
57 78
39 45
25 42
91 97
68 85
10 96
59 97
16 72
11 89
12 59
39 58
82 87
90 98
59 60
28 29
18 78
33 46
23 50
85 89
41 42
58 62
3 8
14 60
44 61
36 98
44 77
16 73
13 65
51 91
13 41
71 83
9 38
59 68
51 75
30 52
31 79
20 70
49 61
8 43
26 88
55 75
55 72
30 88
22 84
9 85
91 94
62 73
14 75
59 76
41 71
12 56
22 39
13 76
48 98
41 63
82 84
7 11
17 27
74 96
0 81
18 96
19 84
57 68
37 49
73 78
25 57
26 87
38 40
72 86
38 55
44 91
11 74
1 78
51 65
16 37
7 47
6 70
0 90
45 71
14 36
3 30
55 89
40 80
48 91
48 51
55 69
27 84
22 60
17 24
49 71
46 53
19 36
1 17
9 82
2 18
62 92
10 17
53 58
77 89
54 79
23 58
54 65
57 70
45 49
23 28
54 77
0 73
63 93
30 91
34 64
52 69
46 73
61 72
47 90
14 74
61 88
10 18
67 96
35 99
59 66
10 66
11 78
31 60
84 85
9 87
69 81
39 74
43 68
1 99
58 60
60 65
42 53
37 45
21 37
4 88
76 95
38 93
33 72
7 80
60 74
6 84
37 94
3 79
36 62
10 16
9 64
32 35
16 78
14 94
22 77
75 94
22 33
30 89
23 62
4 67
10 43
18 76
19 63
52 96
49 98
30 84
56 92
21 81
26 73
44 93
6 82
33 96
6 14
51 60
38 60
95 96
29 68
48 87
49 90
33 60
18 67
1 55
48 86
40 67
5 87
12 68
45 81
55 78
34 83
34 42
12 34
32 83
50 74
59 98
86 95
30 93
75 86
24 98
43 66
86 88
23 40
1 70
1 86
1 8
12 52
13 67
57 87
28 44
36 92
24 32
3 4
11 79
7 76
76 81
15 90
16 77
48 84
82 97
23 72
23 32
37 59
9 84
58 81
35 98
54 88
85 98
20 32
9 99
7 48
42 49
7 33
8 56
25 62
22 82
13 62
18 69
55 98
27 78
13 82
56 91
13 33
4 9
9 73
32 93
57 99
2 63
19 83
34 49
19 89
42 50
65 90
62 98
55 61
51 93
8 99
28 69
88 99
15 61
68 72
38 87
7 51
80 82
11 46
10 58
97 98
37 82
22 25
5 70
49 84
24 38
49 89
13 80
45 88
10 62
56 80
24 94
4 17
3 24
75 92
30 62
8 49
69 82
39 63
2 4
7 43
43 92
5 51
15 27
83 85
58 66
68 86
19 94
29 74
18 94
62 83
2 60
5 79
31 89
16 83
1 22
6 80
12 39
58 78
21 75
8 13
14 63
76 78
8 28
25 54
43 94
51 86
15 41
27 41
5 97
22 75
8 42
15 35
21 53
47 89
21 70
31 56
5 74
78 80
48 99
2 20
11 22
83 90
36 75
53 88
60 98
16 88
18 26
34 81
57 66
22 78
63 91
38 80
44 53
0 71
24 30
15 67
12 79
46 97
64 69
28 59
80 98
26 84
6 35
14 24
19 87
60 63
5 85
36 46
26 55
32 42
78 97
5 58
13 94
6 68
3 62
14 65
9 30
74 75
41 53
25 95
41 86
29 99
14 41
12 29
30 94
25 52
28 48
9 60
62 74
6 55
18 27
22 49
17 47
58 92
24 80
34 45
4 16
72 88
7 35
14 17
58 59
43 97
28 37
20 77
78 81
29 70
62 66
1 35
54 93
31 94
31 41
28 75
19 73
0 53
60 93
64 98
4 54
50 67
61 89
12 57
10 71
1 96
88 93
27 52
30 37
11 82
2 61
39 85
20 90
58 73
3 58
17 90
23 51
47 80
59 90
9 80
49 88
4 37
54 96
34 89
69 78
10 87
42 79
7 94
65 86
6 46
14 49
71 90
8 71
90 99
17 26
30 42
14 69
61 83
95 97
28 41
64 87
35 54
6 8
44 47
57 62
64 67
15 60
68 90
37 57
47 79
8 24
10 50
22 36
9 13
21 35
18 63
19 26
66 80
2 37
53 87
16 69
44 60
53 56
82 94
2 29
66 82
42 52
43 74
82 83
41 62
75 85
67 89
56 70
38 58
21 39
29 33
47 61
6 18
36 45
21 58
20 79
68 91
23 36
22 90
85 88
14 30
5 40
33 56
23 47
40 85
18 44
20 69
38 68
3 15
51 63
18 98
40 58
0 19
69 94
42 64
82 90
37 96
73 85
18 72
56 93
43 88
14 93
5 61
17 86
14 70
3 39
51 79
28 57
11 45
7 41
77 82
24 74
28 67
2 25
10 68
57 86
11 85
50 65
24 62
65 77
7 85
46 50
18 91
47 54
47 49
1 36
39 57
11 71
27 93
56 94
20 36
53 93
17 75
11 76
8 75
48 96
0 11
52 81
34 53
72 96
17 25
23 48
37 70
5 62
38 74
38 63
71 94
0 3
19 33
38 81
60 81
15 83
36 85
22 53
31 82
35 97
8 63
33 55
80 87
60 88
15 47
65 93
20 33
7 74
18 40
59 88
17 45
6 20
34 46
53 81
6 45
67 81
9 65
12 97
76 96
21 69
40 41
34 87
12 46
68 74
18 45
36 66
47 99
52 62
20 43
13 27
19 64
24 28
71 78
67 88
70 89
9 14
2 16
39 88
17 46
56 76
22 43
38 90
3 95
15 28
18 88
29 39
14 97
2 9
61 99
55 96
5 25
4 13
65 84
7 75
5 32
8 38
1 85
12 96
15 77
26 75
23 25
44 85
3 11
18 95
35 74
44 45
20 64
93 99
30 78
64 72
8 12
74 97
1 67
27 91
21 96
0 68
12 92
27 64
60 90
46 89
23 75
56 86
13 23
45 48
27 54
29 65
14 52
40 97
15 59
14 66
17 63
71 92
5 10
36 58
76 94
39 87
28 56
52 70
22 47
62 86
13 50
56 66
84 86
10 15
18 50
51 88
13 75
21 94
8 46
25 43
25 76
15 51
29 54
63 92
34 96
51 82
45 60
77 85
51 62
35 65
13 58
15 32
62 63
29 80
3 17
12 94
63 86
48 77
19 38
66 96
63 98
25 59
37 84
33 64
2 97
15 49
40 57
48 56
4 58
4 22
71 84
38 99
21 90
55 62
17 39
49 91
62 97
14 72
70 84
69 87
60 73
60 71
7 50
33 63
48 75
78 86
45 98
36 41
3 7
5 75
16 46
44 94
3 74
12 54
44 52
7 84
30 82
39 75
10 88
8 39
14 43
2 21
41 68
54 84
65 72
2 89
60 75
2 40
48 73
41 49
12 73
12 62
26 43
63 64
85 97
21 43
38 78
46 55
25 63
9 81
27 68
33 36
6 38
51 73
28 79
11 95
74 91
12 75
34 43
8 72
60 67
26 54
9 44
38 83
38 64
40 69
25 53
32 51
65 79
58 85
70 97
2 23
80 90
23 66
63 73
59 95
68 78
72 93
25 66
18 30
87 97
40 52
8 81
26 52
34 36
20 82
32 87
30 76
30 51
14 19
31 39
59 62
55 71
54 82
4 25
20 34
33 35
5 92
2 62
7 10
46 52
11 50
17 92
73 94
15 64
66 85
74 99
32 67
11 63
15 98
74 94
49 95
30 95
13 18
22 27
35 56
32 52
62 68
14 40
54 69
60 87
31 35
18 46
60 91
39 47
2 82
4 77
84 94
6 88
30 85
32 70
39 49
81 89
46 87
15 68
30 56
1 49
32 50
30 96
26 38
20 56
82 98
4 52
10 35
62 99
60 94
54 91
12 20
33 89
8 64
45 53
77 93
70 94
3 88
6 97
56 82
0 17
25 51
39 80
40 73
10 14
20 31
83 98
16 97
57 61
17 94
75 87
10 25
47 53
2 28
2 71
78 82
11 59
25 33
21 89
6 51
33 76
11 19
21 47
1 91
55 67
58 98
26 91
24 34
36 95
48 63
16 55
26 76
27 36
86 93
24 53
23 52
3 18
33 37
30 79
31 57
47 74
1 60
17 41
50 88
27 87
54 90
9 32
12 71
6 7
5 95
0 32
64 79
38 48
50 85
16 47
22 74
21 33
43 59
11 16
18 33
5 16
35 63
46 95
36 55
33 78
33 97
40 66
21 55
40 94
19 71
81 84
6 29
4 23
55 59
5 56
45 90
62 71
14 92
15 18
11 44
26 36
21 23
65 95
34 72
74 84
27 74
0 67
73 98
23 53
9 31
12 86
3 42
36 87
15 87
47 50
19 41
3 10
58 90
61 84
34 76
0 84
5 42
79 83
6 27
36 82
9 95
70 77
11 48
22 30
51 98
2 11
20 26
49 99
36 51
82 96
15 38
39 94
77 87
12 85
47 65
49 57
34 60
72 76
47 78
23 55
54 80
5 11
43 65
59 86
28 82
87 91
10 37
10 61
16 87
31 38
54 66
37 72
5 9
59 84
32 45
32 74
10 98
2 64
22 23
5 50
10 53
40 75
85 96
57 79
33 43
23 27
10 23
77 95
33 86
13 55
2 68
0 50
1 14
21 83
58 61
84 95
77 92
38 62
78 79
46 88
50 86
16 17
1 24
2 14
24 89
3 26
18 83
30 55
11 24
54 60
19 21
89 94
56 62
57 74
25 31
6 50
1 42
55 91
53 63
76 93
4 62
65 75
78 92
29 91
7 67
2 54
34 82
53 60
79 82
44 57
24 60
44 56
29 64
43 87
77 91
91 92
49 53
83 86
46 94
20 60
26 79
61 85
16 22
20 25
12 53
26 30
6 71
2 45
33 45
20 86
22 64
4 8
43 55
14 79
15 29
28 71
33 62
43 45
71 98
19 34
65 88
13 90
58 96
13 14
13 71
5 64
13 21
26 46
20 93
37 90
56 97
12 93
19 82
42 46
25 56
53 98
0 98
36 43
21 64
10 34
47 91
46 80
31 85
19 96
29 53
17 54
3 56
8 66
40 51
21 98
7 55
50 97
4 84
7 73
80 91
66 84
37 53
51 87
38 92
40 95
1 44
35 67
51 89
26 69
56 83
44 89
10 38
4 68
16 94
66 69
11 65
39 70
81 96
3 69
33 75
30 99
54 64
33 80
45 64
6 15
83 96
15 57
38 73
0 94
43 58
72 74
29 76
38 44
73 91
66 94
13 31
41 66
46 99
12 58
52 54
10 11
7 54
16 60
27 57
9 47
67 86
66 71
50 99
33 74
63 81
54 56
18 20
16 64
62 91
16 58
