100
200
13 85
62 85
13 47
85 87
46 47
12 46
45 62
75 87
12 28
33 45
45 50
47 93
27 45
43 75
57 62
9 93
4 12
9 17
8 87
62 71
58 75
14 27
33 37
9 91
24 75
13 19
28 74
37 89
28 61
1 19
17 49
49 77
0 28
80 89
48 80
1 99
14 97
16 58
48 54
80 90
73 91
61 94
65 71
25 93
25 53
18 57
68 99
44 91
43 67
67 83
19 81
6 62
42 71
20 68
1 98
26 53
81 84
30 91
70 91
31 94
52 83
6 40
73 78
8 23
35 78
82 87
9 66
23 60
22 94
79 93
26 86
2 93
29 66
11 30
3 85
17 32
6 41
8 55
5 28
31 96
0 10
65 92
5 63
69 83
63 64
33 34
51 94
34 38
60 88
44 59
15 90
56 96
15 36
40 72
22 95
76 87
5 39
21 75
1 7
80 87
29 36
11 95
12 55
81 97
12 90
21 56
38 88
3 5
7 41
37 45
47 55
18 31
52 67
72 87
21 23
10 22
48 78
79 87
30 63
18 74
29 59
32 81
32 58
1 85
36 59
69 86
9 20
44 56
38 75
54 81
32 88
38 58
25 49
13 61
30 48
45 73
37 73
2 84
35 50
1 72
87 99
6 95
77 95
36 63
29 99
45 77
28 81
24 79
32 86
92 96
84 98
17 87
12 80
80 82
4 56
46 74
16 93
11 37
41 95
22 53
16 25
46 69
64 67
21 34
32 61
37 95
14 43
9 59
18 96
28 86
86 92
50 71
11 46
1 50
33 68
15 58
47 86
86 95
33 74
48 81
29 86
3 60
71 79
41 78
28 82
8 81
59 89
38 83
14 52
5 17
4 38
14 63
12 30
17 68
49 58
47 85
89 95
53 69
75 95
19 93
