200
1990
51 120
51 99
41 99
41 64
51 105
51 139
3 105
120 159
41 85
51 143
105 194
96 105
51 164
3 18
120 196
64 184
174 196
9 143
96 126
158 174
126 167
143 160
127 159
82 196
182 184
86 96
9 135
85 188
13 82
45 160
47 167
55 182
139 161
0 135
25 139
167 190
51 91
127 138
83 160
36 182
96 137
61 167
6 161
36 113
53 190
57 182
62 105
68 182
91 192
55 66
27 194
114 192
83 94
92 120
48 164
13 67
45 134
127 173
80 126
119 126
6 187
3 22
124 174
6 97
80 117
105 185
63 139
196 199
143 145
101 145
25 133
51 193
68 178
60 120
68 84
22 197
10 196
22 79
62 118
26 197
3 198
141 198
67 95
8 96
102 178
81 92
49 120
5 199
68 111
3 116
125 184
27 29
90 137
12 13
21 134
32 94
74 178
43 95
138 191
35 80
102 104
54 135
65 125
16 141
65 130
5 146
94 121
55 163
77 82
173 176
7 26
21 34
33 92
24 67
156 176
64 149
2 86
7 179
36 72
6 109
74 153
82 106
70 194
57 171
104 170
75 109
4 86
31 34
135 175
20 173
65 122
86 103
40 116
28 32
78 156
64 150
140 160
39 64
59 199
11 32
135 136
28 183
168 179
67 189
88 192
30 67
109 180
130 177
71 158
1 60
123 173
38 171
129 146
114 162
32 115
110 117
5 128
126 132
33 142
89 156
68 169
26 56
130 131
58 168
104 165
25 154
82 195
2 46
88 144
178 181
15 56
15 69
112 185
37 75
146 148
172 174
108 129
73 191
34 147
50 181
93 148
77 152
52 141
19 64
76 128
157 194
17 187
14 38
29 44
131 151
98 136
88 186
166 194
100 122
23 69
87 183
149 155
74 107
42 53
132 163
41 151
61 78
58 158
30 136
142 144
55 175
6 190
18 103
148 161
49 107
92 192
124 130
20 198
86 194
87 129
2 63
17 117
165 174
167 179
33 112
133 183
38 151
133 167
35 92
9 54
64 159
9 51
16 80
178 184
69 168
9 56
145 167
10 28
160 170
13 117
135 148
28 174
53 163
96 172
5 194
145 185
107 156
168 171
45 176
84 182
53 110
72 81
61 198
49 133
78 166
18 135
54 182
28 103
92 160
58 197
68 150
53 162
107 195
4 162
121 145
73 82
102 152
29 42
59 92
18 107
61 193
44 153
100 127
40 82
84 157
3 45
43 183
3 70
108 177
44 93
86 147
54 122
130 163
7 69
108 123
87 189
67 127
42 99
50 180
118 155
93 173
131 184
117 178
22 117
14 119
53 62
55 180
72 83
50 157
68 97
2 5
22 143
10 58
27 197
29 112
3 188
119 153
102 115
142 165
104 150
2 119
126 196
76 102
51 87
61 177
92 181
46 68
63 89
71 183
85 163
31 164
0 22
166 172
54 65
88 125
6 159
17 94
69 141
109 143
113 137
19 31
14 134
113 186
76 111
2 165
126 182
136 191
64 118
111 170
51 145
20 193
85 111
44 186
18 96
8 176
85 135
92 141
69 144
118 183
176 184
60 195
139 174
87 115
24 52
128 185
74 82
2 162
28 146
69 94
67 180
78 176
12 149
179 194
10 64
9 147
56 151
33 64
22 39
125 156
146 164
17 27
65 148
1 61
45 199
151 189
27 106
139 191
133 187
16 32
90 144
152 158
104 190
78 139
12 145
51 194
33 67
60 199
139 175
93 180
110 167
158 171
65 81
79 103
129 156
49 130
30 180
46 66
181 191
174 192
86 183
84 85
108 155
76 164
112 182
39 167
3 193
12 182
67 186
44 110
30 122
102 150
104 179
44 179
114 199
2 40
78 92
52 185
13 26
98 102
54 146
64 176
88 96
69 163
121 188
51 172
18 156
90 125
48 57
60 85
7 191
59 129
30 79
79 172
112 146
42 106
151 154
19 155
5 32
98 171
57 159
56 173
3 15
42 111
20 155
22 66
24 199
28 144
134 154
168 169
139 154
14 52
44 168
29 62
12 162
28 83
13 25
90 178
91 137
15 61
46 62
38 176
148 180
192 194
116 171
23 130
76 94
13 182
57 168
78 91
2 126
111 191
112 173
193 196
36 70
120 161
29 147
53 69
153 185
102 132
133 150
32 199
1 185
160 190
46 127
52 69
100 199
187 189
141 187
0 31
82 170
79 127
149 183
78 103
105 111
65 169
144 156
68 162
31 163
57 127
15 84
22 41
97 113
22 198
24 71
105 191
6 157
34 126
143 177
175 185
41 176
1 91
29 59
14 90
15 164
54 169
31 65
6 60
2 191
189 197
50 86
17 77
19 168
58 146
98 196
100 108
13 83
37 70
32 81
21 41
91 148
13 20
49 173
165 197
6 198
4 178
56 175
94 192
50 80
33 71
89 172
46 160
111 197
28 117
102 135
14 198
118 137
16 124
14 46
75 78
27 107
31 72
81 87
36 167
81 169
56 174
5 36
52 84
63 65
50 149
65 94
25 153
7 120
169 192
63 174
124 127
177 192
101 164
80 98
71 199
35 188
58 70
91 125
18 191
27 136
18 172
16 30
39 194
0 63
65 88
96 147
41 136
53 121
168 192
118 150
52 195
70 152
17 21
53 111
68 190
36 79
51 58
86 161
54 163
107 162
62 167
78 143
37 140
88 195
39 195
150 195
66 136
44 130
146 191
5 134
5 118
125 191
128 165
172 196
107 181
41 66
97 196
128 184
6 32
161 177
34 42
29 156
107 197
91 99
104 126
6 105
67 138
11 121
80 144
12 25
40 192
120 185
66 131
1 72
147 175
128 133
123 158
74 100
144 176
26 183
0 123
50 188
38 98
0 52
9 86
57 121
29 140
61 176
60 74
154 178
36 108
156 194
73 84
104 173
119 156
40 66
17 178
40 105
136 138
57 82
108 120
50 69
60 151
7 15
43 158
144 158
174 186
60 68
28 79
59 109
16 192
12 43
61 169
50 112
187 195
4 189
124 159
14 16
142 149
83 139
31 160
0 165
77 170
47 151
134 179
12 56
57 86
10 173
86 136
23 110
14 42
93 164
141 197
53 134
60 73
8 198
62 98
2 51
10 22
39 53
43 53
104 138
20 32
143 153
131 174
9 28
170 180
132 145
3 68
71 140
136 166
11 82
58 118
1 92
55 91
90 160
15 161
63 108
74 147
164 169
70 146
80 133
4 191
74 135
44 53
78 98
60 160
25 89
90 175
32 163
28 39
73 81
49 125
51 62
6 25
6 185
74 165
90 106
17 175
67 195
52 140
87 134
6 46
121 158
147 190
16 48
45 153
30 109
58 173
155 158
81 157
43 143
3 35
3 195
51 174
137 139
151 187
16 23
28 130
77 105
99 195
10 160
21 31
104 168
83 199
128 191
53 96
105 124
104 144
91 119
110 147
6 68
11 95
9 65
68 125
117 134
122 171
21 42
12 114
107 155
118 146
97 112
49 162
121 169
28 42
34 163
93 146
56 114
34 98
97 174
41 56
0 83
87 99
56 165
24 159
85 109
108 171
55 88
5 29
102 139
1 55
107 157
140 186
136 164
19 126
67 147
67 126
18 76
14 48
10 90
21 43
124 133
73 128
37 193
30 77
23 177
59 135
85 93
44 85
2 9
60 183
68 199
14 60
84 163
62 165
115 186
5 182
104 177
130 145
78 120
103 104
3 71
19 37
8 92
138 168
17 79
185 199
90 163
110 158
92 97
132 171
42 48
53 125
57 93
120 183
98 188
54 171
115 141
57 69
74 109
128 182
100 190
29 65
34 76
49 165
92 129
42 90
4 192
29 162
111 139
24 56
96 112
107 138
16 104
95 194
32 90
41 184
88 199
109 132
70 166
113 128
44 145
96 127
17 188
70 105
3 125
53 154
54 66
57 196
72 122
124 189
116 182
85 152
102 168
47 135
2 56
12 121
38 94
24 117
62 64
142 176
171 184
12 191
121 126
116 173
32 164
36 97
34 155
54 101
48 113
25 163
101 119
104 196
57 60
115 160
34 50
87 148
87 182
28 194
45 156
102 187
124 193
15 104
40 176
11 168
50 192
17 144
62 173
104 132
41 155
17 148
5 63
71 168
142 170
57 116
28 37
54 156
30 50
64 134
19 179
41 197
26 66
29 81
168 180
79 89
40 114
42 88
27 99
56 184
44 84
135 196
52 184
114 117
130 167
43 196
141 170
24 43
18 67
16 137
114 165
45 194
34 108
109 171
37 66
80 145
0 153
122 184
176 192
159 160
149 179
56 140
18 65
100 177
26 152
43 188
166 177
6 130
67 154
77 132
30 117
58 115
27 127
67 166
11 127
16 143
25 101
18 102
70 71
106 181
80 125
1 107
169 177
72 139
77 100
98 147
47 121
81 178
19 143
90 198
80 196
25 135
72 151
20 181
132 143
33 101
148 186
32 145
37 192
39 79
34 44
44 174
1 20
168 181
70 111
88 139
43 125
26 163
75 84
3 179
101 144
35 43
47 176
98 99
173 182
79 156
79 85
31 141
37 141
87 157
10 116
29 106
81 136
70 150
105 141
58 102
23 81
135 178
74 168
54 190
105 113
127 135
35 90
167 185
79 119
10 68
19 51
156 173
13 151
89 198
16 162
111 174
71 154
100 153
89 180
143 171
69 154
161 163
96 175
118 139
62 135
16 188
153 195
47 159
41 195
7 129
95 98
99 124
42 101
57 142
24 106
131 136
80 109
84 171
44 117
77 182
19 46
34 142
27 79
26 65
142 193
154 180
77 111
119 138
24 110
9 68
92 121
156 175
49 57
111 186
82 171
5 45
145 193
44 111
26 138
50 197
70 118
67 117
2 74
36 115
45 163
120 127
74 112
48 161
35 130
119 154
68 73
57 117
120 180
69 86
72 107
39 162
29 51
59 83
56 98
97 134
66 138
9 162
53 73
81 163
40 155
42 152
143 164
173 199
87 180
147 164
2 101
16 42
66 143
75 173
84 86
54 157
20 177
29 70
75 182
100 104
25 170
6 162
40 109
67 82
135 169
88 120
1 90
75 163
114 173
5 24
3 76
58 95
27 183
65 161
71 117
131 162
76 174
30 65
131 150
80 185
81 179
151 171
64 178
191 195
54 78
130 175
176 189
69 105
36 93
87 124
40 189
92 108
56 170
39 87
20 84
72 117
39 184
93 94
12 83
33 98
5 6
54 102
64 160
14 35
85 139
100 139
70 128
117 184
10 181
140 176
2 156
128 136
8 103
69 71
117 159
97 151
39 176
56 183
40 92
86 162
96 109
3 141
119 148
110 169
27 187
56 118
118 145
67 196
11 16
16 89
3 82
76 121
22 144
68 112
41 60
19 87
38 97
26 111
10 159
72 143
168 191
76 176
24 69
64 166
28 165
21 90
71 156
87 199
166 185
55 155
18 128
34 54
157 193
89 105
75 162
81 94
11 120
30 37
26 130
186 192
190 194
123 145
162 196
100 157
153 166
52 133
13 164
11 148
68 120
95 108
1 27
33 86
102 190
148 155
35 180
109 165
168 182
54 144
21 185
139 157
33 84
145 182
49 166
103 160
37 157
53 97
14 73
27 63
95 97
69 151
7 105
102 103
124 187
138 153
37 182
56 142
103 167
44 87
123 144
42 199
79 104
21 190
35 46
147 163
93 187
42 97
66 115
54 132
97 114
116 195
37 194
31 102
49 184
57 72
73 116
59 97
178 195
22 173
7 51
10 139
10 170
129 192
36 63
30 155
40 171
50 77
51 109
39 118
27 40
147 173
14 102
55 113
122 150
63 132
1 164
87 92
93 191
9 10
72 85
162 171
25 52
46 82
115 166
156 193
45 84
136 172
78 158
50 71
120 145
110 190
45 67
59 128
65 117
81 97
73 77
145 177
71 142
49 126
77 92
8 183
9 130
1 160
150 151
92 106
47 168
87 146
107 190
67 109
45 46
52 90
111 158
144 152
34 96
64 103
123 195
179 181
74 130
30 43
21 84
106 160
17 57
14 172
6 168
9 98
111 189
33 54
21 145
57 79
50 124
137 143
93 117
66 170
30 175
126 152
86 171
103 193
76 80
44 105
32 177
81 123
57 85
44 137
175 183
85 122
55 166
11 193
50 60
41 182
92 176
115 138
10 134
110 136
122 160
58 77
51 65
10 17
68 90
12 70
14 45
82 197
26 175
171 181
83 102
125 129
164 178
67 91
135 157
139 167
141 174
6 134
43 74
101 141
97 178
19 21
45 195
192 197
62 125
9 191
79 137
117 122
130 174
38 80
40 89
87 106
5 170
47 48
86 120
19 181
10 51
16 133
112 137
44 74
63 170
9 30
113 178
97 138
8 156
69 187
2 102
132 187
7 92
20 53
108 191
53 104
40 120
79 192
91 176
58 153
101 146
10 44
141 142
130 171
114 138
50 53
29 149
169 170
72 115
48 199
56 149
8 62
100 121
101 154
42 161
74 171
90 193
106 110
98 195
56 189
22 45
107 114
7 17
82 91
98 165
54 151
137 167
17 155
139 180
99 174
48 119
43 132
13 32
44 47
18 157
19 125
107 177
99 141
31 170
29 145
19 114
32 37
62 156
97 128
9 75
109 161
14 74
33 120
1 64
114 123
4 104
5 157
5 43
49 143
11 184
12 44
27 176
104 111
15 74
22 160
74 180
132 161
3 27
5 65
52 127
88 115
74 113
105 184
68 77
38 131
39 73
31 113
46 99
1 42
44 46
100 114
175 192
49 142
63 145
19 55
34 58
31 38
138 187
75 134
44 72
65 139
156 192
62 175
105 178
50 79
49 91
74 96
14 77
3 50
118 126
1 193
17 176
35 61
40 187
22 104
89 175
105 107
51 53
122 191
67 152
43 193
34 71
73 107
189 196
33 133
76 130
34 87
107 160
45 106
61 146
51 147
16 110
42 86
75 125
99 166
86 185
158 168
27 126
29 197
25 175
116 180
163 195
67 119
18 26
13 75
37 155
49 138
52 139
77 87
35 164
23 87
99 155
36 69
185 197
90 112
28 111
17 123
52 199
33 55
51 195
122 162
35 55
15 32
83 191
60 99
91 196
30 159
28 177
152 159
60 163
8 141
85 158
45 136
145 153
36 118
60 76
67 80
68 175
113 126
28 47
45 86
96 152
39 130
21 101
76 155
57 115
47 139
0 58
97 102
20 117
63 185
45 82
68 188
3 96
0 54
88 166
30 129
75 198
140 169
64 142
103 169
182 196
16 78
39 60
40 133
36 80
10 35
24 197
54 129
32 38
78 184
20 86
82 192
181 196
78 148
123 126
125 178
42 55
189 192
138 145
33 82
28 138
34 139
37 172
76 110
41 171
37 47
55 118
198 199
2 67
51 97
96 107
105 187
95 130
18 36
110 143
80 157
4 124
1 23
85 177
20 185
5 177
97 177
71 74
91 133
82 198
43 47
61 189
12 164
163 176
75 90
42 52
22 193
70 123
92 132
141 199
44 191
60 196
71 167
27 61
54 168
38 122
42 59
2 58
76 191
33 42
120 197
4 81
66 137
28 56
110 170
48 145
73 91
123 154
161 180
97 162
12 112
119 136
2 26
111 126
71 171
94 151
10 20
17 129
55 107
12 154
8 144
97 186
35 138
83 197
13 163
123 199
21 29
171 176
182 192
2 44
7 124
109 113
24 115
165 171
21 174
107 163
140 158
65 112
179 189
13 169
5 155
31 166
83 115
51 90
59 158
135 144
133 179
47 192
52 58
13 80
75 137
83 171
147 174
26 82
1 59
151 177
85 137
20 74
173 191
98 134
11 45
24 48
1 4
34 92
5 136
117 129
54 71
70 148
71 160
81 141
79 187
40 83
64 182
49 99
3 163
20 93
106 161
14 99
55 97
150 170
64 174
84 135
8 55
35 66
115 198
22 123
60 66
34 127
53 119
3 168
103 189
110 111
6 114
123 171
70 114
33 126
138 158
12 80
33 164
33 96
141 160
21 139
15 80
94 159
26 185
14 197
3 69
25 54
14 199
58 141
142 145
17 24
16 122
95 157
88 193
43 176
57 152
0 191
73 194
27 117
4 99
1 57
77 194
11 174
28 186
17 36
102 151
26 106
66 71
94 134
19 167
61 122
35 168
64 192
34 149
24 181
11 99
68 80
128 161
33 88
121 135
105 174
105 114
69 161
26 190
92 93
26 42
138 180
41 165
22 151
7 133
87 170
49 196
15 57
57 186
159 168
142 166
1 32
80 116
95 132
66 74
54 124
43 137
144 157
23 53
83 181
65 190
8 11
63 68
12 100
101 114
6 40
68 187
113 176
64 76
104 137
103 194
181 188
84 181
57 87
95 145
75 155
195 198
15 55
14 49
74 131
93 143
97 153
170 181
101 124
20 82
17 84
6 62
82 121
106 184
76 162
29 47
131 178
31 53
2 57
51 138
40 41
128 154
60 91
24 68
51 60
13 95
21 47
36 155
140 196
86 132
38 177
70 87
28 62
10 118
83 153
145 149
98 146
73 192
90 127
47 120
147 176
140 146
176 198
101 178
48 156
123 197
59 117
125 188
152 155
74 170
154 175
66 92
51 124
99 103
99 135
56 166
144 167
54 194
18 185
47 68
0 112
21 82
130 136
7 138
94 132
140 159
62 191
49 192
61 191
137 181
171 192
150 156
97 108
126 155
2 133
103 142
78 83
142 183
108 117
133 146
85 114
49 191
79 98
20 103
127 164
129 148
18 155
67 165
59 64
40 69
87 116
54 123
148 174
20 156
26 91
67 101
60 113
113 184
60 134
144 173
177 181
5 89
88 111
48 175
118 135
43 154
181 184
5 192
25 109
76 105
81 152
25 50
144 148
42 143
125 131
121 142
26 109
64 165
15 168
28 78
46 86
44 120
14 51
70 124
99 119
54 86
32 113
104 128
70 95
2 53
63 151
32 183
154 169
57 59
45 71
87 95
