200
9950
9 38
38 186
115 186
159 186
86 159
2 38
34 38
9 195
159 173
9 35
86 128
35 98
0 186
35 82
142 173
77 82
115 153
87 98
48 173
38 129
2 114
133 142
34 131
109 159
12 159
38 163
35 36
87 96
9 56
140 163
36 42
61 142
48 155
23 42
109 137
111 133
34 59
131 170
89 115
2 126
22 59
66 170
103 114
2 149
22 135
24 159
3 42
40 155
77 112
53 98
126 192
25 153
24 91
183 192
88 195
117 192
69 137
36 184
87 113
53 187
132 186
42 54
111 121
109 152
6 35
50 173
50 172
52 163
25 176
54 125
112 177
106 129
157 187
6 145
6 81
54 63
102 152
105 157
83 128
102 180
24 193
100 180
40 73
10 103
24 46
37 66
35 196
2 104
5 193
136 186
101 105
88 181
52 70
64 192
44 153
19 195
45 172
33 125
1 193
59 120
139 187
137 174
56 158
58 111
153 156
22 30
129 185
73 179
89 171
4 6
41 173
51 81
15 53
24 67
3 199
33 188
3 190
52 194
84 184
94 149
42 123
21 94
14 199
77 169
7 12
42 191
115 148
28 105
45 79
45 160
116 191
30 72
8 84
83 138
34 154
157 197
59 150
7 198
152 175
70 144
21 99
111 130
44 182
37 178
27 34
97 120
32 91
50 68
60 99
6 147
134 154
17 117
42 143
49 133
42 74
20 69
1 151
167 174
9 76
89 162
61 93
14 75
13 23
24 122
15 62
141 187
43 115
99 165
18 67
85 171
127 177
155 168
92 117
64 189
65 154
78 123
85 107
11 116
47 67
98 110
57 73
112 161
53 118
45 166
159 164
80 198
29 110
124 125
66 119
45 55
90 104
39 117
108 197
31 38
146 179
12 26
16 103
70 71
45 95
32 196
47 163
129 146
8 199
155 194
113 124
118 194
154 192
105 132
41 161
147 189
41 172
143 181
52 74
43 102
3 22
93 115
169 195
89 99
108 199
160 164
69 77
157 165
81 119
50 85
101 116
78 121
62 172
57 95
49 101
142 195
49 164
41 76
2 49
100 190
79 171
124 129
67 186
54 103
6 175
18 151
46 63
22 89
49 94
6 113
81 114
13 33
69 103
25 48
42 73
104 159
86 113
20 179
147 165
92 125
156 189
134 179
14 65
10 166
0 71
42 177
118 160
87 141
114 190
48 141
61 92
17 45
43 145
94 167
38 58
35 169
7 94
70 104
61 116
94 165
30 82
75 125
55 178
66 137
26 93
87 105
95 195
133 161
69 145
44 114
81 137
58 84
65 100
73 108
84 196
108 162
14 166
12 195
113 150
85 194
51 173
77 128
17 55
148 164
178 189
94 140
72 100
13 49
12 116
46 86
41 168
43 106
105 115
107 156
88 194
35 90
115 125
53 144
29 42
67 149
92 164
122 144
48 53
179 192
116 178
77 94
45 99
18 194
17 141
4 177
57 91
40 78
62 70
73 190
112 136
120 186
28 166
64 124
11 102
102 184
56 111
14 48
3 118
190 194
1 8
74 166
0 191
137 144
83 88
78 166
74 126
14 100
8 62
87 146
159 193
38 151
64 167
7 112
59 176
103 179
3 198
144 185
117 189
1 105
112 181
143 176
44 152
54 163
57 78
89 111
17 20
59 113
107 145
110 111
55 184
134 178
120 176
30 34
13 141
63 146
115 192
26 36
125 193
13 74
3 90
132 154
50 62
133 183
83 188
44 81
92 172
38 57
142 199
8 52
119 168
104 169
29 131
33 149
140 189
20 155
26 30
83 152
66 97
8 96
120 128
21 120
149 173
29 107
5 19
18 146
22 93
19 162
56 155
37 148
100 122
135 143
44 174
10 92
164 187
44 95
82 92
44 69
155 171
8 158
59 186
81 195
22 101
53 193
156 181
84 155
126 148
110 122
34 57
11 178
51 146
22 132
161 181
39 134
42 62
143 145
1 26
3 72
88 179
33 87
66 71
4 190
34 115
149 187
3 28
19 126
38 192
22 86
10 192
13 34
107 194
83 87
6 96
9 39
76 153
87 160
25 169
43 69
74 196
11 22
84 159
33 65
25 143
127 142
19 86
71 123
17 188
71 193
132 138
36 119
72 136
10 18
101 190
108 111
78 178
64 147
8 183
28 141
31 133
3 133
56 59
35 100
13 146
38 47
42 152
82 177
69 100
101 119
53 169
41 159
114 168
13 137
34 69
83 145
18 132
21 40
95 147
97 199
127 138
58 128
85 134
16 131
140 173
94 162
91 116
18 31
86 162
52 83
154 159
102 163
141 156
71 113
38 124
25 157
13 185
29 38
31 75
96 143
86 105
102 128
67 162
24 59
10 34
9 85
5 101
6 16
132 184
157 180
27 181
133 186
75 112
123 193
84 87
3 101
15 113
137 158
190 192
94 106
50 141
113 123
121 142
138 163
86 148
116 163
33 56
95 184
46 183
80 137
18 62
97 176
82 157
90 101
130 199
56 178
112 199
93 195
40 103
13 129
118 149
136 154
86 166
1 51
93 150
79 103
4 105
51 58
147 159
168 187
44 172
89 179
167 190
111 148
100 177
25 170
78 129
18 37
88 163
45 144
2 178
42 116
51 194
12 135
1 170
186 194
4 43
74 118
57 128
55 168
7 35
29 143
68 125
104 177
16 43
131 151
3 157
77 89
16 121
7 64
36 84
48 198
49 137
50 64
8 61
64 116
147 193
62 99
10 68
35 132
102 193
15 110
166 196
5 67
16 68
84 150
17 135
48 147
80 110
109 142
107 180
39 174
29 196
114 132
57 179
38 157
14 158
15 157
67 191
158 181
63 166
157 195
28 108
91 199
95 132
47 160
25 175
2 22
54 105
175 177
39 91
60 93
36 179
7 196
127 183
121 157
55 76
79 192
28 137
37 84
70 150
9 54
61 197
72 125
119 159
29 169
27 36
20 105
108 151
14 188
30 164
44 123
10 15
80 180
27 175
16 194
176 184
152 172
45 47
85 97
135 137
8 143
78 192
36 62
4 181
108 196
166 191
26 99
48 160
158 183
105 108
11 137
94 132
83 176
105 131
114 189
16 30
79 86
113 118
179 195
69 87
34 197
3 193
59 188
39 100
79 127
99 114
24 103
30 48
1 97
140 197
163 195
55 183
46 88
45 198
37 119
13 134
162 178
57 146
92 197
56 182
18 76
40 90
140 158
103 193
0 108
100 115
4 114
6 107
28 55
122 160
122 162
3 125
111 175
65 133
48 182
130 174
115 152
127 168
126 144
97 125
76 174
19 118
10 82
111 125
0 177
85 117
25 37
26 113
83 147
51 134
47 85
60 134
23 171
45 58
77 176
67 100
58 127
65 155
108 193
121 137
142 159
12 190
70 132
4 164
74 75
70 98
148 162
84 85
17 124
107 152
59 137
126 164
36 96
105 106
116 152
77 186
83 154
43 73
3 180
90 149
69 177
10 143
93 116
7 57
46 79
117 172
51 150
49 160
72 104
88 166
64 194
103 147
134 196
115 161
95 143
74 98
157 196
117 140
109 157
58 67
76 171
21 151
33 101
113 142
70 137
106 111
9 86
42 167
24 198
12 75
168 192
9 140
35 106
5 81
32 48
48 135
49 145
6 119
39 49
86 181
165 177
36 48
112 129
81 106
147 156
16 142
4 79
96 133
62 144
15 71
0 35
47 81
46 122
23 83
1 140
137 198
156 183
6 152
110 134
66 122
70 196
32 146
5 139
120 187
48 165
111 198
151 177
105 150
158 168
96 105
160 185
87 171
103 154
171 193
106 143
71 117
22 87
40 95
29 156
77 189
62 119
106 128
108 126
7 166
59 119
71 120
46 94
124 158
168 180
31 35
3 84
118 176
124 172
8 80
45 149
5 17
91 109
75 87
4 132
115 120
101 173
67 89
48 118
39 87
25 199
78 114
19 83
33 116
95 105
2 157
13 193
121 131
32 190
136 156
17 172
12 59
134 173
66 107
89 164
102 122
114 129
99 123
156 191
91 158
21 59
63 111
53 176
176 197
128 152
94 111
117 191
58 91
47 107
66 150
95 140
96 115
73 113
88 167
156 195
156 163
0 13
27 88
26 138
58 167
177 182
68 116
136 184
65 93
6 115
8 38
1 150
139 140
11 118
44 97
110 118
91 99
13 16
80 123
0 110
192 195
52 117
165 191
77 171
113 196
119 132
61 168
93 153
21 140
69 152
0 194
33 193
11 90
20 104
126 188
143 175
130 142
70 122
84 176
142 184
6 88
27 70
124 138
70 94
82 148
58 189
86 99
137 177
19 54
58 187
67 103
33 35
13 142
65 171
151 183
61 181
48 88
109 153
35 103
91 196
33 98
83 117
109 182
97 121
12 163
27 69
65 141
31 191
9 161
105 130
160 172
112 114
47 156
110 164
106 122
146 151
102 178
16 24
30 79
83 135
64 112
10 117
122 181
39 171
79 106
38 97
128 199
51 61
8 86
0 22
36 106
165 181
43 163
2 101
133 135
7 47
46 186
115 150
67 104
5 153
157 184
45 176
59 64
151 171
31 51
177 190
56 81
52 178
51 133
8 21
189 198
42 146
19 67
2 113
17 87
49 155
29 87
81 189
10 84
24 135
39 53
61 106
29 104
99 147
171 199
193 195
11 173
4 52
9 31
59 116
73 76
167 179
63 134
125 184
69 163
55 188
94 131
10 39
29 145
32 101
82 195
119 167
123 178
19 114
113 171
27 171
63 168
120 138
65 166
91 108
40 87
11 93
41 197
12 64
117 196
100 136
87 168
24 83
134 139
5 107
10 119
15 152
4 119
43 61
119 147
21 194
37 54
30 83
7 68
109 136
149 188
14 44
78 164
87 121
136 148
27 158
121 169
9 174
3 136
74 165
12 76
164 196
3 164
131 174
26 145
44 85
82 194
94 155
9 169
39 63
25 195
115 198
39 40
74 160
43 157
2 16
103 196
149 161
5 14
129 167
137 162
5 56
11 121
6 17
64 165
31 61
123 137
117 186
7 97
86 122
128 142
50 122
104 128
41 99
184 199
100 199
130 179
12 44
107 127
22 84
104 105
109 151
97 161
15 56
49 195
51 107
28 168
71 151
38 110
53 129
122 186
15 73
3 35
36 132
48 101
178 197
67 174
46 125
58 174
197 199
18 34
132 157
49 177
119 146
77 132
42 171
135 169
42 141
21 147
48 112
33 108
13 171
33 145
17 133
28 65
75 100
153 195
30 74
165 184
112 142
45 169
152 192
19 81
42 108
98 138
3 143
104 158
68 98
95 118
20 116
154 166
102 146
30 189
103 105
34 109
3 179
20 33
65 89
147 151
72 149
3 49
36 115
16 155
92 192
90 106
88 199
60 166
3 182
60 136
38 115
66 69
47 169
25 73
23 28
33 94
63 65
24 106
109 128
73 167
139 181
152 159
82 178
44 99
144 152
104 117
53 124
50 163
94 135
76 189
41 98
43 142
144 181
86 89
42 133
10 199
8 175
14 169
44 117
61 162
71 132
12 156
46 85
8 104
83 182
104 130
133 139
129 164
14 144
73 159
22 113
125 157
4 34
150 156
22 126
33 184
7 153
19 95
99 167
72 98
31 167
4 44
61 177
95 169
47 130
143 168
53 84
72 92
58 125
3 168
80 127
154 183
139 148
3 89
90 138
73 118
123 189
78 143
44 155
166 173
95 137
33 90
123 170
171 191
52 176
65 71
9 107
19 184
29 150
118 169
42 115
7 102
44 162
53 97
172 174
95 96
28 172
113 117
138 190
56 92
23 153
36 137
92 153
99 166
46 145
53 68
130 178
7 106
2 129
118 181
12 51
27 151
107 193
4 162
32 148
122 178
15 87
60 171
56 125
28 186
54 184
78 163
74 87
141 178
34 170
152 177
104 135
62 93
14 128
30 172
5 28
150 154
36 63
17 76
52 139
36 100
77 111
58 163
28 165
127 151
12 191
18 48
174 197
46 159
30 35
28 36
110 114
26 131
58 87
23 191
29 115
1 171
129 190
57 87
48 174
8 148
7 129
108 138
30 134
37 49
89 158
36 141
109 156
61 179
124 178
155 163
60 67
42 51
125 190
58 113
58 123
45 137
3 145
102 154
45 157
14 79
134 155
49 176
91 177
81 152
127 163
136 161
64 187
1 185
163 165
125 131
10 122
31 187
71 111
65 127
177 186
29 47
23 39
28 51
67 155
82 120
2 188
71 129
75 161
1 107
69 85
1 63
44 138
26 50
113 120
27 143
107 157
104 113
3 119
66 128
6 19
52 189
130 167
132 151
47 176
89 165
10 11
42 112
87 159
48 192
58 195
31 134
85 174
6 37
118 137
34 52
31 142
100 141
94 130
16 108
82 185
91 137
4 154
36 147
57 107
145 192
30 67
21 63
2 155
48 77
48 116
89 120
41 121
19 82
39 69
42 76
2 135
62 131
71 101
10 139
78 156
59 130
11 18
62 186
14 163
79 154
10 47
158 186
57 119
94 108
18 136
49 58
23 186
63 73
12 81
11 103
47 164
18 178
101 127
45 199
89 197
31 124
6 7
58 198
55 157
86 144
15 106
60 68
105 139
30 120
31 125
70 111
56 191
54 151
35 65
47 183
86 171
29 101
104 115
52 55
94 114
30 171
106 175
108 165
38 54
79 114
34 134
55 81
88 127
66 136
20 133
53 120
85 142
73 192
60 140
106 157
3 158
27 159
7 78
41 87
111 195
41 164
73 155
23 127
131 173
17 121
13 197
114 181
141 158
43 197
176 189
86 118
140 154
68 153
132 145
48 136
34 105
125 175
79 90
54 193
106 109
23 63
125 186
106 163
118 138
83 142
80 166
108 184
12 193
33 126
61 147
69 122
27 72
40 187
62 170
10 175
85 87
0 193
175 191
26 118
63 159
150 183
58 98
183 197
111 194
44 146
3 177
52 172
166 168
108 172
49 130
75 91
29 181
82 95
34 72
47 84
82 90
93 145
69 171
125 164
19 182
175 198
81 138
54 152
40 46
16 177
87 91
8 134
123 156
103 107
82 151
121 171
135 165
183 187
124 188
60 123
52 61
29 137
106 153
104 107
86 157
71 90
130 137
43 100
24 79
128 193
146 176
56 139
50 94
40 63
75 181
39 166
96 99
39 55
38 40
117 163
126 197
35 72
86 182
1 121
13 35
32 117
117 190
18 93
93 161
33 142
164 188
7 130
83 153
70 90
103 121
110 131
116 139
77 142
135 168
90 189
38 77
121 152
152 186
5 178
16 135
105 180
84 109
9 15
48 152
126 141
83 149
15 162
51 87
6 59
96 172
43 109
25 122
34 194
116 135
107 198
2 139
102 140
20 177
19 199
91 133
14 187
66 144
55 174
39 183
158 173
68 151
19 102
116 132
53 140
114 169
38 120
156 188
111 196
101 185
12 134
144 197
126 176
145 176
17 132
6 68
105 145
3 127
75 105
8 198
2 45
48 59
67 198
122 190
7 99
19 106
143 155
124 181
40 70
58 70
108 195
98 111
51 55
76 196
53 77
19 87
2 131
39 142
90 133
16 87
40 153
53 108
19 174
4 59
15 133
94 142
31 65
21 24
54 114
28 45
80 196
50 179
15 190
74 193
179 184
4 117
101 140
16 89
52 82
69 128
12 162
37 135
56 149
142 146
73 182
68 69
162 180
49 85
24 119
156 174
50 155
134 192
38 100
104 195
89 127
78 187
6 123
152 187
18 135
76 88
186 188
100 188
50 91
131 186
0 45
8 123
160 198
3 97
145 184
33 46
34 116
59 198
21 136
146 187
64 74
3 114
44 89
128 150
67 151
82 94
71 142
53 119
173 184
113 175
50 79
10 134
137 138
16 45
84 154
46 90
133 168
172 177
64 182
99 139
100 148
21 180
33 110
42 186
53 154
134 168
44 145
3 8
178 179
48 193
40 161
9 193
120 134
25 186
116 118
23 126
143 164
0 77
37 179
36 174
117 164
49 80
166 184
58 194
48 148
98 100
55 105
131 165
119 165
63 92
37 187
53 79
34 53
12 141
26 82
13 51
61 172
0 105
51 114
27 163
18 24
139 166
14 150
166 177
2 150
34 189
68 76
7 50
125 134
148 167
20 32
76 101
37 134
40 163
46 132
107 146
122 128
116 148
2 97
122 165
83 125
150 169
105 140
23 93
31 70
27 192
54 108
67 175
134 187
77 119
34 136
48 172
188 190
20 91
34 85
17 34
85 93
29 92
76 166
89 122
76 128
142 161
32 120
96 120
2 86
68 164
14 21
33 86
54 123
25 163
128 173
60 144
9 12
42 103
50 77
32 111
55 177
67 82
186 190
14 168
119 123
60 153
111 187
74 182
151 158
97 193
87 90
112 174
105 187
19 36
31 132
88 110
113 159
56 168
137 169
96 117
90 165
70 167
115 193
140 191
97 133
47 119
18 25
23 60
83 99
101 168
41 55
181 194
106 184
12 47
177 180
61 154
7 147
27 51
141 177
161 167
30 113
101 112
51 188
48 130
3 108
83 179
41 108
134 159
66 148
85 103
11 68
67 195
116 187
130 192
74 100
49 171
59 132
40 94
1 115
87 177
64 136
119 190
12 30
49 170
51 156
20 123
21 85
33 122
19 105
1 180
33 120
35 121
51 93
4 25
45 159
45 69
81 165
64 67
143 193
65 116
18 100
40 152
137 184
24 114
98 159
6 15
6 83
23 82
127 179
90 191
28 88
58 172
60 183
25 179
9 139
29 94
32 140
110 115
59 167
42 169
16 192
46 81
117 178
51 70
70 161
2 7
88 120
32 49
22 172
28 43
35 69
54 199
1 74
156 166
87 106
4 47
8 36
9 183
31 94
57 90
60 135
23 199
101 156
94 156
27 57
23 183
38 174
30 162
162 167
79 156
76 177
54 106
37 52
91 118
51 99
18 141
56 172
50 198
130 156
36 99
80 125
4 98
88 142
80 151
33 139
15 48
115 159
33 135
1 38
123 198
18 119
154 160
89 109
4 143
101 143
125 163
59 62
173 188
6 51
16 180
125 196
115 184
67 97
64 146
20 37
49 125
1 14
16 42
39 99
150 174
17 113
111 126
123 185
4 89
83 168
62 164
51 178
56 87
63 187
137 179
22 191
86 184
69 89
8 31
74 79
121 133
137 159
2 183
77 122
54 132
109 143
20 146
81 179
100 158
39 75
71 174
97 148
15 163
28 147
56 79
56 106
40 127
67 145
37 115
78 154
98 126
72 185
64 93
7 109
58 108
163 177
86 155
50 104
12 85
138 188
106 173
37 116
89 167
21 198
28 97
102 104
54 162
128 197
33 150
133 140
87 104
130 138
68 194
99 171
12 128
84 118
21 130
158 163
19 41
106 150
28 49
31 45
109 198
2 156
14 90
34 126
139 190
99 137
46 53
136 191
18 42
35 151
150 162
13 21
29 39
17 127
63 138
183 195
83 120
36 68
131 158
128 172
78 127
36 152
3 100
194 198
156 194
57 145
20 55
89 102
15 83
119 199
61 193
49 86
139 144
25 58
110 127
22 71
111 191
73 189
87 119
176 183
71 191
55 95
31 154
24 115
131 195
148 154
25 187
5 182
71 121
7 171
46 120
61 87
22 168
139 192
0 137
54 182
143 171
108 194
5 31
175 184
62 132
49 142
47 48
114 161
172 193
28 190
6 43
52 128
94 175
15 58
141 195
10 96
23 103
16 129
29 135
9 152
91 101
69 125
11 12
38 52
144 194
1 15
24 44
25 140
32 162
90 103
80 164
49 124
144 170
64 170
89 154
75 140
43 122
8 180
29 160
178 198
153 177
2 42
4 67
160 191
26 83
54 95
70 108
27 98
31 69
1 125
118 199
29 126
110 158
86 115
15 74
12 113
10 155
32 151
142 185
78 89
39 154
66 77
26 134
33 180
141 189
8 71
100 120
134 156
48 93
22 140
108 113
101 113
9 194
4 50
138 199
79 167
66 176
39 58
7 39
62 103
9 62
88 197
58 78
8 101
163 181
1 95
63 104
110 130
67 102
2 71
37 165
29 97
118 161
96 171
119 149
104 125
152 191
13 180
145 197
150 187
13 15
3 58
2 120
141 146
40 179
75 78
147 152
123 176
145 193
39 74
80 148
94 179
137 160
68 132
62 147
18 170
41 95
31 90
60 91
146 159
58 166
53 92
101 107
29 119
1 158
34 158
19 122
14 58
43 127
39 81
116 126
50 110
26 74
56 126
8 177
94 173
137 148
51 190
86 103
33 83
5 45
120 144
33 148
71 144
35 163
6 110
103 123
137 178
11 152
130 181
46 131
25 106
19 70
136 164
63 199
63 186
42 198
26 136
69 98
63 69
14 96
123 179
59 125
127 133
40 158
0 33
43 170
33 106
61 155
178 184
49 141
15 115
138 193
5 152
99 142
4 33
62 82
157 177
33 163
104 182
0 144
161 195
3 87
36 56
89 143
124 148
26 37
26 28
30 49
55 131
38 117
115 164
182 188
43 189
85 144
48 180
100 112
50 78
131 134
12 102
115 180
44 198
155 180
127 136
56 138
64 179
90 92
138 182
61 102
8 83
61 191
74 161
44 129
63 76
33 73
134 189
3 59
62 168
66 178
52 181
40 52
4 87
26 125
32 176
24 192
151 197
25 120
4 172
134 160
89 129
126 143
126 137
170 183
8 162
117 143
25 64
67 80
20 163
85 126
10 129
18 90
72 150
82 135
116 136
103 136
29 187
4 145
28 140
27 83
41 117
5 99
52 62
48 76
43 75
49 118
19 30
5 105
46 96
106 197
15 55
159 194
65 147
16 46
23 54
45 179
48 197
2 37
28 174
26 130
98 112
63 193
173 191
45 48
156 160
80 84
70 177
93 107
12 32
89 184
15 130
73 126
7 77
78 144
108 142
132 169
65 67
37 98
96 161
152 158
95 155
31 152
163 190
50 184
20 103
89 95
54 65
7 149
72 127
161 191
113 184
23 117
21 162
76 136
27 59
20 148
9 49
166 187
28 85
21 50
14 26
46 102
64 144
100 132
75 147
63 121
62 71
12 57
23 95
161 173
27 144
134 146
141 198
23 130
123 196
6 69
83 89
70 95
51 82
78 124
14 78
75 191
123 157
194 199
185 198
57 102
3 95
91 160
6 84
45 104
97 113
173 193
66 189
53 63
110 181
53 78
37 140
10 65
69 123
122 125
10 67
10 131
78 190
11 160
29 144
81 161
101 117
154 198
5 162
156 157
48 106
118 191
173 180
85 155
93 119
27 115
57 132
8 130
156 176
143 185
111 188
12 175
64 133
150 152
12 198
78 188
4 55
26 193
153 185
137 141
108 173
84 105
112 162
136 196
96 112
81 144
122 127
170 188
11 61
129 160
37 197
29 109
134 166
71 83
57 171
79 178
110 156
81 148
139 165
110 159
130 146
40 110
37 93
166 170
196 198
58 192
55 133
160 168
116 128
11 77
167 175
157 175
63 94
34 43
102 177
73 119
38 137
67 119
0 190
35 61
120 160
107 151
56 130
8 102
35 154
23 98
31 44
86 129
104 145
42 113
52 93
55 151
10 162
137 150
104 188
89 112
142 193
97 194
91 144
63 66
17 159
42 80
78 174
39 71
65 144
104 156
93 149
58 169
31 189
6 168
84 96
65 132
57 93
59 121
36 156
4 195
79 159
103 111
63 195
44 107
62 153
84 117
43 166
123 145
92 113
187 188
20 189
78 169
85 147
71 170
44 192
94 170
181 185
77 81
151 190
73 125
1 191
7 164
136 180
10 176
86 189
32 74
80 138
89 180
60 125
55 66
36 155
85 106
136 167
32 40
115 138
6 41
20 130
68 196
26 85
55 88
136 145
56 164
40 159
8 188
2 19
78 183
20 196
101 197
2 137
50 160
18 159
93 199
127 159
40 137
10 110
191 197
99 138
45 114
48 178
57 159
69 142
21 38
32 54
118 178
104 136
23 129
73 99
10 190
49 175
89 132
41 70
112 147
7 100
7 114
48 83
90 192
147 155
142 198
7 115
76 82
71 183
168 183
52 87
177 194
142 189
75 84
75 166
25 129
122 137
151 168
25 145
24 77
36 97
106 178
91 155
36 150
98 131
86 135
74 168
7 152
137 176
1 137
11 76
18 98
168 179
24 174
2 36
53 72
27 35
59 149
75 121
47 56
39 65
52 100
90 131
72 88
60 113
102 169
8 13
129 187
19 74
29 199
40 196
23 178
64 100
44 156
102 113
42 81
77 152
35 86
63 72
8 153
68 181
61 82
38 68
75 83
113 137
127 191
1 177
30 59
146 196
23 193
75 172
111 138
124 166
164 172
115 135
70 115
107 195
5 165
15 158
10 23
25 156
34 164
30 90
26 121
21 169
75 192
42 130
112 190
10 182
110 154
94 117
56 74
19 143
52 71
1 93
1 92
73 87
14 104
45 59
52 148
132 146
61 143
3 78
77 99
32 99
37 50
87 169
82 93
16 172
24 71
15 143
76 90
36 81
5 70
17 163
23 26
39 156
23 128
95 157
90 166
72 86
6 171
32 159
110 196
17 151
35 85
61 96
92 139
20 93
34 176
45 83
80 131
171 194
52 157
81 160
6 106
38 197
180 185
78 162
98 199
132 137
53 184
186 199
47 109
60 184
54 126
27 136
24 124
81 123
50 76
140 175
170 198
107 173
63 161
62 80
56 80
24 187
13 52
57 157
14 112
55 120
7 124
65 95
124 142
103 178
78 142
120 193
63 79
152 167
69 141
84 170
34 124
70 172
94 127
41 96
0 183
84 111
75 183
12 58
1 197
103 110
91 159
65 146
83 190
18 197
22 195
22 166
6 167
32 171
123 182
9 34
158 171
70 81
95 164
10 56
10 135
56 70
9 44
145 151
126 155
43 63
125 167
92 163
22 94
13 144
4 196
34 125
57 82
26 197
18 188
175 188
94 112
42 174
150 160
163 191
131 179
77 105
0 25
20 184
76 92
104 152
129 178
137 166
84 104
48 176
45 116
28 74
150 193
95 179
145 165
41 91
106 193
12 99
63 164
7 131
77 180
100 198
27 148
70 155
67 118
34 108
31 192
11 192
11 53
94 197
11 150
114 174
21 34
47 189
11 196
152 153
57 174
20 169
55 135
78 90
6 182
22 36
84 177
28 179
2 6
58 83
7 190
187 194
95 134
33 175
52 118
90 110
125 129
38 168
36 126
152 194
99 117
50 66
98 137
55 182
55 167
50 134
18 45
127 165
36 102
12 182
21 117
82 132
16 139
6 73
158 176
97 101
64 184
67 188
24 189
36 143
8 157
106 166
72 154
29 102
27 41
9 41
76 116
162 187
150 165
27 38
15 184
113 135
151 153
66 95
48 50
173 199
73 100
84 161
58 69
101 186
55 124
24 85
24 139
97 149
56 58
84 110
106 179
48 81
14 140
24 38
51 162
3 130
138 179
50 192
39 150
115 163
39 116
70 163
11 48
96 146
27 76
45 96
75 76
86 88
17 177
91 104
80 132
108 136
33 82
25 124
9 148
76 145
52 150
120 178
147 161
78 168
21 86
38 152
188 194
72 108
109 172
6 27
65 173
143 192
173 182
12 161
108 128
85 99
118 143
16 79
51 174
24 120
98 152
111 142
5 13
113 145
13 77
126 161
73 151
62 116
26 48
11 143
150 195
134 161
59 185
4 11
66 171
28 34
32 198
54 121
136 157
122 170
30 31
43 143
12 118
0 42
63 74
13 103
22 150
15 17
46 171
154 196
8 64
1 133
77 125
5 189
0 86
12 27
20 58
14 141
171 195
42 105
18 50
40 183
102 130
3 117
49 84
150 159
103 195
113 129
21 27
25 116
137 197
23 102
7 90
53 133
98 176
44 181
129 182
5 85
91 98
10 111
126 199
68 137
110 128
75 95
87 189
112 180
14 175
4 136
72 74
81 136
19 135
21 93
17 122
89 105
15 119
80 126
31 109
10 183
1 55
51 167
20 81
95 110
0 131
157 178
26 63
1 188
132 174
62 143
68 71
32 124
2 39
7 103
52 147
79 107
82 136
144 164
55 130
5 20
59 144
94 125
42 159
0 93
15 191
39 51
78 134
76 180
27 105
120 157
27 97
105 137
12 48
106 115
91 102
1 101
85 187
45 170
0 89
53 86
10 151
17 71
51 76
135 171
142 153
117 145
46 134
83 94
103 125
79 166
37 149
83 166
24 69
9 131
44 72
76 154
92 159
9 17
58 160
9 66
23 89
44 88
52 184
137 188
146 158
68 120
104 140
91 147
25 62
4 148
35 96
20 193
115 189
23 196
12 31
20 52
33 129
154 162
74 173
109 114
47 58
26 185
137 186
121 181
6 164
42 98
4 85
57 118
191 195
188 193
1 76
31 197
73 80
43 74
0 46
35 187
67 142
93 139
79 104
150 176
93 101
0 88
1 102
126 135
29 83
111 146
13 115
133 178
25 152
24 93
57 162
191 199
13 165
53 148
102 120
90 163
24 155
3 123
19 132
17 79
74 187
78 133
117 123
72 176
79 164
74 127
144 198
39 62
82 113
116 143
24 36
73 165
37 129
118 180
77 90
54 101
128 195
33 138
70 179
87 101
149 196
114 154
34 48
34 162
143 183
135 159
87 111
125 197
29 140
45 132
185 191
77 177
44 58
38 95
1 175
5 103
47 188
18 124
122 151
19 85
44 51
95 99
139 173
48 138
30 84
47 95
113 164
22 157
118 175
148 199
25 83
84 131
86 139
6 32
67 93
2 124
59 91
80 134
33 60
21 138
72 116
23 41
43 94
50 145
172 199
28 118
50 133
106 169
58 116
86 116
14 176
9 151
53 88
169 197
97 197
9 83
27 58
6 12
128 143
10 41
99 196
3 60
57 86
117 121
189 194
77 120
84 92
92 121
37 65
135 161
4 14
70 134
64 79
36 61
162 196
59 158
14 124
101 171
33 192
48 186
99 156
0 31
44 147
69 139
105 152
9 92
70 159
10 115
55 103
57 89
85 127
34 169
50 123
131 189
6 133
44 76
76 149
64 169
50 60
88 153
13 161
112 192
0 138
57 115
84 113
8 168
29 174
43 144
129 148
87 162
109 155
7 89
93 193
13 41
77 141
14 24
76 77
62 195
18 77
44 49
48 104
40 132
20 191
24 72
105 182
2 77
7 60
21 113
62 111
20 122
106 189
158 190
54 56
49 104
15 170
126 130
67 95
44 141
164 180
98 99
78 101
19 183
115 173
88 104
130 141
99 168
52 68
17 84
57 173
112 184
120 181
170 190
26 176
65 108
138 146
80 101
31 102
46 187
24 132
86 126
5 15
41 147
55 99
58 157
15 24
35 178
83 193
170 172
100 110
3 189
18 190
63 129
16 60
5 65
11 101
42 82
68 82
1 6
37 156
95 173
81 156
83 144
167 197
87 183
73 168
129 144
71 96
111 147
69 179
119 131
89 140
34 166
29 188
144 155
8 112
151 185
119 174
100 102
73 183
39 196
12 25
170 196
76 106
124 144
95 193
46 60
84 183
69 114
79 137
180 190
14 67
50 196
46 147
28 32
54 170
15 67
171 190
89 195
26 139
18 40
24 153
11 33
12 46
11 109
24 163
116 146
105 170
166 174
59 168
148 177
95 122
177 179
0 78
101 179
50 72
30 93
94 147
129 171
73 94
15 189
43 48
63 108
67 85
152 184
52 133
45 72
78 102
152 189
47 82
17 109
121 167
23 33
26 108
83 198
17 47
34 113
40 118
106 149
90 100
99 174
75 131
48 80
54 178
3 30
43 110
35 179
78 95
110 149
103 115
43 184
164 170
2 118
98 162
37 41
30 61
92 94
6 91
37 103
15 52
48 115
110 188
17 167
117 173
56 68
84 97
41 43
97 128
2 182
55 78
84 123
31 199
13 66
177 181
100 127
20 110
98 192
39 135
93 147
5 126
140 181
86 198
57 137
70 79
23 172
8 51
160 165
66 118
68 150
76 85
14 152
104 162
27 100
41 185
92 127
15 49
195 196
59 178
22 123
15 137
140 167
54 109
97 132
44 140
76 161
94 110
115 196
44 136
82 122
74 81
99 124
119 185
77 136
64 142
19 21
59 159
60 75
112 149
71 162
23 47
70 168
85 98
79 140
11 126
149 153
118 174
122 124
7 111
41 127
92 152
24 108
51 148
192 194
56 183
17 26
12 37
19 46
68 96
35 67
180 194
43 123
29 116
46 163
102 145
36 69
56 64
16 81
38 185
94 101
37 76
25 41
11 134
17 37
93 179
142 171
121 184
125 138
142 191
56 143
126 131
131 169
78 172
30 103
104 194
71 89
153 182
51 108
133 185
149 193
25 95
3 53
98 197
14 126
127 156
111 151
20 47
2 112
33 160
81 85
40 195
8 126
47 73
12 133
25 142
13 71
119 198
128 132
54 119
88 177
121 143
67 98
121 193
174 192
6 54
36 173
37 42
50 187
91 92
132 147
77 91
138 152
14 178
28 184
36 74
45 123
77 97
129 156
1 195
130 177
73 131
97 134
44 122
11 52
65 119
24 186
48 91
109 199
50 69
141 185
17 153
47 126
138 184
11 107
28 133
4 140
37 86
34 81
4 45
31 43
4 150
167 182
79 160
22 152
167 178
133 143
36 157
113 126
38 48
157 182
40 41
28 102
103 177
33 53
114 186
116 175
39 56
77 182
93 99
47 103
47 181
61 91
116 121
76 156
40 107
45 183
56 94
89 181
71 158
139 162
140 172
46 182
31 196
109 170
142 194
100 123
78 79
54 117
135 150
22 170
37 151
6 170
5 112
55 192
99 190
140 178
37 73
133 158
161 199
110 162
70 86
160 178
11 132
1 189
21 196
84 160
27 154
143 158
175 190
62 69
97 107
14 117
89 103
107 174
3 147
51 97
120 195
25 180
9 27
24 173
150 161
53 166
28 104
19 176
96 191
42 148
76 125
59 193
85 131
26 76
39 85
130 145
13 62
3 73
68 139
33 72
138 171
78 107
32 135
65 151
77 193
46 99
14 17
184 185
49 192
49 113
145 182
66 186
23 157
61 132
1 75
59 190
117 142
81 139
163 173
9 19
45 175
71 104
105 163
69 82
73 132
55 75
3 188
0 107
155 185
4 192
48 87
99 187
55 107
18 163
2 55
23 58
13 100
60 141
31 184
72 177
124 198
17 149
104 168
39 138
6 185
54 74
10 75
12 183
72 126
73 173
4 22
54 186
18 49
24 42
75 178
37 83
31 99
71 114
122 153
127 181
129 134
145 158
69 166
44 197
101 177
38 149
84 182
3 96
61 72
48 94
18 166
1 65
85 119
13 195
28 79
157 188
32 34
45 153
96 165
6 36
148 171
18 150
48 169
72 195
20 165
13 22
40 122
103 169
119 181
120 166
21 80
49 186
46 149
87 129
80 163
157 167
6 80
71 74
43 45
65 143
53 160
149 195
94 178
38 80
160 177
40 130
0 7
81 126
14 125
29 81
98 178
67 87
97 177
111 129
16 109
6 108
125 140
12 123
43 101
79 143
27 179
3 70
81 83
175 182
106 113
64 163
39 120
66 155
8 140
7 146
30 37
138 198
16 77
53 95
171 186
149 182
36 136
35 49
115 139
121 125
26 53
9 25
30 138
82 123
115 133
33 178
193 199
0 101
123 153
46 92
2 175
24 74
57 116
150 197
138 197
6 28
84 101
87 114
49 81
25 86
48 108
13 168
56 179
79 132
125 169
56 105
76 119
13 151
9 188
83 156
19 45
9 153
59 66
96 167
38 63
37 97
53 182
97 135
44 151
32 137
93 151
12 74
2 165
133 141
29 86
133 136
139 186
100 125
46 49
73 97
56 84
100 156
119 180
15 46
8 73
37 181
36 95
7 32
17 22
144 148
42 100
32 131
38 91
55 161
118 157
89 193
176 191
52 57
22 46
81 196
24 156
22 69
178 190
42 164
42 176
31 163
103 119
8 114
78 122
40 55
31 42
42 84
188 195
42 96
123 149
96 124
120 158
24 140
159 175
77 104
28 54
159 182
105 134
98 169
134 138
157 161
66 98
20 144
28 158
109 127
7 137
10 64
13 88
40 178
43 46
71 186
12 178
121 187
37 164
78 153
118 132
24 175
30 105
97 126
99 180
56 127
37 190
72 118
51 147
5 113
34 178
73 116
44 70
191 193
61 62
30 118
81 124
81 116
29 112
107 108
84 167
9 187
28 84
22 45
55 172
141 173
9 103
36 169
64 90
2 48
43 107
112 172
7 93
152 173
21 141
48 99
110 125
158 167
29 60
85 118
139 141
48 179
150 164
73 184
75 199
64 125
142 163
2 170
20 178
139 172
99 188
29 118
40 60
101 132
154 193
103 148
50 80
2 70
148 173
58 143
24 84
22 156
149 198
60 157
19 39
48 145
1 82
109 180
161 171
22 50
67 193
125 155
93 167
56 129
32 62
38 176
38 43
84 152
24 31
59 187
60 152
96 187
31 162
58 182
23 194
151 179
40 145
48 183
107 126
49 78
61 104
11 17
86 168
103 132
78 146
128 167
37 91
50 142
8 23
81 129
67 101
146 153
28 76
48 163
57 74
60 94
167 177
35 158
79 109
30 75
119 143
63 174
156 185
87 117
42 189
138 183
6 22
132 148
53 162
17 119
110 171
52 154
4 51
9 64
57 127
155 169
8 100
50 181
61 88
41 66
2 191
13 132
34 63
68 152
153 183
69 148
113 165
110 157
35 66
40 174
27 60
91 156
167 194
41 135
172 181
194 197
71 169
75 180
41 111
52 140
61 192
11 174
1 62
54 78
26 141
95 178
70 160
111 153
8 141
30 145
19 115
30 80
47 195
90 182
81 91
75 171
192 198
54 64
4 90
43 111
76 81
59 108
27 44
5 50
58 193
25 138
37 108
4 38
105 136
26 109
36 197
17 146
103 141
111 170
78 141
8 113
3 9
23 24
18 153
27 184
69 192
2 61
13 54
27 177
104 134
42 68
87 136
154 161
26 35
44 73
20 135
40 121
2 56
19 104
1 103
144 168
73 139
179 198
163 172
131 141
90 188
25 54
184 194
37 64
58 104
11 69
111 163
64 193
15 118
114 197
59 124
50 103
86 134
119 154
39 161
125 126
162 199
0 136
30 188
146 190
32 172
123 195
79 199
122 183
35 123
148 179
19 141
46 169
55 69
138 141
97 191
172 190
102 129
3 12
42 111
39 143
54 70
45 178
28 131
45 171
159 196
66 174
126 198
84 112
3 61
7 70
121 135
135 148
28 154
46 80
87 130
50 148
53 111
120 177
7 37
56 159
43 128
146 147
67 92
98 174
23 87
50 156
32 130
126 173
57 199
14 193
37 71
117 195
23 137
153 193
15 114
155 184
65 94
148 196
3 93
81 169
66 181
49 139
31 136
90 95
22 133
68 129
21 73
79 163
129 158
66 180
42 129
14 16
0 59
25 141
23 167
30 68
3 141
44 111
91 146
49 54
46 118
86 183
124 190
100 191
37 114
95 139
2 108
152 161
111 165
42 109
26 98
152 188
87 187
109 162
48 56
34 143
134 182
52 192
81 107
99 175
72 135
109 116
7 55
48 199
70 74
135 190
29 193
5 12
58 59
131 150
33 169
63 180
4 73
9 98
3 27
133 165
119 184
136 185
66 131
146 189
68 143
26 47
14 64
143 169
136 168
6 57
63 90
60 108
17 77
36 121
78 186
66 164
97 122
16 31
39 47
60 98
2 80
57 112
0 164
25 127
19 65
107 196
34 157
16 174
87 118
43 56
49 92
33 37
92 178
80 179
41 109
82 91
111 116
13 46
48 84
153 161
107 147
52 159
22 125
67 167
4 41
13 108
16 36
14 129
17 63
60 79
51 154
69 132
85 109
5 92
73 199
13 17
145 177
156 193
51 60
64 137
48 60
177 191
7 127
103 151
4 113
56 166
49 166
29 50
18 96
94 190
76 97
161 170
153 172
14 189
79 92
130 140
79 83
173 190
4 129
47 147
160 199
124 133
45 126
170 178
35 193
0 114
58 146
58 135
4 13
61 114
140 149
109 139
161 165
20 132
23 182
25 98
48 144
34 191
3 67
46 157
27 67
10 35
27 140
94 191
156 184
81 110
6 8
19 117
124 167
82 152
63 116
93 127
141 172
24 145
68 108
10 195
22 160
114 138
44 65
38 88
29 128
162 179
95 138
70 171
9 142
91 179
22 147
90 178
118 170
9 156
56 78
148 193
18 57
96 175
99 185
101 126
13 173
18 152
75 151
181 193
26 142
25 125
172 191
11 39
15 177
21 57
63 118
70 121
87 179
99 101
57 139
17 61
77 134
15 34
77 175
39 188
68 110
38 183
61 100
23 187
79 169
83 108
7 92
24 151
15 66
12 101
117 174
109 123
113 157
77 153
59 196
68 149
86 93
15 47
107 175
30 123
60 170
88 150
11 44
97 110
49 129
104 161
39 96
8 131
14 95
28 40
31 128
25 105
84 136
133 134
9 67
44 47
83 141
24 28
4 163
37 38
132 173
21 65
103 116
107 141
13 121
51 158
100 154
63 155
91 181
37 171
59 141
198 199
16 123
45 117
5 33
136 197
160 171
87 190
46 179
73 122
87 138
121 122
40 115
150 180
109 187
187 198
28 176
11 63
113 170
152 168
69 71
94 109
7 163
144 151
28 81
79 176
106 198
37 160
14 88
77 126
22 174
34 107
14 92
60 73
126 159
54 110
69 126
162 173
169 180
54 71
105 112
53 104
99 129
110 146
85 198
16 150
22 110
125 181
41 50
159 165
31 114
135 176
37 157
20 190
72 95
43 83
116 180
62 174
54 134
7 151
67 105
112 140
39 172
158 188
76 114
49 60
102 119
100 101
4 60
131 181
164 176
53 179
56 57
32 156
34 100
87 182
56 75
92 170
63 88
41 67
84 188
24 158
49 196
80 103
139 156
64 188
134 167
77 84
80 191
1 131
21 149
19 76
160 197
3 176
9 166
107 181
10 168
29 167
6 125
16 132
5 76
11 149
114 140
63 83
108 167
22 72
42 126
97 182
59 155
108 166
40 192
112 155
60 194
64 162
16 40
148 175
49 91
113 119
27 124
2 148
77 110
52 101
39 190
0 17
46 129
77 103
39 111
88 193
39 90
113 193
47 75
65 125
13 163
95 103
47 57
85 188
26 154
87 145
149 150
47 186
12 167
32 104
70 195
119 134
176 198
12 110
58 79
64 130
39 108
68 158
97 175
177 184
146 162
61 76
148 181
0 14
96 155
7 118
6 191
107 116
8 108
26 107
48 194
178 185
101 141
111 193
61 148
41 166
54 155
51 145
64 149
18 129
5 82
126 183
17 90
49 188
75 132
37 138
20 42
55 84
62 156
88 178
55 72
165 198
17 36
13 42
29 49
64 158
122 148
161 185
64 129
83 101
135 180
48 149
11 21
92 101
93 192
87 198
53 138
72 198
75 85
104 196
6 151
46 62
145 174
21 175
67 144
7 36
53 143
133 180
60 69
120 161
47 132
103 171
25 39
17 181
26 70
181 199
38 165
129 176
51 71
122 195
49 111
155 158
109 186
119 163
39 132
101 121
108 177
117 161
154 176
129 165
129 130
192 197
92 194
114 185
65 152
93 197
122 135
55 108
46 111
50 132
20 182
29 56
24 51
122 141
60 187
84 198
0 87
45 143
112 123
121 147
59 70
32 187
38 55
16 185
10 109
21 128
130 139
42 64
27 155
81 109
10 133
78 125
42 77
159 166
157 176
160 166
12 117
12 17
38 164
142 162
170 189
84 120
90 93
32 37
8 16
44 115
6 188
30 33
40 182
20 62
112 156
49 71
116 147
180 181
126 153
65 90
111 152
81 180
126 154
10 100
30 107
34 55
52 145
55 73
12 103
106 199
44 75
102 162
6 150
88 111
71 184
71 161
57 141
127 186
31 100
123 184
0 28
42 59
25 27
45 139
24 188
26 144
44 194
61 166
11 117
105 192
121 197
147 149
8 171
58 154
5 86
13 70
47 196
45 113
4 167
102 132
77 151
5 192
40 150
15 161
28 173
25 108
31 67
88 175
111 132
73 85
125 150
27 56
55 59
107 130
98 183
51 183
24 39
23 143
101 155
105 159
88 101
157 189
26 54
106 186
60 112
71 176
154 165
135 179
56 63
169 186
27 55
14 160
97 181
63 67
63 165
110 113
36 41
92 179
105 199
14 156
99 177
39 127
5 191
169 176
35 199
98 153
65 149
156 199
44 79
56 132
50 165
42 149
44 126
23 114
41 100
64 127
36 64
138 156
7 128
49 120
11 74
161 189
121 182
62 138
123 142
28 53
126 158
108 122
24 32
7 54
122 184
87 92
35 174
9 97
137 192
75 146
2 76
49 108
25 33
73 162
5 40
130 195
88 165
62 140
39 149
54 59
157 160
34 150
85 164
126 162
5 196
2 196
143 151
9 78
100 111
90 156
38 144
82 198
95 180
91 96
19 55
35 194
71 139
161 196
67 108
14 146
12 194
120 164
122 131
6 178
131 180
35 175
1 108
152 182
48 54
42 139
140 193
42 44
47 102
115 157
158 193
95 106
36 70
28 72
70 92
115 140
2 62
47 51
25 94
138 192
51 137
158 189
79 182
31 113
54 196
52 149
10 73
18 186
76 127
2 173
90 170
8 28
141 190
122 198
125 154
38 142
134 199
2 57
84 126
78 128
80 175
118 186
37 99
148 165
133 159
64 78
105 186
16 26
79 81
121 180
57 108
18 60
23 51
58 112
105 142
52 97
69 73
24 164
165 188
51 179
28 167
66 160
29 191
11 124
97 100
95 135
68 123
119 173
104 190
76 158
59 103
72 192
22 121
9 126
51 98
35 91
12 119
8 59
91 117
21 118
28 150
22 124
56 101
7 168
32 66
44 193
144 145
124 177
9 32
78 158
47 118
34 82
103 172
99 140
136 159
141 152
40 47
138 140
164 166
53 101
12 95
100 178
11 30
48 96
132 194
3 74
160 175
138 154
61 95
149 162
18 54
3 111
145 164
51 125
122 199
100 160
32 87
9 33
38 103
13 167
84 166
68 187
58 155
1 100
97 170
71 194
42 161
39 86
113 167
65 195
9 84
30 119
39 187
136 194
3 149
74 164
32 69
131 182
33 195
78 116
152 178
109 130
96 137
3 124
99 106
164 194
120 198
39 168
76 150
0 50
98 190
106 183
80 141
36 149
164 174
135 164
93 126
140 141
14 31
170 174
8 184
81 104
55 139
85 152
18 149
176 195
16 96
45 125
92 167
67 160
80 159
162 192
23 94
37 133
66 106
89 138
50 102
81 84
173 183
0 168
160 194
18 120
41 186
17 19
60 196
50 166
35 74
98 102
16 143
9 14
15 21
5 16
3 126
66 185
6 118
0 166
20 170
163 188
36 40
85 125
127 193
74 145
20 166
83 150
11 96
20 64
123 152
75 97
10 71
14 155
47 71
43 86
1 196
42 122
9 138
9 110
28 155
120 196
135 174
55 137
3 92
76 155
112 153
124 135
45 180
155 164
63 64
93 103
60 190
155 199
49 57
48 181
60 109
79 121
4 36
0 113
102 134
70 143
78 181
0 8
172 189
117 199
63 125
73 138
72 196
31 166
129 141
20 60
57 172
48 100
31 173
160 181
62 97
121 179
16 99
51 175
65 179
45 100
37 145
7 150
123 199
43 153
21 160
44 131
65 182
82 96
43 181
62 72
68 166
44 92
3 135
131 155
30 114
132 150
40 160
101 176
30 198
24 167
49 183
138 194
10 63
165 170
35 37
10 88
30 197
68 75
7 116
31 153
95 167
59 154
45 101
51 142
101 120
39 180
104 133
143 187
81 168
108 148
70 152
152 170
82 125
77 168
75 175
47 184
120 153
80 167
37 56
36 199
108 121
35 80
34 165
50 182
51 106
133 191
45 197
159 172
32 153
86 192
25 194
55 64
34 97
27 61
33 197
66 161
24 34
12 168
40 136
63 144
16 176
112 197
179 187
10 185
121 151
48 109
89 93
46 113
89 163
110 116
152 185
33 168
88 107
21 30
62 157
115 134
22 187
49 156
63 122
136 144
62 134
8 106
69 92
20 197
100 129
86 140
49 187
106 138
99 127
47 161
118 126
78 161
40 177
91 94
21 79
81 175
27 142
53 61
20 74
46 115
14 190
58 181
35 189
87 176
132 143
40 53
28 116
15 150
82 182
2 10
102 106
57 60
32 189
14 81
80 142
28 138
66 126
87 186
65 167
60 165
135 170
117 151
165 182
39 146
154 158
132 160
10 86
68 111
23 185
64 168
109 197
114 142
109 121
118 124
36 131
48 114
40 148
77 162
74 189
102 171
2 66
77 173
53 57
60 168
156 172
26 110
128 155
56 113
40 184
25 34
45 196
36 88
96 116
132 165
71 137
4 20
22 74
139 176
66 110
27 62
112 198
140 183
86 91
49 132
136 183
13 138
178 193
41 103
108 155
76 87
14 196
7 65
39 46
148 183
141 180
100 105
38 109
45 174
31 180
113 162
7 86
102 157
14 60
83 126
12 65
133 150
45 109
111 176
89 142
37 92
14 53
134 198
14 70
74 194
20 138
17 170
43 131
51 130
8 33
110 144
27 73
23 136
12 38
19 154
87 194
68 104
93 183
18 176
65 80
86 97
30 133
122 189
106 171
117 119
32 155
53 191
35 117
41 165
41 118
85 129
116 155
100 145
79 190
5 117
21 96
110 166
146 178
5 90
46 67
27 79
60 90
53 157
12 170
183 199
101 170
37 82
177 187
32 118
18 116
54 185
67 181
86 196
60 188
21 78
55 102
59 105
88 113
16 184
21 41
38 127
4 97
110 177
94 150
30 97
9 182
144 167
129 189
147 172
82 167
45 78
49 50
62 154
141 142
41 102
8 151
17 52
18 38
20 125
0 132
64 91
57 83
10 112
33 45
103 157
31 157
25 36
55 96
109 149
67 183
120 122
23 184
11 191
89 117
114 192
70 169
16 61
121 198
15 75
21 72
1 142
28 128
84 185
51 85
14 109
114 130
123 197
4 139
15 36
57 136
61 127
16 156
37 147
21 156
65 81
34 103
151 172
8 41
38 62
11 130
69 150
99 159
54 156
6 101
22 25
53 127
139 184
38 101
19 169
69 161
27 102
94 180
95 141
148 169
86 178
3 122
35 130
41 179
134 148
50 128
96 154
76 99
167 181
21 32
44 118
92 136
78 175
128 153
104 127
64 154
77 138
43 195
32 194
35 141
74 135
21 101
86 176
40 176
54 100
116 133
141 169
35 77
67 113
51 155
82 172
148 149
59 79
60 148
76 138
83 162
71 108
1 120
188 197
100 176
44 130
102 194
112 194
74 176
53 59
24 61
142 150
24 125
111 144
46 109
73 106
22 136
21 92
65 199
56 153
25 84
23 151
63 114
97 155
157 181
77 155
14 46
43 139
88 126
90 119
80 89
150 157
84 143
57 164
87 166
91 185
155 187
64 161
72 147
74 94
132 170
73 145
40 190
87 150
22 142
65 190
41 167
4 130
22 164
163 199
98 139
80 157
41 63
19 142
162 169
37 170
114 119
103 146
23 67
19 98
170 187
90 134
156 169
120 189
23 37
93 135
173 175
76 165
16 163
34 144
112 119
0 11
2 33
26 129
26 106
191 196
35 188
18 193
94 166
108 129
134 194
158 194
85 170
29 100
168 189
110 175
196 197
27 107
46 121
56 167
20 118
88 156
138 168
53 74
53 177
84 107
55 134
46 153
13 101
112 171
6 66
106 172
183 184
71 76
70 89
126 196
86 131
19 168
0 117
30 94
72 109
9 80
33 147
8 34
121 199
35 152
26 89
27 190
124 131
38 85
41 59
51 169
76 131
9 48
56 131
69 181
57 61
123 171
71 115
96 123
3 184
187 193
127 130
80 115
2 146
132 189
31 147
114 159
69 190
51 67
23 152
62 141
116 162
70 189
104 157
102 133
62 64
47 190
36 177
77 101
48 127
19 177
93 163
71 198
51 181
132 155
16 17
43 53
41 78
110 170
65 115
131 192
54 94
83 177
0 37
57 167
106 154
35 171
17 39
10 81
78 97
84 148
8 47
13 191
42 178
69 80
174 179
67 117
30 131
136 138
26 171
33 97
52 129
40 59
44 132
101 172
69 136
25 151
87 175
41 158
67 152
9 159
46 164
32 82
139 180
12 138
82 118
81 146
14 72
56 198
42 58
95 113
53 165
1 159
153 167
142 177
106 126
37 183
93 182
131 159
3 172
89 149
50 177
179 181
32 57
53 167
79 105
51 197
56 114
113 130
88 187
31 115
30 121
92 116
39 95
152 154
91 129
7 113
35 145
15 94
19 140
35 42
15 60
102 112
25 118
63 148
143 147
4 168
22 76
68 175
129 139
115 132
78 93
143 170
154 177
74 136
82 141
71 136
105 120
173 178
5 158
102 150
101 162
70 77
51 102
6 190
4 65
13 153
109 150
101 198
25 67
130 161
103 191
6 72
41 149
93 196
16 58
38 99
9 143
28 98
36 44
26 64
25 81
13 79
29 108
90 118
26 158
64 68
11 170
128 157
77 127
120 172
69 173
36 73
111 184
57 69
23 192
160 174
108 137
86 102
96 132
63 154
140 153
147 199
27 133
64 185
137 171
109 192
91 164
26 117
29 67
29 177
81 143
5 177
49 63
22 54
18 108
80 193
67 96
108 188
58 92
142 158
135 188
97 198
73 187
86 169
118 167
107 179
116 165
93 106
100 143
60 126
87 157
24 99
185 187
101 157
105 177
15 68
54 61
26 195
23 147
76 198
74 167
41 139
47 129
54 148
10 21
23 142
49 184
36 92
105 125
15 165
95 108
66 70
0 40
47 178
69 199
130 152
20 86
12 120
106 124
132 152
79 158
36 183
10 17
27 112
146 152
55 149
56 97
51 78
181 190
174 191
102 175
60 175
21 129
49 165
69 94
12 181
86 150
13 59
22 144
99 144
165 196
189 190
85 95
105 138
4 91
11 131
96 152
14 133
108 170
48 185
18 59
103 130
22 109
23 139
96 192
4 64
19 34
112 175
57 180
8 137
86 164
45 163
49 147
151 178
109 141
81 122
103 159
13 157
31 126
90 164
165 187
23 141
73 130
76 159
30 166
147 162
14 116
34 179
55 199
94 185
72 103
21 39
4 94
19 89
156 192
92 137
27 108
71 82
55 110
67 150
22 159
19 79
31 159
66 184
12 22
64 156
27 120
50 107
8 167
29 30
127 173
14 41
93 104
0 111
97 173
28 106
98 106
54 84
2 162
91 106
75 145
43 92
62 180
86 119
113 191
143 146
31 193
106 155
41 83
2 58
9 121
74 82
72 124
15 195
49 172
4 69
42 155
102 183
90 107
51 62
80 155
136 190
93 125
60 195
77 93
30 184
38 184
69 154
2 143
68 170
16 19
6 176
71 152
42 60
44 183
52 98
0 68
16 105
176 179
118 179
6 196
44 77
50 144
10 22
42 90
144 146
10 178
22 173
36 85
48 191
5 52
25 91
71 92
34 160
45 120
107 186
101 145
1 135
146 165
75 117
53 152
38 139
142 155
97 137
15 16
24 52
111 145
22 115
57 161
76 186
4 12
98 167
130 131
14 82
34 121
3 115
103 167
14 103
51 79
111 168
75 156
127 199
49 68
96 108
121 154
104 183
158 185
54 150
68 115
44 164
52 124
73 144
184 188
63 84
92 118
23 76
39 163
176 180
97 185
105 109
108 186
18 174
42 53
88 139
54 98
95 151
47 131
27 169
74 119
135 191
53 113
15 84
171 197
48 166
77 161
31 73
35 114
125 179
162 188
61 178
17 129
104 197
33 119
30 137
90 181
31 130
148 156
29 66
90 167
81 95
87 128
150 199
158 165
115 175
28 112
13 76
131 198
104 178
53 71
98 124
6 143
111 134
71 106
31 77
118 162
107 142
76 111
47 122
79 85
71 130
1 77
71 110
40 88
96 170
59 104
75 155
77 131
19 190
3 57
135 175
98 198
67 88
66 84
106 135
163 197
6 166
36 94
8 136
34 156
69 83
162 189
63 143
8 12
56 128
101 160
87 148
34 47
21 179
24 131
51 73
29 163
58 71
151 191
24 134
81 153
34 171
22 67
53 130
33 76
146 171
110 172
21 52
40 169
0 143
26 94
37 69
44 106
72 133
79 157
37 46
177 198
11 148
18 88
140 143
67 146
7 173
130 153
30 167
4 70
146 191
32 173
24 190
36 90
31 50
16 29
38 86
183 188
89 187
60 147
140 159
90 97
43 55
83 140
42 142
54 174
133 149
12 107
54 191
43 91
80 144
57 166
98 170
72 153
122 133
74 105
43 198
165 169
107 172
10 58
91 135
15 197
27 43
128 151
32 81
43 59
39 77
39 103
180 192
10 171
6 131
35 180
46 52
28 153
163 170
11 54
125 183
14 42
103 127
92 149
121 156
95 120
65 150
62 101
140 164
91 120
66 141
27 130
2 132
44 188
83 134
38 134
12 86
76 118
32 108
73 157
173 179
50 88
125 195
189 191
47 110
136 198
0 139
9 118
47 199
164 183
31 64
41 105
85 162
114 175
85 101
77 197
25 61
158 180
31 89
82 170
78 126
15 145
136 178
54 83
16 125
114 143
120 169
91 186
145 157
74 83
76 190
92 148
11 62
67 148
49 185
82 175
2 128
3 195
38 104
43 186
52 188
89 134
5 69
60 197
19 43
133 173
60 138
121 124
72 143
29 95
12 137
110 152
45 60
98 133
107 154
43 96
89 173
98 120
10 40
119 171
62 127
73 79
75 109
35 55
35 45
75 184
22 106
50 183
94 104
8 27
155 172
18 94
116 161
40 67
22 23
10 130
17 187
40 99
58 197
9 52
73 160
75 158
176 186
96 166
12 124
147 170
12 14
135 199
5 23
114 158
8 90
74 153
41 97
9 45
70 145
119 191
39 147
45 188
1 145
19 164
62 92
62 196
106 118
99 119
49 61
52 110
67 136
158 175
7 136
34 66
28 91
100 171
38 172
45 164
10 158
95 160
17 72
104 129
61 108
117 139
98 108
58 164
166 181
95 175
18 79
125 143
157 162
4 193
34 173
16 62
107 132
31 54
151 186
124 153
115 187
70 125
75 89
34 36
23 149
37 118
45 167
30 161
38 41
57 152
24 55
8 142
42 57
45 165
47 55
96 158
88 116
7 49
19 93
85 185
24 111
34 80
104 189
162 165
3 175
82 139
21 193
50 149
39 181
28 50
120 145
14 36
34 39
59 97
129 186
155 196
85 150
71 156
14 80
42 56
11 26
105 133
22 197
28 192
26 173
9 113
4 82
30 99
31 169
147 185
128 134
32 188
27 176
66 139
57 67
90 176
2 92
177 193
133 151
30 185
63 86
30 116
11 81
23 104
133 146
17 138
84 199
167 180
49 99
123 165
36 50
20 136
70 184
55 126
47 114
65 156
68 154
23 34
90 124
13 126
14 118
45 136
33 141
22 162
61 189
5 24
100 173
40 50
63 160
0 49
35 110
4 8
75 123
2 145
64 171
53 178
97 180
158 184
9 26
70 147
37 174
79 101
11 58
59 135
105 194
121 195
27 157
17 28
131 188
160 162
79 150
36 125
46 58
76 168
22 42
103 166
41 49
48 89
8 79
173 198
28 48
140 194
63 149
20 98
63 185
5 114
105 197
85 189
36 186
94 119
81 86
128 138
124 182
38 60
24 162
0 55
24 154
147 154
24 60
133 153
29 84
54 176
62 189
18 84
128 146
23 106
104 146
51 195
65 185
27 116
53 164
84 144
4 141
97 119
19 120
54 116
59 170
36 86
27 126
1 157
73 188
197 198
92 95
161 179
129 179
109 140
160 167
21 62
47 145
69 108
112 152
127 182
70 141
122 159
65 82
41 181
78 137
128 179
78 96
76 78
64 199
21 69
153 155
18 75
19 84
119 139
69 184
21 125
136 181
55 71
60 74
56 140
42 99
113 134
169 171
16 59
32 33
30 92
58 191
121 191
29 182
20 194
30 95
19 110
108 158
147 195
6 102
25 132
26 160
2 184
15 155
94 121
89 151
8 82
33 191
22 82
62 160
34 148
123 147
66 117
47 168
111 120
14 123
105 160
0 182
118 172
29 99
34 129
78 92
88 196
90 111
122 130
6 10
29 124
135 158
133 167
74 89
43 51
170 192
88 94
13 55
69 189
88 143
77 198
70 73
102 167
58 68
35 102
95 194
66 82
32 59
18 74
124 146
40 168
45 191
76 103
96 194
8 60
37 123
1 80
50 118
94 138
35 89
7 67
17 110
34 147
81 142
97 152
18 33
168 198
43 188
63 77
64 76
73 180
9 112
50 65
4 29
8 63
31 98
80 145
2 32
13 48
76 151
68 131
69 146
75 168
83 102
103 126
165 168
136 147
114 118
111 117
42 110
94 163
50 108
46 76
54 189
30 175
57 100
67 164
13 194
18 71
26 192
2 185
36 134
52 197
31 145
32 105
49 88
46 100
13 131
75 102
153 189
32 197
130 154
157 171
89 98
0 167
28 198
56 173
118 142
63 196
79 142
5 176
15 169
102 173
92 181
27 197
11 105
29 148
48 51
6 70
50 157
15 149
100 195
144 193
125 162
21 122
145 185
62 142
130 172
195 198
75 179
18 139
35 101
16 20
53 93
37 143
56 93
47 96
120 156
69 151
6 154
68 172
62 135
132 136
163 192
88 154
40 140
82 150
19 71
31 195
174 183
57 58
39 104
51 92
34 54
41 86
102 125
16 95
136 155
122 173
34 193
77 85
26 114
94 164
174 178
13 40
102 165
72 175
73 193
26 175
35 125
48 150
12 43
148 168
5 71
126 169
112 125
162 172
107 182
73 128
46 107
117 175
124 141
114 184
5 35
39 192
0 118
40 199
82 155
141 147
21 185
27 183
29 62
13 199
45 152
34 184
51 91
75 108
103 173
70 139
27 170
70 183
86 142
18 171
86 109
0 179
55 94
34 77
21 195
33 153
62 123
151 155
90 113
122 169
18 104
166 199
52 115
89 125
107 155
10 61
49 64
24 126
1 41
24 117
52 146
69 164
98 141
5 58
10 165
79 138
38 198
25 65
91 141
46 170
84 134
1 48
40 162
105 166
10 55
64 89
95 128
10 152
73 156
62 104
78 139
34 51
16 100
118 183
129 137
71 199
88 96
5 140
51 103
19 194
6 135
4 179
117 154
127 146
57 138
41 65
34 111
24 109
122 149
24 25
51 69
90 183
174 189
62 115
25 74
37 104
145 183
11 50
47 175
52 196
35 126
26 135
108 163
110 192
36 127
11 75
107 148
165 185
28 117
29 71
42 106
44 63
45 57
37 130
84 157
76 91
20 109
47 112
1 194
142 152
120 124
8 185
46 98
164 169
4 23
58 176
27 138
93 156
137 147
30 45
12 160
58 76
16 171
55 152
33 47
46 51
48 58
21 137
5 8
61 194
79 124
79 128
20 143
70 142
22 107
35 186
73 154
86 130
61 65
46 119
14 52
90 130
115 145
84 146
26 33
63 71
15 141
11 156
15 35
37 132
62 68
102 148
36 153
0 97
65 109
69 112
20 199
46 148
59 129
52 177
20 70
31 48
163 182
161 194
91 148
114 153
39 124
22 183
51 135
70 173
63 145
28 189
143 161
169 185
88 140
32 102
10 76
138 181
45 189
40 144
67 163
124 159
91 127
68 128
46 146
40 97
100 183
64 81
103 181
43 175
121 176
44 80
128 148
73 98
80 178
12 157
16 94
124 134
24 40
43 66
181 198
40 113
155 188
56 65
52 59
114 124
53 123
1 54
89 119
2 142
1 141
27 122
101 130
48 117
41 75
46 175
3 41
63 70
75 86
192 193
4 187
128 189
58 64
20 79
57 176
77 100
151 187
21 159
60 198
115 174
47 60
6 95
96 183
7 135
114 120
83 112
22 184
151 160
64 114
143 160
61 186
6 156
49 127
52 193
92 93
70 166
64 128
14 33
70 85
180 193
71 145
99 154
19 99
31 104
101 159
78 152
73 121
97 115
100 192
35 112
103 150
95 163
183 189
16 195
31 120
39 175
67 79
129 172
138 191
39 152
1 118
60 174
70 105
44 189
58 179
174 195
51 104
64 109
117 156
44 120
6 153
75 150
91 165
21 142
76 199
0 66
8 163
95 159
6 98
186 197
2 65
84 158
2 13
45 155
81 103
83 110
51 171
59 74
61 83
12 73
42 151
108 144
35 78
127 149
85 149
8 173
162 164
76 164
97 103
19 97
53 107
29 166
14 136
109 188
11 190
139 191
59 110
65 134
60 110
50 136
72 131
36 162
26 152
147 174
69 180
95 100
52 137
50 190
17 145
46 173
38 122
61 63
87 132
44 82
66 177
24 107
15 180
87 88
59 112
40 57
104 164
158 197
141 188
70 72
40 84
0 102
79 116
61 86
76 126
72 117
111 140
110 191
23 53
111 154
44 86
68 73
103 186
48 55
33 112
15 65
60 65
59 102
1 16
26 196
52 183
3 174
26 149
14 131
91 171
112 165
88 183
113 179
11 79
14 198
45 142
60 156
29 192
25 88
101 180
135 186
71 94
119 145
42 61
37 57
24 165
13 69
107 131
136 195
51 113
90 117
40 124
163 180
90 116
74 111
81 164
0 43
40 56
34 122
6 34
31 112
92 193
118 156
130 168
10 137
190 195
28 129
42 104
79 155
3 187
20 180
82 161
119 186
78 171
22 47
123 150
5 148
14 120
26 124
41 45
27 28
20 187
70 80
111 113
55 160
6 172
9 99
9 150
64 103
169 198
151 182
62 146
19 116
147 187
1 126
92 135
25 63
27 198
56 136
16 124
63 107
3 32
27 149
1 83
23 66
92 104
137 142
81 184
45 146
71 154
0 64
50 99
11 171
8 189
54 195
25 99
44 94
118 125
75 96
121 132
46 55
42 93
76 176
1 112
26 146
54 164
171 184
149 155
19 128
21 43
107 167
99 105
56 162
93 138
17 94
18 184
104 131
78 105
124 173
83 114
117 167
15 179
44 137
82 196
100 140
92 183
138 176
179 193
147 169
81 185
73 86
29 57
62 87
102 103
44 176
47 98
88 130
44 163
4 191
74 170
42 188
32 46
43 125
39 182
138 162
4 120
17 101
29 138
99 195
70 127
1 169
114 180
131 196
9 181
26 86
26 87
72 193
25 160
149 192
158 192
29 37
28 93
76 95
62 169
150 175
123 175
66 165
102 192
90 115
3 197
180 184
1 71
50 120
35 120
14 127
9 72
64 70
108 124
112 127
18 175
105 107
77 195
74 138
26 81
113 148
7 31
103 137
4 176
20 100
27 103
153 158
90 153
136 174
32 125
72 73
37 166
73 96
3 86
31 172
14 106
91 95
20 30
24 177
33 136
20 96
16 92
24 185
1 178
124 191
30 42
9 101
25 189
75 198
89 186
28 44
19 61
78 167
5 41
71 127
67 137
40 175
80 105
5 166
59 157
92 184
33 133
6 162
6 86
88 141
11 55
144 192
80 146
54 137
37 111
14 102
27 47
34 60
54 96
132 176
142 181
44 133
24 184
144 153
81 135
5 46
27 194
95 154
112 131
11 166
31 55
74 141
165 179
0 160
103 120
32 58
154 174
73 153
127 129
109 161
85 180
6 194
36 181
3 139
21 71
71 103
31 182
33 127
7 15
64 143
25 136
29 55
89 156
23 115
54 160
91 132
64 82
101 115
61 165
62 66
137 157
116 134
50 95
22 199
72 114
129 173
1 165
32 93
107 159
51 105
67 123
142 147
80 95
120 125
10 51
135 197
89 90
43 129
78 138
59 60
57 66
22 66
71 126
67 135
70 180
100 130
1 32
79 174
9 104
183 196
140 195
16 198
49 114
125 130
30 179
87 142
124 175
167 185
92 144
69 72
50 139
116 156
110 199
51 131
108 141
32 168
97 104
58 81
107 153
152 165
44 87
0 16
61 184
51 74
61 89
36 112
78 120
94 120
19 151
146 156
127 152
45 122
86 177
108 110
9 163
190 193
74 91
2 160
68 186
68 80
64 173
106 187
89 110
72 90
30 174
69 110
120 192
84 89
84 149
19 197
190 197
70 120
0 180
48 129
45 71
28 156
5 121
159 198
14 98
106 148
57 104
130 135
35 41
73 196
1 44
5 172
134 181
74 179
58 175
140 192
22 155
6 82
50 115
119 175
19 165
120 136
113 153
51 115
57 194
30 111
33 85
120 180
44 105
1 64
86 141
55 112
25 139
69 183
11 136
13 75
99 151
1 23
55 91
37 117
54 79
18 22
96 163
84 114
32 149
101 183
2 197
61 98
34 75
4 102
5 123
42 168
139 177
86 167
99 109
75 139
89 152
71 182
35 109
104 153
15 103
55 74
44 158
97 129
130 176
28 57
30 151
177 195
74 113
27 68
15 79
59 197
61 139
118 130
35 173
51 110
83 173
88 147
15 86
55 97
60 86
124 127
32 192
32 51
55 115
126 171
9 108
8 146
97 165
7 43
35 53
58 120
125 160
131 167
143 150
30 186
29 85
6 20
43 97
110 121
38 169
29 171
113 180
98 147
66 124
15 134
119 193
53 122
91 195
89 166
32 193
15 199
4 149
43 172
14 76
35 192
124 169
7 154
152 190
117 137
103 198
149 159
103 183
32 41
48 61
85 138
99 113
56 145
68 95
133 192
42 182
94 97
59 181
78 195
138 161
171 196
151 157
50 74
144 178
43 89
79 99
146 170
181 189
12 36
28 30
8 103
109 129
111 136
141 153
17 56
8 66
56 117
98 191
34 139
6 89
105 165
17 134
50 100
135 166
90 105
129 163
167 192
12 189
178 180
88 115
8 132
74 191
108 140
131 144
39 66
89 190
0 163
25 72
8 88
29 142
37 40
98 161
162 195
22 60
22 192
121 172
65 86
2 63
53 150
59 106
40 104
121 145
127 185
109 147
20 102
8 115
74 90
11 92
71 98
3 40
97 140
11 97
68 135
85 116
17 166
51 196
58 130
102 114
33 95
64 119
10 24
51 191
24 196
22 146
37 167
122 180
106 147
26 90
43 164
10 160
74 172
116 141
57 198
9 36
131 133
34 196
159 190
89 196
186 198
76 93
118 129
88 137
21 146
93 137
0 169
142 149
71 192
113 187
49 159
58 140
98 179
126 142
58 119
91 166
37 128
29 93
40 138
97 158
114 152
12 184
100 163
16 140
99 143
50 67
52 114
124 126
58 96
112 144
124 197
51 151
144 190
69 157
32 35
99 145
15 91
112 195
69 118
94 115
65 126
156 168
69 133
12 155
62 86
41 114
5 18
82 144
63 151
70 165
111 159
106 162
87 164
55 63
38 39
128 196
61 187
44 165
57 177
68 178
95 98
8 181
43 52
1 70
27 29
52 77
87 192
55 98
28 148
115 122
140 142
67 187
101 142
11 19
36 128
69 130
136 139
22 118
82 164
21 197
188 196
31 88
48 57
72 93
51 54
114 196
1 81
63 172
103 155
28 62
3 65
140 162
61 138
75 122
85 130
120 185
59 88
49 148
138 142
25 46
103 104
13 127
8 54
71 185
23 85
6 144
48 187
80 112
97 196
7 144
21 144
120 173
23 44
104 118
29 161
156 178
18 41
58 80
101 133
24 113
85 151
123 166
4 142
44 53
52 95
54 141
54 68
103 190
90 162
119 196
106 134
20 51
45 119
63 124
98 125
113 156
82 174
79 152
32 179
139 194
33 71
77 150
108 112
12 68
63 157
92 126
16 114
49 126
80 113
164 165
15 102
77 160
110 135
45 52
38 59
4 99
114 137
118 164
112 187
67 99
31 183
25 114
4 10
23 79
87 93
33 64
20 160
160 183
87 102
43 140
115 177
8 197
148 180
111 155
8 117
118 131
48 52
172 173
5 131
81 194
34 74
51 153
67 168
107 164
106 120
27 146
109 183
6 112
72 165
128 168
66 197
131 190
27 37
91 162
19 73
1 143
94 141
122 142
9 10
154 186
97 162
117 179
52 107
94 189
11 186
54 77
50 71
119 195
144 172
116 186
2 69
89 141
52 122
129 131
0 61
3 45
83 131
4 121
8 95
114 191
130 166
133 177
33 190
107 177
1 52
117 148
60 159
111 183
55 138
99 164
98 181
78 160
76 182
8 195
33 171
108 127
4 127
12 53
69 107
41 120
100 170
81 197
79 93
10 33
27 91
90 96
15 127
28 130
16 51
99 130
6 61
12 132
1 168
101 151
1 28
20 147
88 118
115 127
77 143
108 168
36 117
64 84
21 188
65 160
26 111
30 187
111 141
112 126
134 175
63 123
90 198
13 44
141 184
8 128
8 192
10 128
79 130
56 77
2 72
132 180
41 128
30 149
5 156
96 144
1 79
20 46
155 173
71 73
12 52
17 23
91 188
9 100
2 59
41 180
89 96
70 117
128 145
26 157
19 20
30 191
64 145
23 57
4 147
52 73
76 162
69 165
90 159
25 130
117 168
68 86
104 172
20 161
56 71
5 135
22 182
122 187
52 75
64 88
53 109
2 35
91 174
72 110
77 154
40 135
68 147
147 171
6 39
136 192
108 198
45 190
14 101
32 181
64 148
6 21
27 99
109 165
3 162
121 185
38 74
62 162
148 194
60 88
62 158
90 121
58 184
6 52
24 98
75 93
31 127
87 125
65 97
60 62
103 135
94 133
124 155
131 154
62 178
25 193
35 155
34 186
67 109
130 150
48 62
38 141
62 84
28 67
23 176
5 175
77 165
61 153
99 102
126 149
66 179
19 88
120 175
88 105
90 136
60 124
0 20
7 110
129 157
114 171
62 152
8 48
1 17
57 80
3 106
21 114
57 197
88 131
71 160
52 79
131 164
45 185
14 177
0 121
102 189
109 118
91 142
56 82
34 90
112 178
59 84
126 178
57 184
78 99
3 71
141 167
33 134
34 104
29 129
41 85
114 126
72 151
22 33
2 64
136 163
132 163
75 194
156 175
71 141
66 121
35 63
31 121
58 88
55 196
56 112
71 140
51 193
115 182
61 133
116 171
4 146
106 117
13 187
49 103
168 173
18 23
84 194
108 157
47 101
73 75
8 20
70 192
12 136
40 193
6 29
2 141
111 131
59 95
34 61
27 137
52 165
42 71
162 171
11 188
59 99
5 118
134 145
34 64
6 155
47 89
94 184
100 194
54 129
104 192
98 151
149 185
16 153
12 98
68 91
3 20
47 141
20 40
39 144
83 171
78 119
39 137
126 195
0 128
3 167
149 191
66 123
80 195
33 100
70 175
139 168
0 30
49 161
17 130
53 106
6 138
140 171
43 185
110 160
147 191
85 148
96 107
20 157
170 199
74 150
7 194
119 187
23 111
3 56
41 71
94 100
169 182
66 108
18 68
1 33
108 123
92 110
16 104
10 156
103 162
164 184
7 71
34 49
129 188
113 131
34 71
47 106
40 114
55 170
55 169
43 192
52 166
56 180
8 26
0 175
130 180
126 136
171 187
138 166
36 139
90 135
25 89
98 109
73 105
68 182
137 163
85 195
38 140
11 70
97 131
7 56
76 181
54 131
165 195
2 130
58 131
144 184
176 181
19 166
103 143
100 121
64 72
43 183
110 145
0 141
63 194
60 71
100 186
78 157
87 110
3 140
77 78
113 182
41 170
42 153
83 185
94 188
36 196
103 145
129 150
88 155
168 190
16 191
52 123
16 98
134 177
69 197
73 177
52 144
75 130
74 120
49 167
68 156
132 190
29 197
50 87
89 116
22 108
87 197
36 190
14 147
105 114
38 158
29 35
43 64
127 140
37 152
40 44
153 187
73 89
76 144
46 108
3 160
45 151
46 124
97 171
34 142
42 75
49 121
99 192
32 84
128 174
81 166
0 152
95 198
89 100
132 141
172 175
108 116
90 147
32 128
31 146
32 83
49 135
0 174
18 111
29 36
72 128
39 43
120 171
43 158
14 30
16 49
50 194
11 122
23 133
88 190
47 100
26 199
19 148
88 188
16 72
159 171
78 135
177 199
32 121
85 159
67 141
140 198
11 95
130 149
68 79
111 197
62 88
35 47
71 167
178 199
76 86
64 85
68 94
23 160
53 65
59 90
38 67
132 167
77 167
2 168
102 147
28 119
88 170
26 56
95 107
86 195
102 149
14 37
14 97
19 149
20 115
15 42
77 183
1 154
13 158
26 151
102 124
52 131
109 193
113 197
6 13
35 118
81 157
4 80
64 80
99 172
6 44
1 113
14 68
13 156
46 66
75 174
82 88
33 174
19 56
34 101
14 20
86 199
120 174
84 100
179 194
34 167
1 53
46 130
1 45
10 78
151 166
76 105
23 35
20 88
18 158
6 77
35 167
32 63
13 133
64 121
29 179
33 92
110 174
91 139
126 166
55 68
133 198
38 181
144 150
74 128
35 113
44 71
40 154
26 67
94 198
80 86
41 64
24 70
155 175
12 129
105 151
38 90
33 55
32 154
103 199
16 80
44 167
17 108
26 68
115 176
101 164
191 194
26 88
179 199
22 100
55 142
41 88
12 173
153 176
87 135
42 197
68 191
80 130
8 121
54 190
40 61
32 78
51 199
74 86
0 5
96 189
51 86
3 88
19 32
66 198
11 41
43 44
32 182
4 110
76 188
5 194
40 167
78 180
96 141
68 185
27 49
34 89
36 187
15 23
80 174
108 191
26 140
30 165
14 59
28 41
17 171
185 189
118 128
93 105
118 173
55 60
61 141
33 66
21 158
30 154
58 186
31 198
113 181
45 135
63 162
85 153
110 148
61 111
97 168
32 170
35 165
108 174
9 189
144 159
71 79
67 126
121 164
58 142
186 196
42 83
21 152
59 65
108 114
4 53
185 192
21 176
24 63
94 196
14 183
5 64
72 166
1 78
12 114
2 111
13 47
6 14
85 133
88 160
80 152
77 139
62 73
35 88
42 156
32 180
93 123
2 122
98 168
36 116
88 100
134 190
8 56
7 185
33 181
21 54
85 145
104 154
123 172
45 82
20 117
37 77
66 74
147 164
5 183
0 12
154 180
28 114
5 142
3 99
0 83
86 188
48 132
55 116
2 54
30 199
1 19
11 189
34 175
77 140
7 30
74 147
59 189
64 120
12 176
69 175
83 159
46 83
101 161
23 55
95 123
66 157
125 172
1 156
152 180
23 27
19 167
136 199
54 115
2 190
117 162
39 197
12 83
28 63
76 120
6 121
18 73
21 183
9 94
131 137
52 158
191 198
17 42
62 75
154 185
23 198
51 122
101 118
120 190
10 107
110 112
98 144
74 155
18 109
79 136
9 81
33 132
51 180
69 158
146 177
25 55
60 130
47 153
18 122
48 119
13 86
51 168
52 56
38 180
5 38
1 183
28 61
161 186
29 149
111 167
47 123
141 174
114 183
114 134
48 67
58 199
23 138
14 145
76 185
66 90
3 75
42 92
9 65
18 65
8 70
10 28
1 174
159 160
16 28
30 115
78 196
74 115
11 73
70 198
83 175
96 138
134 147
15 121
137 189
123 129
44 135
31 179
72 140
2 24
38 116
7 20
8 18
135 154
58 66
82 121
43 81
181 191
70 110
139 170
109 179
108 182
76 183
66 127
52 167
55 140
65 163
107 117
133 176
110 147
10 153
119 148
57 121
49 180
159 188
23 97
39 113
64 135
28 59
59 175
66 100
66 130
34 119
47 136
39 160
69 105
106 195
48 184
11 20
7 179
55 155
60 186
121 174
136 170
17 176
110 132
81 171
176 199
11 88
6 132
2 136
9 135
68 107
29 120
105 117
33 123
149 184
168 194
119 177
50 180
70 133
147 188
39 89
52 142
108 178
58 159
16 37
71 196
145 181
46 64
157 164
88 198
3 48
113 198
60 133
146 169
76 167
4 189
66 169
9 122
162 177
105 189
10 13
116 129
8 67
119 178
35 143
109 173
79 161
15 80
41 54
106 177
66 94
49 100
129 166
138 143
19 173
101 175
85 165
80 92
145 168
53 67
104 165
8 129
37 105
38 61
85 168
107 144
114 116
94 107
8 194
153 160
55 119
7 126
37 154
156 165
152 195
57 148
67 74
142 160
113 152
146 197
3 186
26 60
21 133
37 72
147 168
28 103
68 195
39 131
78 173
151 194
1 66
164 185
136 177
117 133
121 130
19 22
41 84
49 106
21 186
98 130
91 172
59 139
88 125
16 55
118 139
9 42
9 73
8 170
27 40
79 139
73 110
29 165
5 161
59 109
98 180
60 193
108 180
92 195
149 168
38 167
5 195
13 196
24 112
37 168
116 182
32 141
23 40
52 160
56 163
81 147
42 145
186 192
61 85
11 135
81 97
32 113
96 156
98 156
13 90
130 198
66 96
38 42
4 19
131 177
56 99
55 187
97 114
15 43
66 146
51 66
135 140
118 140
20 57
33 78
53 188
113 138
137 140
56 118
175 192
42 154
143 189
156 179
13 184
25 87
80 106
115 118
125 174
77 107
43 68
25 150
108 109
33 183
22 24
59 142
121 189
87 181
4 116
39 70
33 187
53 73
43 179
114 172
28 143
189 199
85 102
86 94
42 138
72 85
26 34
150 182
5 198
41 116
61 185
100 182
151 189
164 186
21 105
90 128
118 134
42 66
69 143
62 89
76 124
132 156
55 163
67 130
12 39
155 191
2 68
26 126
75 107
39 198
147 148
38 51
10 194
11 43
40 42
49 67
73 91
37 81
130 185
142 178
111 169
123 173
67 171
111 185
41 175
169 184
41 53
13 110
61 101
161 177
143 174
138 139
89 169
33 58
46 156
62 198
23 173
38 136
66 129
176 178
45 192
21 81
74 129
172 180
23 145
32 126
56 115
96 199
37 125
54 90
89 174
44 91
59 128
49 77
43 148
69 174
70 107
14 164
58 61
14 87
108 169
23 197
24 56
61 136
41 191
76 113
100 150
30 194
11 83
67 121
128 190
124 185
69 187
90 146
82 171
129 184
3 156
81 112
11 14
41 153
170 184
45 106
33 109
4 165
59 161
172 187
56 116
39 98
68 87
15 144
126 185
23 64
42 67
8 68
77 106
130 147
13 94
103 168
94 171
58 148
1 59
85 154
22 56
24 105
135 139
35 182
54 67
173 186
160 190
127 198
39 88
42 63
32 65
19 58
36 52
122 185
104 150
77 146
87 178
52 88
99 104
136 172
15 88
18 101
35 162
68 118
97 106
19 47
106 123
34 137
19 37
89 137
80 149
74 97
2 85
95 115
56 196
122 177
70 96
22 26
59 126
102 185
70 185
162 181
83 187
4 128
79 82
26 133
2 158
5 173
16 78
34 155
13 89
38 79
76 108
168 185
88 97
74 93
22 29
58 196
54 58
21 56
0 192
6 193
104 198
45 177
17 49
50 98
8 42
103 160
146 163
19 156
139 155
132 153
93 128
21 167
102 108
12 145
71 102
57 195
52 116
64 122
22 40
153 165
88 182
28 110
76 148
16 118
45 121
92 107
67 116
137 149
1 182
70 128
151 198
180 182
90 154
53 159
178 192
1 176
39 52
85 139
118 177
47 53
41 112
90 94
25 82
26 65
105 179
143 157
125 171
62 109
127 171
14 19
80 177
64 196
98 118
76 83
83 91
55 156
46 155
18 144
31 150
107 191
48 72
122 132
2 144
68 119
86 106
30 180
56 151
89 183
105 119
49 182
95 170
26 187
185 194
131 139
11 169
122 146
18 187
47 80
120 146
62 130
69 86
19 66
36 118
48 110
103 176
74 124
33 48
81 158
31 36
19 196
82 131
96 110
23 174
59 80
76 79
142 151
32 103
87 89
25 40
38 191
105 183
40 62
20 140
92 186
50 158
55 80
146 157
38 187
77 148
181 182
15 148
17 131
8 105
20 29
69 117
97 178
18 47
39 194
62 95
29 44
54 159
82 138
63 128
65 118
5 22
10 62
30 64
88 95
7 45
16 71
38 133
71 118
84 187
25 168
123 160
49 193
33 111
90 102
141 179
49 90
46 50
5 11
2 81
85 160
130 169
13 53
77 144
160 176
45 184
54 179
3 33
128 158
77 157
13 81
35 84
154 156
50 152
67 90
27 139
66 72
21 76
4 76
19 96
41 107
64 198
85 136
52 102
26 165
6 65
62 166
14 22
77 185
107 115
134 162
27 74
25 146
5 187
80 100
37 192
38 45
84 139
15 76
70 129
109 184
138 186
94 186
131 163
78 87
10 54
57 168
66 154
85 197
91 113
106 159
10 163
13 27
80 136
82 169
108 146
15 147
100 172
65 117
111 124
1 128
53 128
57 62
11 123
56 181
45 56
47 117
104 173
55 109
85 146
142 164
164 192
144 161
54 166
40 147
23 113
47 125
2 194
48 167
89 175
83 104
151 156
47 62
2 195
34 181
31 103
30 126
55 191
2 102
17 83
10 127
18 165
14 194
89 130
178 186
21 66
105 167
43 161
104 179
97 183
114 160
77 116
29 54
35 157
54 97
132 191
37 172
109 190
35 148
32 161
168 197
28 66
101 106
132 149
23 118
2 50
90 123
39 57
70 76
75 79
175 199
74 162
100 185
14 181
81 191
117 170
57 105
41 60
65 72
62 191
51 129
62 128
39 105
19 60
122 196
14 69
35 190
10 188
9 105
66 133
125 192
132 142
168 181
149 157
97 127
37 150
4 175
180 198
12 71
39 170
94 177
126 186
40 49
29 98
97 184
38 188
15 164
64 95
1 190
18 29
4 170
95 166
67 184
96 106
36 51
57 188
28 71
6 33
132 188
36 123
101 189
18 199
91 111
103 192
124 195
62 150
10 16
34 182
147 186
62 183
132 199
84 153
18 69
29 80
22 189
27 118
36 178
95 142
130 187
52 134
96 111
7 79
42 196
0 32
14 180
62 108
89 160
125 139
43 50
89 153
116 142
46 154
87 180
69 155
12 61
28 185
63 93
71 107
12 80
63 136
69 76
73 114
11 60
2 74
48 92
67 107
26 163
38 64
31 93
139 199
57 155
34 110
128 187
36 185
86 100
63 126
98 123
32 71
31 92
15 18
93 190
54 157
152 176
15 40
115 123
8 75
7 63
44 102
83 195
35 140
68 89
182 199
50 54
13 117
176 188
1 68
92 100
32 45
57 72
24 195
44 134
42 89
61 150
44 166
188 192
22 186
4 194
39 102
65 148
50 135
160 180
55 144
34 161
98 148
0 125
9 87
79 111
22 185
119 142
128 139
43 178
94 159
14 89
23 156
97 145
19 51
15 146
26 188
90 140
8 116
17 67
87 151
74 197
26 174
101 158
74 134
65 120
170 191
4 108
43 126
114 125
100 142
125 189
63 97
125 127
41 129
17 100
157 191
110 163
36 175
151 176
32 158
170 197
12 197
53 198
16 73
0 159
51 90
99 193
66 190
68 102
115 117
30 98
84 192
26 39
96 109
28 82
48 128
44 143
113 154
152 169
74 169
66 172
52 109
22 39
51 126
62 81
79 193
169 193
31 137
145 180
82 87
91 112
34 67
51 176
37 146
25 111
95 114
91 182
84 171
105 156
75 136
106 140
1 3
170 193
144 186
8 182
89 185
97 141
163 169
56 174
28 136
73 176
8 97
139 188
130 158
12 164
87 103
62 182
84 99
119 182
129 168
83 172
161 183
88 172
19 53
138 185
38 49
19 137
79 186
80 97
57 84
97 124
35 93
8 55
13 183
72 87
3 82
80 143
109 144
88 133
165 192
10 14
137 165
41 178
90 98
15 183
146 198
78 199
36 193
81 145
33 89
46 70
118 120
41 151
27 96
22 149
84 195
91 154
18 131
101 199
81 127
80 183
4 81
130 171
67 111
74 122
18 123
10 181
55 158
73 152
79 126
91 140
28 68
13 166
20 151
11 185
104 116
49 59
92 161
30 173
12 82
71 147
155 192
121 126
5 106
98 154
62 155
93 175
71 164
83 189
108 134
57 140
0 9
12 91
11 183
86 117
55 164
22 53
82 159
26 162
71 124
29 158
114 144
10 20
68 171
112 191
181 184
61 79
20 87
24 191
12 143
114 156
72 167
109 126
32 39
32 157
30 54
6 192
68 155
44 150
12 115
43 47
11 71
28 181
20 175
9 77
103 142
37 193
46 101
74 116
47 191
52 67
42 166
96 179
62 139
150 172
83 146
93 198
43 124
126 191
42 194
44 168
46 174
93 146
62 145
36 75
33 51
3 128
96 122
78 198
131 166
36 148
190 199
172 179
41 44
17 186
108 115
21 74
1 109
0 115
29 164
73 134
9 55
69 119
75 92
50 137
24 144
73 93
5 39
44 196
110 180
48 78
58 105
88 99
53 141
114 179
93 120
26 62
57 77
9 198
93 155
6 9
21 171
17 31
145 156
15 182
74 76
8 107
23 71
1 167
52 53
185 190
176 190
55 61
65 70
103 174
23 38
99 157
46 69
4 68
5 88
36 54
63 78
24 87
58 161
113 195
27 80
23 107
46 123
103 185
30 195
146 175
43 49
49 136
17 57
28 124
15 44
43 90
74 188
16 69
106 190
81 182
45 50
36 91
51 157
18 118
13 57
46 185
