200
3980
117 178
28 178
26 117
11 28
11 124
26 63
11 128
2 117
11 20
128 161
82 117
2 23
23 49
19 178
161 177
124 182
78 82
9 28
4 161
9 102
78 114
82 104
51 161
63 111
3 124
124 125
124 152
117 159
65 117
7 104
19 37
167 178
83 111
37 42
20 97
128 146
34 146
59 146
9 136
114 129
2 54
51 103
47 117
48 59
47 176
118 136
31 42
75 159
114 149
66 146
15 118
23 101
97 188
20 32
19 133
78 148
34 105
82 158
46 103
31 91
53 149
58 66
73 161
102 198
9 147
138 147
140 149
18 37
5 11
47 187
12 26
12 76
38 63
38 120
124 174
82 96
11 98
141 178
102 173
5 80
155 182
25 49
157 182
51 181
69 174
50 105
103 186
7 110
1 176
113 147
102 191
20 163
107 136
41 118
34 56
91 135
97 183
119 174
128 196
21 133
184 198
16 147
61 157
8 119
33 53
108 110
45 147
6 34
7 199
50 106
47 93
6 90
87 119
78 134
1 92
9 156
26 164
101 160
116 125
13 177
48 150
79 199
44 54
138 175
63 70
35 150
131 140
60 198
109 167
20 185
39 134
102 168
108 166
54 170
21 24
150 171
123 147
88 148
27 135
57 175
17 54
50 71
32 68
153 183
74 108
34 162
99 119
60 115
52 93
137 175
41 43
42 169
177 180
72 110
71 126
12 139
115 154
32 130
100 138
2 144
0 1
35 192
156 193
67 158
25 95
41 145
39 142
29 180
84 185
75 112
34 62
180 195
12 189
24 179
2 190
127 182
145 172
14 161
10 79
1 143
64 193
146 194
22 162
57 165
77 161
53 85
52 94
61 86
40 139
30 134
151 181
73 81
115 121
0 132
107 197
103 122
51 89
55 192
36 145
65 91
53 197
43 60
43 178
130 154
46 68
80 148
13 151
163 191
35 86
23 138
96 146
81 184
48 82
89 150
91 92
64 69
13 18
100 101
11 83
60 80
155 191
125 152
150 180
12 152
156 168
11 161
17 158
3 111
95 140
10 35
74 159
136 174
73 95
78 128
109 199
187 194
49 58
31 132
90 187
94 192
60 109
60 95
23 30
126 174
61 196
93 163
82 110
2 109
42 78
66 143
93 169
156 185
86 178
15 38
98 166
8 23
90 159
23 109
120 127
86 112
66 110
45 68
135 181
71 184
67 124
40 74
123 155
144 150
31 59
150 165
148 163
111 181
50 64
182 189
103 114
102 167
94 175
21 157
2 90
89 95
48 173
21 195
43 112
36 57
74 180
0 105
75 132
27 90
106 144
31 136
117 193
31 33
82 101
86 106
61 140
121 179
49 187
9 172
31 70
60 63
78 116
17 170
155 171
8 55
67 122
159 167
25 140
123 168
14 185
35 59
36 197
105 142
177 196
40 59
0 166
71 155
96 141
108 131
7 98
167 174
50 175
58 122
2 149
165 193
33 195
42 177
66 194
68 182
110 160
94 104
42 58
40 145
57 168
15 51
7 112
151 171
44 184
192 198
42 116
20 63
41 156
37 78
12 181
21 159
47 104
24 172
64 156
7 61
81 181
79 152
33 84
36 90
8 40
82 103
2 165
30 45
10 128
28 141
45 162
93 132
129 196
4 113
67 196
54 122
33 78
54 111
130 197
43 125
114 142
29 31
140 189
23 61
49 91
82 132
42 133
168 190
114 146
64 84
44 176
107 149
59 124
37 91
78 80
15 115
180 188
38 192
25 156
126 128
107 169
31 64
52 81
58 107
80 188
43 165
44 112
21 152
109 186
125 130
66 147
60 193
6 128
40 115
125 174
20 114
16 52
34 185
129 137
45 175
92 139
31 128
27 154
62 108
66 67
5 67
55 87
26 179
66 197
15 83
20 121
79 105
28 184
160 173
132 157
7 146
95 199
48 180
80 194
77 174
65 197
65 116
35 96
52 160
21 155
98 190
0 29
105 132
81 192
70 74
152 170
13 118
52 123
117 169
21 141
52 67
17 169
39 47
23 62
11 102
21 67
17 20
66 109
97 159
84 134
20 26
27 66
4 32
72 102
56 193
136 161
17 181
102 107
161 162
127 138
5 114
62 171
4 33
90 128
12 155
3 46
33 147
66 113
92 105
15 178
0 133
75 120
91 111
69 125
29 134
112 132
7 171
7 17
4 144
22 152
34 49
90 129
30 107
194 195
129 150
102 195
96 149
157 181
44 155
62 170
122 185
11 116
126 183
95 166
92 152
12 124
85 150
1 157
100 114
62 161
23 142
85 174
44 160
31 80
77 141
106 107
80 98
118 179
11 118
126 191
43 61
20 188
91 147
51 140
118 151
146 163
152 196
12 112
3 15
55 165
105 110
17 40
98 142
29 199
49 79
18 195
76 140
39 129
106 191
96 166
28 44
13 66
13 139
75 195
118 127
89 163
65 82
111 194
23 145
123 199
9 94
39 83
121 158
167 196
66 165
178 197
116 165
90 97
27 139
98 157
81 153
113 129
111 130
24 170
61 82
47 143
2 89
162 187
22 111
49 93
9 151
143 146
2 84
96 160
72 79
20 92
42 127
10 112
19 114
31 196
54 74
98 139
98 101
133 166
40 73
56 187
98 114
5 160
47 132
116 199
177 192
17 28
69 96
32 152
10 71
163 183
2 46
116 184
34 116
32 159
89 90
7 86
20 88
22 75
81 138
58 93
48 71
51 153
13 56
57 125
114 123
4 90
94 187
3 140
97 150
151 160
17 165
21 89
39 126
71 181
17 76
82 123
82 191
32 100
1 197
34 107
17 79
20 167
84 174
36 137
81 122
26 69
15 160
30 97
78 175
70 78
41 192
124 197
104 125
80 89
119 134
65 164
164 191
56 84
148 187
6 88
112 187
5 138
61 132
4 109
53 135
5 125
4 68
16 75
80 97
139 184
39 174
14 96
130 193
89 186
34 95
0 99
96 116
2 5
152 197
82 128
161 178
6 39
46 190
27 54
62 169
46 152
12 104
71 104
85 110
91 149
14 19
12 83
29 92
92 156
106 153
19 107
137 160
0 174
41 51
54 112
47 82
76 157
69 83
14 82
91 164
5 52
75 179
180 183
68 107
33 146
107 179
6 165
107 123
0 36
21 148
91 131
61 99
12 108
103 188
19 192
68 184
44 64
23 74
103 143
32 153
148 156
87 127
56 102
54 63
22 164
112 131
10 159
101 141
51 195
1 163
64 173
82 189
67 95
13 172
30 183
98 151
91 188
122 144
22 41
47 161
127 193
27 68
39 79
48 172
184 189
61 184
99 103
29 164
18 167
18 177
10 15
7 32
52 175
25 150
78 140
21 51
88 109
18 141
89 146
163 181
19 187
112 118
15 53
126 142
15 110
75 92
49 157
41 141
11 27
43 196
28 144
62 117
136 195
96 171
165 170
28 36
36 63
88 154
152 153
33 182
131 147
35 57
110 164
109 153
161 190
37 128
91 136
123 140
31 51
168 196
66 181
8 164
74 169
123 164
160 189
81 147
7 125
106 168
42 102
74 174
68 84
100 128
115 191
21 72
147 173
26 151
124 186
113 165
128 133
10 127
181 186
164 167
16 193
145 183
29 151
10 18
58 195
108 119
83 116
195 197
51 143
14 137
40 60
15 41
86 115
185 192
70 196
71 95
15 186
35 155
92 178
36 61
17 128
49 183
3 185
35 174
54 192
75 144
32 44
69 155
52 179
7 68
6 159
2 77
4 192
82 93
5 164
28 47
38 178
40 75
43 88
41 139
84 98
91 166
9 50
21 177
159 166
117 127
29 62
122 146
136 146
28 140
18 147
118 140
50 88
44 102
137 182
19 148
42 117
13 189
11 112
13 48
98 191
11 177
68 112
16 20
113 199
77 195
8 155
11 99
94 162
111 121
143 147
108 178
1 35
29 186
102 128
43 131
35 102
129 187
54 185
73 92
110 177
120 121
41 130
68 79
9 40
3 160
21 43
10 177
55 181
38 136
17 31
10 178
23 92
10 157
69 91
89 101
0 72
34 156
66 139
43 116
51 56
1 19
34 60
50 158
132 182
56 172
87 134
45 196
128 192
35 180
119 166
6 83
162 180
34 143
77 118
71 165
103 164
31 71
68 161
144 159
5 92
58 86
130 161
124 150
71 153
112 194
38 162
95 119
13 39
1 12
11 152
43 149
12 170
97 163
136 169
119 153
103 183
46 112
56 99
33 173
10 114
16 73
130 141
97 177
3 58
55 102
24 74
9 36
89 126
12 122
143 192
0 140
25 149
173 198
4 96
4 64
140 172
41 101
29 188
65 98
87 192
3 129
149 153
16 192
126 192
50 118
130 183
81 135
35 197
80 167
42 140
4 84
22 140
6 174
177 191
10 54
181 191
9 179
114 187
132 198
52 142
55 71
36 42
23 36
118 178
13 21
56 159
5 142
51 168
24 136
39 185
8 124
29 144
55 155
108 117
14 63
57 149
164 192
58 131
54 118
9 185
0 6
62 106
36 81
18 154
88 133
135 166
31 58
49 85
0 121
7 107
101 148
16 72
12 19
43 146
34 141
142 191
4 9
14 124
1 27
75 81
83 113
48 171
32 127
178 199
0 26
106 122
42 186
7 148
1 183
13 169
21 160
68 131
32 107
22 148
9 47
111 140
64 96
41 152
175 184
148 161
60 66
22 181
32 41
40 178
106 157
27 152
78 155
3 143
48 57
101 110
30 127
106 133
0 20
80 105
160 193
86 97
161 168
74 177
12 43
75 145
63 147
35 152
87 197
130 140
148 174
26 133
77 108
141 147
54 169
0 58
4 53
15 129
141 165
65 139
3 39
20 74
121 188
28 32
168 189
112 184
1 31
20 130
20 136
15 18
43 163
69 114
16 180
42 108
57 191
17 96
47 182
114 132
47 162
79 96
19 42
7 21
50 160
50 107
52 54
23 41
24 118
80 171
55 68
23 174
15 90
167 177
105 124
6 131
25 182
20 108
80 153
75 148
27 195
99 191
47 196
94 156
159 188
3 168
14 146
8 120
24 94
135 194
112 168
181 184
41 157
4 164
63 193
37 170
13 113
12 40
78 104
56 106
32 165
51 68
76 172
39 162
170 177
91 171
84 129
139 182
36 167
130 179
97 189
74 199
39 49
64 78
109 182
3 94
185 188
152 176
99 146
115 147
45 93
56 66
44 194
81 106
98 168
73 123
89 153
51 132
139 146
69 82
48 101
25 157
9 119
57 174
184 193
60 90
97 137
4 149
4 49
111 127
69 199
3 17
162 190
106 148
15 125
1 113
2 125
160 169
87 102
68 122
58 62
1 79
46 196
116 159
2 35
81 133
13 180
129 136
18 186
10 90
41 62
104 159
115 125
34 38
45 168
27 137
3 63
111 195
133 142
125 158
151 188
36 47
98 121
55 152
61 125
62 175
55 187
63 133
125 189
145 150
53 169
44 50
6 10
130 194
0 83
29 196
138 160
15 131
121 149
16 57
114 182
95 112
51 184
61 137
161 183
90 165
120 184
53 164
59 117
58 101
52 70
81 175
34 67
90 137
28 29
177 194
99 168
30 61
1 187
41 196
108 114
31 168
133 156
63 115
52 100
58 188
134 189
8 73
33 154
120 197
75 104
36 53
95 189
88 122
33 77
46 101
55 138
88 198
109 190
52 109
50 111
23 185
11 30
22 188
76 146
17 194
87 101
64 187
35 164
69 180
20 21
45 156
71 160
34 152
11 33
0 119
3 182
31 158
110 170
164 188
137 145
124 161
42 136
167 170
9 169
6 178
80 131
148 196
25 158
26 171
40 141
39 59
80 182
4 6
123 151
114 178
116 174
40 159
55 63
0 42
38 57
9 11
24 35
39 57
41 60
24 71
31 119
72 84
33 153
61 113
15 133
45 184
26 60
37 48
60 114
15 46
9 37
19 122
40 62
130 132
53 106
146 150
119 140
92 199
35 116
92 179
28 112
59 81
86 133
130 155
182 194
109 136
60 143
73 175
2 3
0 63
101 167
25 103
95 108
77 169
47 165
24 96
124 185
46 160
74 111
113 131
105 111
25 168
29 47
58 105
32 144
6 99
94 189
1 141
38 137
98 189
4 91
120 189
57 95
0 129
151 166
129 144
98 135
55 60
11 144
35 48
107 184
2 94
52 141
28 90
25 124
16 174
3 79
148 175
6 72
133 144
125 199
33 83
22 110
55 169
61 110
124 136
19 177
86 187
81 183
83 87
86 108
2 71
78 108
23 158
1 185
145 174
29 124
16 194
105 159
78 197
39 168
109 123
12 37
55 91
29 163
7 35
29 54
98 161
63 162
20 81
30 145
7 182
90 125
75 88
104 110
59 67
68 110
35 186
3 155
71 152
5 66
52 146
160 162
49 194
9 74
176 177
44 60
36 87
95 117
44 123
57 128
60 149
143 178
13 128
130 192
123 196
5 193
144 183
4 60
80 199
86 160
110 143
110 141
47 108
42 171
150 170
47 155
46 54
69 70
8 27
94 119
110 140
10 134
94 180
62 187
13 129
62 126
67 194
70 86
62 193
156 181
60 116
66 144
66 176
128 183
140 192
74 121
8 20
120 152
146 159
161 167
66 98
23 32
0 153
44 178
44 122
116 167
10 119
21 98
76 95
117 181
51 170
83 136
7 41
19 121
97 129
74 196
144 157
171 186
76 182
137 154
164 171
117 128
116 169
87 163
106 132
56 197
56 94
4 70
16 91
5 183
42 199
153 172
4 174
100 177
24 142
92 132
108 126
43 99
41 126
76 139
0 120
80 106
7 185
55 195
58 134
139 177
77 105
83 168
4 167
2 106
4 185
9 79
22 199
117 158
14 162
172 191
28 131
62 65
61 97
60 134
44 128
140 166
95 158
15 145
7 62
11 187
69 138
97 196
91 163
92 180
164 199
131 169
105 180
23 27
173 181
143 155
63 181
115 141
17 110
140 163
132 180
104 171
64 73
53 143
162 171
67 136
60 183
3 115
53 130
56 126
142 180
145 180
100 172
66 187
100 122
44 180
146 176
104 143
39 43
118 176
8 170
62 84
81 169
63 112
86 167
43 114
56 168
62 74
69 197
94 113
151 167
142 188
90 145
32 183
96 156
3 108
25 123
86 127
88 158
21 197
23 122
123 148
75 97
93 97
20 72
37 74
115 181
30 41
31 175
18 113
14 23
20 61
43 192
113 152
67 199
81 105
112 123
72 193
6 65
41 59
138 141
75 94
66 162
26 31
64 113
12 185
59 68
14 72
87 155
67 166
100 188
21 58
162 181
131 155
70 79
21 181
123 187
92 173
121 164
24 191
33 60
87 114
20 36
23 166
15 74
84 102
90 95
101 128
47 99
50 85
26 131
116 141
22 80
135 182
19 139
131 173
4 140
69 193
69 158
94 176
142 164
65 148
99 142
102 159
166 180
43 173
18 132
6 22
25 155
12 75
80 143
110 132
93 114
19 174
123 157
47 72
84 112
46 195
40 136
126 199
1 83
55 95
0 84
169 173
114 143
134 152
78 187
181 194
53 181
48 88
39 131
17 168
138 154
34 176
46 150
83 170
134 199
190 196
68 186
23 24
111 148
79 82
98 175
94 194
168 169
5 42
53 65
1 137
39 179
80 136
86 118
8 199
120 155
97 136
144 169
108 155
57 98
48 162
83 169
95 165
37 96
11 147
67 144
31 144
65 198
125 171
61 192
5 144
55 191
46 78
5 86
64 197
117 166
10 89
7 134
18 21
69 133
25 127
148 199
124 147
41 159
46 192
98 108
140 144
128 184
8 59
126 176
15 146
49 148
7 170
162 194
158 183
122 195
17 107
89 107
108 150
100 190
165 178
62 144
186 199
17 134
79 143
77 89
73 143
63 158
73 79
55 150
94 198
51 190
15 37
123 198
34 92
141 190
12 177
53 157
26 99
6 56
102 129
47 172
126 161
52 105
48 69
30 141
10 23
82 145
131 171
53 98
101 152
33 48
69 191
73 164
55 65
12 129
2 27
136 149
12 34
188 193
168 182
41 49
21 193
46 104
103 198
20 144
47 192
107 156
152 165
118 195
157 192
123 186
76 134
30 190
47 95
163 190
132 197
126 139
4 112
53 158
16 35
133 140
140 199
131 159
134 165
60 119
78 96
13 73
39 190
93 103
48 84
34 98
80 119
60 67
105 161
13 155
168 185
63 74
144 171
130 178
34 166
60 83
165 174
73 188
137 188
15 121
141 171
119 180
83 88
20 57
57 171
57 127
58 92
62 186
6 185
29 103
167 171
143 168
84 88
52 174
42 120
48 73
75 134
22 59
121 162
39 189
13 138
32 132
3 90
28 183
46 136
44 91
6 12
80 146
87 190
3 172
12 123
39 188
76 142
56 189
10 176
28 56
36 116
50 102
21 93
69 111
94 150
110 145
21 154
70 153
25 146
59 176
47 74
12 180
70 193
102 176
82 183
49 107
104 149
129 190
1 36
55 159
38 147
54 99
35 84
161 164
69 77
24 41
49 180
46 88
41 115
30 199
82 168
106 146
6 151
12 44
6 193
16 173
6 18
5 70
36 78
19 170
70 104
58 75
41 76
89 166
68 80
63 119
56 153
76 113
66 112
31 54
120 171
30 48
76 80
93 157
10 91
111 174
36 100
26 51
19 146
0 136
129 165
9 141
23 196
1 166
125 143
130 163
4 65
143 191
33 67
141 192
153 160
93 191
12 118
65 128
44 79
136 163
13 103
97 149
128 151
49 171
60 94
13 176
100 154
43 194
66 88
82 182
91 134
55 148
8 169
147 158
144 149
16 191
88 124
66 140
33 79
42 70
32 62
134 149
38 188
42 114
139 148
88 142
22 104
58 146
127 159
100 136
47 75
18 52
40 188
73 76
83 119
9 189
49 190
33 123
103 124
127 190
4 196
45 171
128 178
38 61
177 197
60 85
71 191
122 127
104 170
32 176
6 54
87 99
13 78
141 161
72 172
113 196
71 100
121 198
165 199
31 141
20 23
30 104
103 153
45 108
8 108
49 68
20 71
32 182
68 115
105 141
95 162
53 54
80 113
2 196
53 188
101 159
97 147
33 97
27 85
11 155
64 117
51 159
59 65
101 106
115 174
11 171
69 88
59 87
33 52
154 191
9 38
72 162
192 193
132 147
25 109
20 45
54 158
44 124
62 93
50 98
126 182
20 104
14 110
50 69
55 145
57 105
112 142
47 183
23 59
93 182
52 138
110 135
65 99
129 172
143 151
46 96
2 174
166 198
122 124
64 120
100 191
147 198
171 183
14 100
98 115
37 191
1 156
112 159
14 15
31 172
120 143
4 191
8 160
79 187
51 114
51 179
41 183
17 58
85 195
19 39
118 159
8 30
41 89
59 178
113 157
142 193
50 68
102 163
75 123
77 125
6 86
121 175
71 192
13 37
62 125
2 52
1 88
86 134
80 128
18 192
56 115
50 52
59 96
126 181
14 186
150 166
17 152
31 147
62 85
109 148
84 162
7 92
102 137
132 186
71 139
33 179
0 186
53 55
21 111
83 91
22 69
20 51
5 75
142 197
9 180
13 149
25 173
60 120
90 113
37 112
9 68
73 119
91 198
56 176
3 125
6 150
50 161
22 114
105 144
102 120
57 185
67 102
92 137
121 166
99 107
55 184
93 102
15 85
29 52
17 197
111 190
94 185
139 144
16 164
53 79
145 198
31 66
11 69
112 141
1 50
24 40
4 56
126 162
189 199
26 37
129 154
121 156
1 39
51 96
17 166
70 189
64 164
7 93
12 182
43 188
1 10
184 190
164 176
153 164
56 70
79 163
17 23
100 141
3 175
127 192
104 138
61 159
50 90
51 109
159 163
77 79
18 39
35 166
113 197
46 128
44 134
1 7
119 133
114 177
53 102
6 15
83 94
78 156
48 64
43 95
109 115
43 124
92 94
142 181
122 190
85 177
138 150
86 175
60 99
3 191
93 138
64 98
119 177
61 133
131 153
10 121
95 187
141 179
22 182
74 92
9 174
60 157
15 169
52 143
16 95
127 194
3 126
114 124
105 117
61 75
94 153
4 46
67 96
24 59
4 155
26 50
5 29
124 199
57 176
151 155
69 196
33 64
72 163
87 137
75 139
180 191
45 166
6 160
17 70
108 193
166 195
55 79
40 140
142 158
51 60
150 153
162 186
23 51
96 135
106 109
52 191
11 164
161 166
115 161
29 33
123 143
108 185
93 122
39 137
17 190
32 155
115 120
59 166
28 100
8 17
17 26
21 52
111 180
31 68
108 175
60 163
104 113
82 139
105 184
160 179
27 108
76 166
150 169
142 166
186 196
2 9
46 98
29 88
67 167
2 56
17 49
54 119
76 148
82 151
24 176
54 82
51 199
63 90
90 92
77 198
19 124
1 94
42 54
122 143
12 153
7 197
105 169
145 168
34 72
48 87
0 197
11 196
98 173
56 125
102 179
86 152
133 138
102 108
196 198
9 52
83 154
127 160
39 152
105 156
76 102
119 186
191 196
68 164
17 43
77 157
18 194
11 199
102 115
7 169
25 83
72 74
48 78
8 161
28 91
62 166
48 175
15 52
67 112
11 119
139 183
7 34
32 102
36 174
28 139
66 97
53 170
35 185
161 181
74 132
76 191
127 184
42 79
91 146
2 186
9 78
11 169
35 156
43 74
171 175
70 107
44 118
43 148
110 127
89 103
92 159
94 193
10 63
37 143
110 115
188 190
75 110
39 101
104 146
34 167
9 98
0 175
80 84
85 112
122 149
14 54
58 133
24 182
139 158
18 99
8 68
139 193
5 133
26 184
136 138
89 136
83 95
76 117
121 154
140 191
20 99
37 111
104 115
49 185
24 123
59 172
9 196
8 178
11 179
86 99
131 152
51 191
60 153
59 95
21 40
90 158
71 121
56 192
135 173
141 180
1 116
13 190
104 156
190 199
22 85
63 120
155 159
159 192
28 104
5 135
149 199
75 169
5 74
66 198
22 103
69 134
132 154
186 191
72 126
35 77
33 85
41 153
117 188
123 161
75 166
93 193
86 126
97 157
44 153
179 191
98 148
50 173
33 199
65 73
119 148
70 175
41 189
68 181
14 94
22 32
68 192
23 105
128 136
98 176
106 169
76 82
151 193
24 105
66 183
32 175
23 63
2 104
136 165
27 53
20 191
46 155
48 183
13 24
49 160
0 27
9 54
25 58
8 185
73 91
87 98
47 173
53 176
18 24
150 185
53 94
14 169
128 148
52 64
60 72
46 47
32 55
71 75
49 142
38 116
66 186
141 166
115 163
77 86
33 59
116 143
27 109
30 60
134 150
35 107
75 140
50 190
25 60
14 151
11 48
4 98
160 164
17 22
75 122
41 149
36 86
29 162
28 87
64 149
11 31
11 62
59 89
126 178
135 167
126 149
120 169
81 92
3 190
56 57
110 189
37 79
1 198
133 199
36 129
63 196
7 143
39 119
2 36
133 168
35 95
7 103
161 180
90 133
50 146
32 67
20 157
126 134
37 186
27 181
29 66
63 121
49 118
79 115
67 126
32 131
10 62
12 94
16 198
105 114
8 87
17 167
160 190
11 97
45 100
31 134
100 164
83 179
5 60
22 68
28 170
15 101
145 163
34 124
11 175
30 138
10 140
70 75
41 132
36 166
114 195
74 163
0 7
24 196
23 159
32 197
131 141
55 97
83 163
87 188
150 181
25 120
75 119
52 180
101 121
106 145
58 61
9 171
19 169
165 194
14 115
9 62
18 127
107 190
47 112
55 106
70 111
4 47
107 193
61 186
3 134
95 146
50 60
26 33
16 142
30 166
76 127
193 198
73 102
111 123
82 106
44 78
12 103
25 65
71 108
99 115
130 149
15 163
25 128
18 101
12 141
119 157
124 177
14 28
37 41
97 110
101 179
65 134
51 86
34 191
44 72
33 196
84 192
100 130
53 160
14 144
38 66
80 164
83 186
0 184
1 105
83 151
42 77
101 171
107 146
120 123
48 119
16 65
34 173
122 125
116 176
18 60
117 152
88 180
88 162
63 117
170 192
6 91
0 49
184 196
39 143
42 49
73 142
72 179
187 197
49 88
87 178
3 7
62 177
34 113
42 82
0 148
9 188
18 145
30 192
43 104
50 59
6 101
40 95
146 172
124 128
0 118
95 96
19 125
6 132
153 182
21 171
50 122
136 153
97 173
39 160
72 181
5 36
80 108
56 132
111 152
32 150
88 144
28 194
10 148
108 176
71 166
64 139
22 156
70 191
68 72
20 147
31 160
125 195
89 131
25 135
4 13
126 155
136 186
33 91
8 121
169 189
150 162
126 198
53 126
16 88
15 182
31 77
47 57
52 189
125 192
127 152
140 197
45 92
131 178
173 185
36 138
0 104
12 29
8 127
91 160
19 71
52 91
19 154
3 138
30 91
77 110
149 194
6 44
56 86
8 173
55 130
43 91
36 152
127 130
19 186
195 196
32 88
107 174
36 195
45 86
109 175
20 96
43 101
84 126
100 174
1 138
63 176
42 98
32 199
160 175
137 165
44 132
18 138
138 149
76 193
7 91
156 166
24 156
52 118
170 176
167 199
35 39
87 186
91 183
38 107
43 102
50 172
45 49
24 99
98 172
42 94
43 75
98 141
85 98
15 59
110 198
15 49
58 64
31 99
77 181
60 187
45 89
91 180
117 136
107 192
13 41
12 110
75 126
162 174
44 63
40 195
46 87
114 184
152 169
51 142
13 120
113 185
166 181
44 99
22 133
176 198
13 174
87 151
30 42
1 98
191 197
75 124
10 101
39 166
131 142
93 160
5 87
8 38
9 51
83 185
68 90
23 188
88 106
128 168
5 105
12 166
25 94
102 158
70 108
57 58
165 171
52 58
154 169
27 136
21 46
51 133
19 198
85 148
12 171
152 156
71 171
80 140
53 87
34 103
97 132
54 172
149 174
2 53
15 105
73 113
55 88
8 172
57 135
75 77
35 38
112 154
40 185
25 166
68 92
13 80
63 199
68 178
122 179
78 89
88 92
10 109
33 116
85 132
146 171
40 138
51 66
140 195
104 147
61 103
41 102
166 194
78 111
20 77
61 165
67 108
11 59
15 50
34 153
76 198
86 185
120 162
51 129
60 173
127 155
122 180
60 169
56 156
9 55
75 197
79 179
3 112
123 145
40 181
115 160
12 92
74 153
52 192
26 102
101 142
84 190
39 98
117 153
145 186
46 80
67 142
41 169
65 179
7 51
79 171
64 155
98 144
51 75
10 25
116 155
42 43
23 120
32 82
0 171
6 67
74 87
43 164
14 131
66 164
104 168
4 180
120 140
18 48
48 159
0 24
32 59
14 53
87 168
1 87
78 139
99 151
17 160
95 122
6 96
13 132
46 126
86 135
85 163
16 61
56 167
14 112
89 162
51 163
66 77
146 192
80 172
22 37
54 89
66 78
49 181
24 148
16 130
53 165
23 198
12 128
93 145
16 71
72 186
2 7
53 90
16 31
76 92
142 195
31 121
61 77
65 176
144 155
22 127
122 129
55 164
142 153
91 176
78 193
14 157
122 199
73 88
38 126
18 42
77 163
157 185
152 190
25 33
37 117
92 125
24 89
59 142
7 174
100 121
41 174
23 176
12 165
67 123
71 188
103 125
152 189
26 199
2 58
59 167
7 123
6 122
3 199
39 132
104 157
16 104
2 182
26 145
50 125
30 102
108 132
15 33
30 72
11 198
101 170
26 48
137 189
198 199
12 32
83 198
133 164
117 174
88 175
153 198
45 66
93 154
98 117
102 131
151 195
98 182
19 184
65 125
51 80
60 122
10 194
16 163
64 103
117 175
41 198
35 198
151 161
42 104
55 177
16 156
82 160
60 91
58 82
89 105
58 106
1 52
42 71
29 193
54 101
15 71
36 139
14 55
8 140
44 126
14 105
51 157
54 73
4 172
168 198
23 125
141 159
50 139
26 148
112 160
77 164
14 160
22 171
66 145
5 154
83 122
65 199
37 43
23 195
59 82
129 133
93 136
30 156
13 185
118 189
24 38
75 113
8 85
82 162
75 164
18 93
100 162
2 50
15 138
37 58
18 95
35 55
88 94
51 104
8 116
172 189
9 124
79 145
0 77
73 134
124 158
76 131
44 116
103 111
62 112
63 195
2 150
117 124
32 124
26 36
30 67
10 110
12 67
71 105
177 178
109 121
14 177
20 58
27 99
99 114
73 74
14 71
61 197
28 181
5 166
0 23
103 154
115 171
23 43
142 148
49 195
91 184
12 198
93 188
74 198
57 181
41 111
178 189
138 187
83 114
51 188
65 157
41 79
29 113
17 182
9 96
48 189
78 120
127 183
49 75
148 188
77 91
88 149
22 154
5 194
74 124
135 179
32 177
113 151
3 16
85 185
91 110
98 120
116 164
59 147
40 143
11 140
9 143
13 162
3 181
2 130
21 60
99 144
142 186
2 188
174 194
83 184
69 92
160 176
66 120
57 132
48 121
96 145
62 82
104 169
33 69
18 54
17 144
30 148
188 196
90 156
56 98
63 163
105 145
113 132
39 87
53 180
30 173
71 117
90 178
128 163
146 175
6 196
35 178
144 194
72 73
59 77
18 64
96 189
33 151
72 101
61 109
33 61
114 162
87 115
20 189
104 129
99 148
61 166
93 152
7 141
52 73
5 59
57 169
62 98
9 13
93 168
105 125
50 91
143 164
88 177
31 195
64 115
109 113
62 101
29 197
24 86
51 131
65 165
67 164
121 152
34 120
75 127
110 150
114 151
25 27
25 177
59 159
87 175
149 156
99 190
12 60
33 110
100 123
72 108
32 181
166 168
28 94
63 129
20 190
37 104
133 183
92 103
54 61
12 90
110 156
19 94
92 189
113 124
66 130
19 36
100 173
73 174
153 197
120 174
0 47
4 45
48 186
18 31
33 92
79 85
76 96
159 182
135 180
184 192
0 13
117 139
9 26
16 33
64 143
100 183
139 172
86 153
70 160
51 124
50 153
20 162
17 85
35 169
118 161
123 135
30 47
6 194
155 185
12 168
54 98
79 149
53 61
31 126
70 101
96 119
17 29
148 184
36 70
122 184
31 123
143 196
32 36
150 191
13 32
44 51
84 104
57 92
7 191
135 195
99 111
10 139
121 173
21 66
10 111
127 199
44 80
71 182
62 147
87 193
128 139
113 174
98 159
45 65
68 114
46 53
105 121
19 176
135 143
46 144
12 59
87 133
23 154
12 121
60 194
28 101
64 186
68 133
116 124
18 188
151 192
61 81
56 116
11 180
23 187
67 150
71 163
54 160
34 78
17 66
86 158
81 170
16 114
85 193
13 83
13 122
149 172
165 167
137 150
4 63
65 142
30 110
39 150
23 95
104 167
77 100
124 143
24 180
67 182
30 59
154 192
6 124
75 80
43 89
174 197
25 183
22 105
3 31
101 164
31 109
3 11
1 90
63 152
54 91
39 161
120 186
102 170
161 186
38 50
106 114
25 53
24 84
45 151
66 72
54 85
48 77
110 133
37 152
68 81
104 185
47 174
17 82
134 194
96 99
78 126
20 91
110 180
35 144
130 131
95 161
75 175
22 96
83 92
115 179
51 151
87 89
48 116
1 120
29 44
43 77
171 194
53 156
129 138
34 86
131 136
70 96
59 92
12 23
68 82
20 134
45 98
44 65
46 52
140 159
91 175
52 114
22 97
50 151
4 190
19 145
112 117
96 109
108 152
83 135
103 130
8 35
0 178
32 194
89 98
120 144
0 151
78 107
130 136
40 137
54 110
52 115
147 195
182 184
105 135
66 89
0 53
107 157
107 128
66 91
119 131
112 150
57 86
86 174
38 152
13 40
28 49
16 145
120 172
130 196
24 31
66 80
56 173
68 154
80 125
42 198
10 123
24 141
21 55
46 137
17 179
68 175
95 155
160 168
42 60
37 198
76 174
173 194
189 192
58 160
41 193
128 140
22 28
107 185
28 107
162 182
77 154
9 155
11 106
143 197
85 198
27 193
182 186
99 147
84 176
143 175
140 148
9 53
133 162
138 178
44 100
71 138
47 122
164 190
135 165
112 166
104 165
11 142
77 82
32 50
49 98
35 157
81 119
74 76
91 158
3 83
113 127
168 177
98 169
8 48
133 151
76 100
13 86
30 198
97 185
118 158
70 148
69 151
81 159
25 40
37 87
131 180
18 128
64 190
5 151
17 195
143 166
71 79
47 66
157 199
75 128
172 175
83 123
63 187
38 176
48 155
5 111
84 177
114 122
98 143
3 47
119 143
119 181
24 56
55 174
20 64
51 120
51 74
87 111
15 189
178 196
181 182
130 145
138 184
6 172
25 54
46 71
127 186
21 117
145 195
0 62
33 89
132 184
34 85
23 98
43 154
66 68
6 154
87 153
3 73
107 125
120 175
34 97
63 132
1 67
65 118
75 118
19 70
129 159
28 148
151 175
36 103
134 137
51 187
91 155
102 112
17 114
71 147
104 124
166 185
125 154
133 175
82 194
144 153
26 139
91 189
139 147
170 174
66 155
36 133
175 180
123 195
50 191
74 81
44 149
173 186
127 167
56 134
106 151
8 16
14 65
9 167
179 183
27 92
43 193
88 194
38 140
148 180
48 110
8 54
28 120
53 122
73 110
82 156
153 178
16 96
17 69
121 153
3 62
84 99
85 134
9 89
86 145
52 135
64 175
36 183
16 175
128 134
64 111
53 182
39 140
41 134
18 164
34 188
96 129
138 153
43 159
156 199
50 152
78 83
43 65
87 117
45 152
108 113
70 147
9 178
105 183
66 192
46 108
33 93
152 182
23 134
143 161
119 184
8 176
67 79
121 144
94 123
1 107
49 172
21 145
80 198
135 175
14 56
19 188
33 192
17 123
141 198
80 177
10 174
90 155
57 93
58 187
139 195
59 105
75 161
13 105
5 16
130 181
85 99
81 168
78 161
170 171
64 191
6 21
139 162
70 176
51 192
106 118
10 156
71 187
78 189
6 31
41 123
84 118
60 106
19 43
81 156
58 123
137 153
169 175
61 175
61 126
53 75
7 132
137 164
135 155
163 170
68 75
89 128
142 154
113 125
80 99
39 182
79 87
28 190
41 184
47 180
95 116
93 159
80 149
4 16
38 79
129 162
6 61
25 80
116 187
73 103
9 164
33 37
41 75
5 56
99 160
29 97
138 181
94 143
101 194
87 122
27 142
38 174
57 184
81 110
57 126
35 61
49 83
1 134
52 92
138 158
62 181
86 189
81 85
13 104
41 116
5 48
79 114
69 107
181 185
32 160
20 170
21 106
75 103
112 157
52 194
86 171
16 184
190 192
27 120
17 109
27 51
1 46
77 134
68 159
50 155
129 142
92 134
72 82
105 166
21 156
99 126
101 150
105 115
122 176
67 87
27 174
17 116
5 143
27 183
103 141
32 48
149 181
28 169
68 172
15 177
103 136
35 94
153 187
134 174
16 107
11 101
119 151
54 149
24 34
45 122
53 112
0 196
80 195
95 183
113 163
49 176
45 133
49 128
39 93
103 178
58 164
7 79
48 123
75 125
49 143
177 182
24 151
95 156
45 127
8 63
97 116
58 175
20 131
74 96
117 162
67 161
39 155
90 121
20 176
134 139
13 54
73 115
18 121
73 80
1 135
123 162
92 167
39 193
16 197
5 179
63 156
34 106
23 123
74 143
41 113
10 20
152 160
86 130
38 198
68 73
6 118
1 117
4 195
7 97
54 87
88 98
111 171
8 165
150 177
22 151
167 182
0 92
114 171
169 179
144 172
20 31
92 191
27 39
19 44
154 172
87 129
7 187
106 123
12 51
62 135
2 92
31 36
152 163
68 157
2 74
158 180
91 95
92 171
17 65
