200
5970
140 166
34 166
140 197
65 166
140 163
65 84
84 86
5 140
64 197
65 177
115 177
65 188
152 163
80 197
5 19
79 152
127 163
186 197
98 140
6 186
19 141
48 127
80 134
137 186
112 127
5 21
137 180
19 110
175 177
37 188
134 164
54 166
41 140
22 41
182 186
124 186
34 105
80 189
168 175
54 78
33 163
55 166
87 197
105 133
40 163
146 180
68 110
69 197
39 166
35 105
6 104
112 116
115 130
7 168
124 191
84 92
85 86
75 98
87 135
41 44
84 151
44 73
65 70
41 107
14 177
76 168
34 113
97 182
84 162
5 95
55 102
21 120
133 179
128 180
75 132
10 133
35 142
126 146
152 160
105 147
9 33
48 178
73 173
20 105
46 142
13 75
55 196
7 144
76 131
118 191
130 154
35 111
28 97
150 160
48 187
48 57
65 153
31 151
34 139
20 103
79 171
25 152
56 141
45 150
15 166
91 178
30 104
45 49
23 57
5 89
94 168
146 158
143 160
11 118
79 184
117 166
42 57
11 190
159 182
23 61
100 133
74 180
12 128
72 84
143 156
75 145
5 148
136 190
24 42
63 130
133 181
37 67
121 171
157 181
108 184
18 57
82 182
43 79
123 188
96 154
110 172
55 193
52 186
129 141
61 174
79 122
32 158
109 145
0 87
161 173
99 181
123 167
47 174
113 195
43 90
27 90
83 195
49 93
61 165
29 97
46 58
45 101
95 138
50 157
59 89
8 100
66 89
16 55
53 115
62 99
2 171
88 105
54 155
38 143
160 183
57 194
4 24
56 81
32 36
131 176
30 149
17 78
100 185
10 106
196 198
140 192
3 176
60 167
51 191
19 71
169 189
77 172
37 199
68 114
1 120
151 170
108 119
32 125
26 145
113 147
17 33
11 159
73 130
112 183
124 169
36 90
90 189
179 197
89 175
103 188
24 106
137 195
16 150
90 190
62 126
15 69
81 120
8 97
79 163
114 129
68 75
0 84
13 196
13 103
153 171
59 63
115 122
3 70
65 160
12 152
12 61
8 15
149 150
19 68
92 194
94 142
17 155
65 82
186 189
14 153
7 128
93 180
21 150
24 120
101 177
94 148
91 143
58 139
24 27
77 119
1 114
44 131
22 35
109 157
24 187
17 130
56 169
150 178
11 139
0 44
17 194
26 154
66 155
24 25
19 180
72 131
73 143
79 138
79 193
103 150
53 74
4 89
99 123
158 172
26 146
172 194
93 132
23 196
16 66
44 184
162 169
89 193
31 169
2 92
35 39
45 158
8 11
86 189
123 165
125 131
43 121
12 145
71 147
42 187
126 166
17 135
150 155
98 168
27 113
77 94
9 198
112 136
36 172
25 28
5 47
111 179
127 168
15 158
103 156
68 158
33 118
3 186
124 157
57 195
62 186
130 193
96 188
45 52
43 141
92 117
52 100
46 157
145 146
171 197
108 168
1 104
41 153
168 176
33 148
27 68
60 106
78 146
35 180
82 124
66 148
114 116
46 199
7 159
76 88
94 112
36 86
173 180
146 160
21 66
73 107
6 196
33 104
141 162
42 92
36 164
34 194
100 167
53 129
115 124
103 131
2 170
166 178
71 117
26 183
128 185
34 56
157 168
29 153
79 191
13 63
16 124
79 144
49 178
27 58
58 130
28 85
68 162
47 199
111 116
19 139
17 80
42 114
107 188
116 120
36 179
123 185
151 153
10 81
122 138
21 189
85 153
73 122
27 191
53 122
41 126
15 34
4 146
67 194
69 170
22 160
84 174
93 176
50 123
72 152
51 185
16 104
106 161
171 176
134 149
39 135
169 192
44 149
10 119
34 53
9 161
19 189
83 187
0 12
77 95
109 161
54 147
68 85
136 196
26 133
89 139
79 139
48 186
1 39
59 79
16 84
30 63
56 146
61 172
168 194
34 63
15 55
53 140
53 152
128 144
182 183
147 190
170 184
19 124
61 162
125 153
90 109
30 50
23 144
23 134
19 27
37 144
141 148
58 83
130 150
88 160
103 172
10 151
57 72
43 168
151 172
71 178
52 97
59 189
128 182
86 173
40 172
51 173
121 170
92 198
41 80
61 135
129 153
122 135
47 137
87 112
82 172
18 71
28 130
59 161
6 67
72 143
61 192
70 199
93 133
99 166
17 29
26 122
27 152
39 167
49 194
167 168
146 197
107 113
100 162
58 80
8 52
96 108
30 32
30 87
49 153
45 82
82 89
8 74
165 191
90 101
35 139
23 166
24 155
13 102
10 49
43 47
9 78
56 130
23 48
157 180
21 111
71 103
94 178
10 87
112 166
88 109
66 183
45 160
81 149
54 125
113 161
46 77
68 135
16 52
44 196
93 150
87 122
138 163
19 176
24 110
16 53
38 164
28 136
91 116
125 171
84 198
21 156
52 155
135 141
105 180
10 125
76 154
164 181
63 186
144 164
108 170
83 198
51 179
45 156
133 199
100 147
71 150
31 91
72 92
101 158
47 127
149 156
74 183
57 196
31 159
160 179
37 86
88 172
14 149
27 139
147 162
1 86
143 166
25 63
73 117
110 190
51 157
109 159
142 160
17 115
59 183
82 136
12 95
46 182
145 158
110 196
93 107
140 171
40 158
46 136
23 127
28 94
97 197
91 108
19 91
21 30
13 113
66 85
29 181
17 147
38 44
9 152
17 30
118 186
123 125
30 101
120 127
26 30
32 73
139 197
135 166
113 179
98 116
25 154
26 46
1 78
96 106
29 89
8 72
57 83
68 142
55 192
127 183
35 43
128 141
16 184
85 123
78 137
73 163
9 67
75 193
118 137
40 104
135 140
141 196
31 186
32 121
118 142
4 21
71 188
12 48
52 58
13 51
155 185
144 153
65 150
56 165
32 108
39 131
108 111
167 183
107 143
37 47
126 177
17 137
156 160
21 56
42 170
76 87
33 177
14 91
49 77
118 184
32 33
52 94
20 100
36 127
172 198
124 158
43 164
128 142
78 169
150 194
22 145
21 180
46 159
110 134
51 59
48 189
94 164
42 131
64 85
85 144
139 190
15 79
9 43
48 180
106 182
102 197
51 141
80 136
108 195
92 181
38 199
25 137
36 144
122 158
89 144
11 169
137 152
112 115
53 72
79 127
21 34
136 165
80 174
170 196
65 158
116 122
88 120
7 47
0 34
93 190
30 174
98 193
89 183
67 186
82 87
135 197
60 67
38 96
0 160
178 199
42 193
83 151
16 171
3 36
9 27
48 54
3 148
86 193
42 83
102 170
24 165
100 174
126 163
3 168
26 164
74 106
31 55
38 157
6 195
146 196
127 162
19 81
28 145
102 111
109 174
31 183
45 111
112 176
14 163
35 192
133 156
44 104
164 175
15 118
58 64
25 171
2 119
119 176
31 173
15 178
194 197
49 157
78 150
5 90
103 155
67 145
22 67
182 191
37 66
74 196
175 198
19 155
165 180
132 188
1 165
30 167
48 82
6 96
26 33
4 72
6 112
177 183
160 192
1 140
180 194
33 106
179 187
95 176
15 171
96 196
13 41
32 34
11 115
15 187
18 62
3 169
14 134
17 183
70 112
44 101
25 166
39 123
51 198
155 159
4 46
40 54
113 143
83 92
13 70
117 137
101 124
2 88
77 118
120 150
38 85
1 48
87 117
84 140
72 177
66 127
49 76
78 189
78 135
21 92
2 189
71 154
85 103
134 166
1 181
136 154
89 198
18 70
83 105
70 183
6 168
30 191
61 97
38 171
76 106
152 157
9 98
68 194
131 164
48 97
67 124
31 126
5 125
29 198
4 36
86 117
151 175
0 111
84 157
73 188
38 69
23 107
10 103
47 184
47 154
141 166
132 157
0 38
45 113
1 188
0 183
59 70
64 166
20 191
65 126
58 191
65 139
27 60
12 130
56 103
169 197
60 91
10 197
62 128
62 142
15 182
28 133
26 141
33 138
110 128
46 88
110 168
177 188
112 151
18 134
104 106
62 151
80 144
28 73
128 165
69 71
2 100
79 175
12 91
14 27
34 35
58 92
11 24
22 165
36 142
12 83
51 135
49 139
1 69
0 75
69 100
127 134
51 140
88 95
95 143
61 68
48 182
119 171
139 171
65 73
64 146
19 169
92 195
87 161
51 93
54 140
117 169
77 127
89 185
12 166
46 48
90 98
150 152
108 135
38 121
19 95
14 43
73 95
32 119
35 184
14 119
17 141
82 105
4 171
9 188
90 175
3 46
76 181
147 159
18 177
8 88
50 76
42 147
19 182
27 137
36 155
16 107
101 169
44 161
70 153
16 72
50 90
28 178
83 113
107 175
34 184
35 188
88 94
92 154
128 170
4 197
35 114
165 185
22 38
2 148
43 128
49 154
51 90
14 15
134 168
139 186
96 104
68 116
89 168
144 173
58 81
59 192
115 148
162 192
56 126
121 193
141 173
2 113
135 183
34 44
66 108
8 93
46 196
34 88
75 154
33 119
21 60
70 178
108 148
154 164
48 119
139 157
100 177
22 126
178 189
4 15
105 157
118 134
150 161
100 188
17 72
95 142
120 162
6 47
38 101
71 171
20 160
52 66
138 188
171 193
152 167
17 134
74 184
137 140
119 148
52 139
123 177
60 145
24 191
36 51
101 183
115 164
26 152
103 167
35 65
154 188
76 77
138 156
186 196
23 113
144 145
22 134
20 50
134 140
57 187
183 189
42 47
114 117
0 165
166 183
25 27
46 134
145 182
47 57
2 58
70 75
58 183
57 167
120 154
116 136
90 151
28 77
91 109
136 187
77 121
58 187
7 155
152 192
61 155
139 184
2 127
14 155
13 85
122 169
7 51
45 122
71 110
174 187
80 89
50 117
102 162
53 92
68 181
52 159
7 134
23 111
125 138
109 166
149 196
34 100
125 154
7 114
21 28
56 57
98 109
43 137
40 46
139 196
61 167
25 156
32 61
4 141
59 171
24 177
150 180
19 130
4 125
6 155
68 180
11 13
16 77
171 196
66 68
52 106
159 181
39 125
147 194
17 145
44 146
141 178
31 33
32 196
48 56
80 137
113 169
9 189
118 120
47 169
4 194
98 161
56 177
31 78
158 178
67 179
45 68
59 123
96 182
82 144
5 37
5 139
5 83
2 132
11 68
25 43
24 100
81 119
81 89
33 198
6 55
4 26
2 76
5 123
55 170
99 107
127 170
127 139
50 181
10 118
23 102
122 160
92 186
50 109
110 127
107 149
2 55
110 137
43 101
100 135
187 197
13 58
12 115
97 135
34 54
35 38
71 97
33 123
27 88
51 168
101 154
50 137
61 125
40 144
184 199
109 184
71 114
148 173
40 42
142 147
87 175
114 131
84 176
40 94
31 99
72 113
31 145
68 119
157 169
32 131
50 189
33 85
10 67
20 150
81 192
170 179
66 124
24 29
29 73
23 35
13 68
29 103
52 188
1 28
14 66
9 155
125 192
57 145
58 87
52 183
25 81
94 140
119 139
68 122
54 154
74 128
47 129
58 79
24 186
21 88
23 145
18 94
139 154
1 189
77 187
55 84
133 167
58 137
26 179
27 50
86 197
91 183
2 157
120 183
76 196
35 95
63 82
23 181
30 84
27 116
9 122
7 9
139 168
50 84
150 197
2 45
49 138
75 78
13 67
78 103
80 164
80 110
64 147
49 52
78 139
63 167
91 112
47 80
18 40
25 55
84 154
136 179
14 21
63 94
63 169
112 113
2 8
56 75
25 195
25 160
94 96
42 155
45 80
53 156
118 121
132 173
82 119
67 142
133 185
113 199
76 104
35 193
152 153
50 199
43 127
22 193
32 115
90 123
39 94
159 184
99 188
22 55
80 85
102 143
77 194
89 195
8 162
89 123
32 96
36 60
64 103
19 178
54 75
22 110
60 183
149 155
25 96
118 179
32 165
71 127
76 190
102 141
41 187
173 175
53 114
34 148
169 195
8 197
6 98
65 131
143 148
104 156
114 177
5 92
1 97
115 179
125 172
2 149
136 146
73 187
3 25
2 39
60 73
108 143
35 113
126 138
134 147
93 97
90 197
14 122
85 190
88 138
148 157
26 39
37 80
64 183
140 141
3 45
54 89
53 168
8 95
9 179
4 135
20 39
95 140
176 183
20 113
32 189
40 146
86 151
42 75
128 195
26 106
42 121
56 180
47 196
178 180
62 174
86 129
114 151
128 134
90 95
51 108
53 121
42 69
38 152
18 69
10 29
13 16
116 123
58 188
65 115
151 171
22 80
158 196
0 99
4 155
73 170
111 137
13 121
107 186
73 151
97 187
16 86
155 173
49 82
130 191
90 173
3 167
88 97
17 37
58 73
87 118
192 196
109 148
61 116
151 196
80 157
13 40
45 83
120 189
5 45
71 77
43 156
10 164
58 117
71 158
0 114
23 193
34 172
19 89
68 172
16 48
175 179
88 106
97 149
26 78
22 115
14 136
1 4
47 52
41 148
13 157
62 144
103 124
28 160
67 178
36 37
72 132
21 170
145 152
60 118
169 170
74 88
16 60
39 100
33 105
4 183
109 155
110 151
47 95
121 164
14 109
154 165
109 151
109 186
27 91
166 176
84 121
102 193
22 112
36 72
124 190
18 128
126 175
46 99
61 82
56 111
96 117
18 36
94 143
120 142
52 124
13 14
137 160
19 187
154 193
100 164
36 149
22 155
141 150
23 185
110 154
74 141
83 197
58 142
75 83
82 198
20 83
125 195
48 193
39 194
83 90
2 80
55 96
109 170
123 143
104 123
141 147
11 75
21 87
20 161
43 197
129 196
80 177
38 55
7 195
11 193
20 138
83 89
87 171
81 121
60 85
27 176
30 155
11 186
66 190
134 143
70 102
23 178
53 127
111 156
157 196
106 130
40 67
124 133
124 192
114 193
1 134
99 100
2 156
136 183
28 58
143 174
40 176
7 164
12 121
77 108
148 191
41 55
25 148
55 129
124 179
55 172
153 190
58 107
27 89
92 145
6 185
84 119
102 119
14 88
3 49
9 118
24 93
89 128
79 97
92 179
50 171
7 146
42 65
21 162
6 19
147 175
52 130
127 199
49 148
12 198
107 133
58 126
89 112
75 121
49 180
100 131
24 129
69 176
12 189
11 104
79 130
72 126
47 194
7 131
75 199
87 100
23 59
15 132
149 153
128 136
81 85
71 144
19 67
59 166
58 96
35 77
6 152
97 112
34 189
55 135
22 183
25 149
7 117
104 127
7 68
90 125
119 199
122 174
144 192
89 140
79 95
134 179
89 134
73 111
13 53
85 166
83 116
164 198
25 44
30 53
133 151
159 193
22 40
7 22
26 108
23 150
134 172
31 141
23 90
31 73
46 193
19 100
14 67
90 154
33 57
78 167
50 135
8 87
14 102
68 71
46 154
97 126
20 197
116 199
17 22
117 193
31 194
100 189
5 6
91 150
110 124
85 176
81 186
88 193
38 198
51 113
92 151
5 72
88 140
42 76
21 62
71 134
1 186
11 22
11 114
97 169
67 169
90 97
143 144
129 134
3 26
179 195
89 95
125 188
1 59
133 196
15 152
39 110
128 199
149 169
48 104
179 181
17 81
57 181
25 185
12 94
28 176
36 109
74 189
95 156
43 198
64 170
38 111
54 133
41 114
71 129
164 170
14 164
80 192
100 195
32 145
11 156
99 199
33 51
18 47
44 141
83 117
86 195
135 174
13 25
79 187
72 112
63 193
8 111
38 190
109 168
8 116
89 191
91 161
189 198
28 171
127 152
49 73
110 143
43 84
2 137
82 97
119 169
143 187
65 128
47 77
126 188
93 139
116 158
31 65
28 140
100 150
33 92
82 157
117 183
141 157
0 58
50 156
13 28
16 114
12 105
52 127
64 171
36 87
53 108
36 79
87 142
122 147
78 168
128 190
23 120
58 88
3 180
70 182
133 155
99 113
114 170
84 175
44 118
66 140
9 50
89 199
98 165
126 128
106 198
33 145
4 140
19 193
45 87
48 188
57 170
108 185
70 124
73 124
0 166
51 172
33 196
94 153
91 170
79 165
91 146
0 94
64 87
23 100
29 86
138 142
115 172
112 145
62 189
69 87
81 190
15 151
93 182
12 80
2 51
97 136
138 157
15 108
53 185
135 189
114 198
2 173
94 182
153 160
98 189
142 185
7 104
0 66
51 55
178 182
72 175
15 165
9 131
40 174
31 53
145 185
152 189
9 60
32 100
9 18
135 153
191 193
55 122
94 107
64 185
31 74
67 152
96 195
33 53
41 141
107 129
20 151
110 139
159 180
21 127
29 164
65 85
65 83
3 144
136 186
87 147
2 23
114 191
83 107
30 64
92 172
38 148
17 35
7 53
5 147
143 195
9 23
15 71
14 137
76 147
71 85
66 116
40 116
93 183
181 183
163 185
16 45
0 67
48 59
9 153
56 65
104 111
3 127
21 124
75 163
41 137
101 188
8 135
64 174
125 181
34 130
113 197
10 190
71 79
118 171
174 186
26 47
53 162
60 83
146 166
149 174
94 180
33 141
38 87
2 53
2 90
34 173
121 134
126 169
56 91
20 26
18 89
27 126
83 153
12 76
68 83
22 94
37 148
51 89
50 114
27 129
24 138
81 112
20 96
105 186
151 161
36 80
86 96
20 37
166 197
39 146
36 190
8 160
96 100
57 120
158 194
104 113
82 174
35 108
89 92
2 160
136 192
55 142
4 100
43 133
173 174
41 144
13 21
114 197
38 118
36 193
131 185
47 59
94 116
95 135
8 101
63 179
13 15
21 36
99 155
3 114
108 192
17 196
106 196
103 149
37 138
62 177
74 172
46 160
29 64
88 196
44 74
49 182
39 168
29 199
28 40
94 166
43 185
69 134
17 122
35 49
119 186
67 83
35 97
82 183
32 93
53 188
11 100
74 84
50 82
18 90
95 186
68 98
33 41
74 168
9 157
24 198
23 103
1 45
129 191
100 121
57 176
26 36
55 67
21 143
16 61
49 108
22 25
2 104
65 199
40 106
101 166
68 121
95 118
49 184
69 75
75 119
152 177
38 109
81 104
115 185
163 169
31 62
0 60
120 148
16 30
59 135
116 195
128 148
60 182
29 44
12 68
170 198
56 174
2 52
10 30
11 126
145 194
6 188
23 25
37 49
13 173
156 164
17 120
80 128
4 11
130 148
107 176
104 178
132 186
55 159
96 173
37 122
24 81
146 195
113 114
49 181
147 177
17 177
144 172
86 164
102 190
5 64
14 146
95 163
25 102
96 155
120 169
12 86
105 125
26 199
2 33
62 137
50 58
94 118
2 3
58 110
67 138
107 179
112 165
31 144
88 182
45 95
42 63
13 55
48 149
55 188
58 102
7 150
26 69
0 31
3 35
50 175
77 113
148 197
77 99
68 148
46 177
101 167
9 77
118 126
138 180
10 165
3 23
37 143
157 171
94 98
104 108
5 168
5 195
59 188
40 190
93 166
41 99
44 166
27 198
73 145
24 160
154 162
85 98
62 63
30 99
182 188
131 147
25 142
14 85
144 186
23 70
59 128
12 158
50 187
36 188
161 197
60 128
50 153
124 150
59 83
2 162
9 31
72 86
36 107
8 153
73 147
139 193
94 195
85 111
59 119
30 193
26 184
39 67
42 78
96 172
163 164
72 90
75 124
13 76
138 176
15 75
37 175
81 126
69 172
44 80
47 61
85 116
84 192
165 198
22 123
20 189
11 41
71 168
48 123
88 124
47 165
97 161
14 82
35 195
59 146
29 108
13 91
57 188
111 129
29 171
77 124
18 188
137 153
120 124
67 72
69 70
126 165
134 161
9 37
54 77
52 160
82 101
132 139
0 112
113 182
48 64
18 141
42 129
10 89
23 24
61 99
93 194
19 40
49 74
23 99
8 55
150 191
131 162
93 157
66 74
72 100
28 151
50 89
167 192
120 166
23 116
34 199
49 183
50 101
9 22
78 157
158 170
1 20
13 159
39 152
35 140
67 153
15 197
127 191
64 105
72 159
28 88
174 183
69 142
31 77
87 145
161 182
22 136
32 99
72 111
51 105
92 115
50 113
20 33
82 106
21 172
12 183
39 185
117 126
37 126
101 134
35 168
24 133
0 154
71 78
57 130
24 184
30 143
97 153
32 197
9 180
12 181
92 192
143 165
100 111
125 193
13 131
33 192
93 96
55 111
132 137
46 110
11 158
44 133
53 77
179 180
45 128
47 173
16 29
91 182
62 131
44 130
21 70
120 163
58 76
169 179
33 174
15 157
29 82
142 145
2 123
138 167
100 107
38 95
83 163
3 60
79 178
12 82
108 198
7 163
99 133
86 188
54 86
140 169
46 143
26 110
62 132
122 192
134 182
82 137
22 142
40 137
3 159
33 169
4 176
17 76
115 195
55 97
114 139
107 126
61 124
71 94
59 151
130 146
173 179
162 171
85 196
115 182
0 63
136 139
68 196
28 147
81 148
77 83
5 185
65 123
40 165
20 190
30 94
6 34
97 125
109 143
79 164
10 144
33 136
18 111
133 142
34 43
79 115
47 50
126 151
60 113
190 198
117 180
92 93
77 123
101 197
139 160
175 184
111 163
124 130
29 85
95 126
36 129
85 193
174 176
62 138
63 197
78 183
50 136
111 198
1 68
49 140
118 153
35 175
59 67
23 138
60 173
112 121
46 131
99 186
84 191
52 132
10 57
40 123
78 145
43 181
15 25
28 189
21 177
53 178
2 198
21 163
100 158
6 161
11 59
105 116
8 79
113 136
28 29
70 96
36 44
80 86
44 195
154 161
90 113
48 117
49 135
140 148
99 164
59 178
61 147
57 114
143 163
79 186
159 164
75 123
1 52
121 163
32 126
116 124
77 103
81 144
60 74
93 112
84 170
74 179
70 174
61 65
51 85
102 103
75 116
30 67
0 62
19 116
102 132
73 155
26 66
88 108
11 96
2 141
95 107
134 173
68 95
11 102
154 157
10 154
42 117
60 170
95 150
2 11
156 170
68 171
15 98
67 93
93 149
62 185
10 86
78 191
32 122
6 62
70 155
9 156
23 51
54 109
104 187
6 88
9 30
65 159
112 139
125 127
75 138
83 86
109 172
40 120
91 147
3 9
110 175
100 139
2 14
94 197
42 55
47 134
0 169
98 158
140 150
108 190
86 190
3 102
121 199
37 51
40 169
47 180
167 199
61 103
86 143
58 160
67 95
7 138
29 120
55 165
128 175
95 193
39 47
9 132
39 111
29 100
165 171
114 159
29 52
86 156
22 31
21 133
84 173
33 52
123 170
73 102
5 104
28 66
14 100
8 198
147 178
128 155
19 170
156 157
17 193
14 64
147 198
50 129
120 157
43 179
41 110
64 126
39 160
25 190
158 179
48 137
12 125
68 185
117 143
1 92
105 176
17 125
161 186
44 91
72 120
53 189
39 153
7 103
138 149
77 125
47 91
147 160
43 102
133 157
107 119
133 149
15 80
43 173
111 149
31 164
106 129
61 70
49 115
36 170
54 174
4 75
70 128
25 135
113 196
37 59
68 133
7 165
54 148
86 180
57 171
117 146
81 128
166 190
109 132
71 163
47 78
67 119
2 67
63 144
121 136
135 139
1 196
21 146
34 131
152 165
145 176
132 149
18 165
44 119
55 171
1 129
20 126
7 33
10 14
15 174
10 143
120 125
55 150
67 176
59 61
15 191
14 132
23 128
24 105
80 147
56 197
105 182
29 139
38 178
31 66
112 186
32 149
82 178
59 111
80 132
111 135
145 193
8 180
99 161
56 189
21 76
14 159
108 118
96 178
25 112
8 28
4 114
96 198
93 129
184 187
161 164
99 126
71 161
94 137
32 86
24 34
13 130
5 99
86 111
53 91
30 186
27 74
92 157
48 184
11 108
159 194
43 77
40 68
58 195
84 159
11 17
55 118
49 125
66 75
74 158
10 194
60 159
1 184
34 87
73 190
51 147
96 116
117 198
111 118
57 184
15 160
67 184
67 177
128 178
93 155
27 173
64 92
167 186
24 79
36 173
51 88
96 199
67 134
36 137
44 105
44 175
95 153
72 160
97 146
62 181
0 61
68 193
126 131
149 178
23 112
138 185
66 157
28 192
15 188
83 96
39 150
52 194
15 162
161 194
21 100
44 192
85 126
20 168
134 178
150 153
30 146
73 126
140 156
21 96
2 158
80 194
181 184
56 73
67 128
57 71
59 132
71 112
58 192
74 102
98 131
140 155
137 166
79 157
70 149
31 103
114 174
30 107
51 116
47 144
120 198
34 61
4 116
34 51
4 54
76 145
50 169
3 162
59 116
87 107
13 126
37 189
17 127
98 128
29 80
128 194
109 176
73 100
3 157
116 154
181 188
37 103
118 164
10 99
24 150
42 154
72 193
20 76
120 132
59 185
44 168
62 70
105 142
15 106
70 140
42 162
103 194
57 186
129 143
106 125
101 172
51 127
96 165
93 178
20 187
19 128
71 108
1 61
53 57
103 161
22 167
24 153
110 178
69 164
71 72
118 190
28 111
24 124
50 68
63 122
55 113
49 130
119 168
71 155
11 162
52 76
11 147
6 110
176 198
6 50
37 161
128 129
4 126
30 142
102 127
8 139
49 116
131 170
10 20
32 95
128 186
76 121
85 169
31 115
45 189
80 162
30 189
33 48
113 172
134 153
120 184
36 177
76 113
37 187
42 166
142 198
34 177
7 73
77 181
107 132
7 64
133 135
75 176
33 99
25 199
112 159
1 50
80 165
34 102
76 128
56 86
122 178
120 122
25 97
140 193
51 64
82 158
4 190
8 138
131 138
2 77
111 144
110 117
64 156
15 84
41 156
51 142
137 182
21 128
90 164
21 164
73 96
33 152
87 110
122 195
111 181
95 179
141 164
55 88
61 88
56 170
19 103
86 107
46 96
59 142
41 117
108 165
104 144
1 115
80 196
80 97
17 178
50 73
90 119
166 195
5 66
35 118
158 160
124 136
10 102
18 173
4 5
38 165
27 44
113 177
69 191
120 137
11 16
129 158
71 194
122 139
76 81
111 123
23 186
16 118
66 93
98 148
91 119
62 187
46 75
38 64
119 134
90 116
2 196
52 185
69 82
15 39
24 69
135 177
129 170
85 136
52 161
17 45
117 186
23 198
103 146
41 70
25 157
37 155
93 136
123 141
10 75
75 179
118 127
5 171
20 38
97 131
1 117
23 126
103 142
36 163
45 119
59 180
122 124
84 197
22 101
27 96
36 176
62 140
68 118
20 74
33 111
17 48
142 166
9 70
54 160
49 189
81 199
92 103
173 183
34 41
123 163
35 126
89 152
95 155
101 159
191 199
123 182
102 130
169 176
105 112
19 159
150 175
48 192
67 175
30 152
17 50
115 150
6 180
85 115
28 157
128 139
73 164
29 38
73 161
109 141
61 157
49 144
11 62
88 139
74 114
126 134
189 192
44 150
98 154
81 155
58 156
34 38
37 134
43 155
55 183
59 118
2 152
78 102
83 139
81 122
79 125
25 191
54 182
14 56
146 185
113 183
117 187
123 164
91 194
88 177
4 63
108 144
54 184
130 156
102 140
63 158
39 137
96 194
22 47
24 52
125 196
109 198
64 148
36 52
51 94
49 160
12 146
147 184
24 40
93 179
140 194
9 55
74 136
71 197
91 131
32 193
37 90
124 146
11 134
13 62
0 53
21 95
92 175
114 160
119 196
78 180
62 146
18 172
40 139
151 157
7 148
113 167
124 125
139 145
148 169
25 93
64 159
155 165
35 104
54 111
60 101
60 92
37 72
135 152
71 76
115 165
0 88
58 144
123 175
103 192
151 179
42 95
91 173
34 89
41 149
75 114
113 140
12 113
2 117
30 41
136 159
15 73
70 108
109 134
143 154
60 185
37 150
154 168
111 189
4 68
52 143
176 177
52 189
147 153
13 185
117 182
0 59
93 160
69 94
19 24
54 144
190 192
28 155
39 172
33 146
75 178
145 199
27 150
90 199
55 195
4 56
85 177
106 193
158 193
38 76
37 184
83 128
132 145
48 136
1 193
21 101
33 110
169 171
62 95
107 153
77 80
21 23
125 136
10 124
12 104
84 199
1 100
2 161
75 130
36 47
79 114
113 131
4 124
30 45
14 147
43 176
180 192
6 151
122 155
30 59
45 167
69 106
142 174
9 87
34 158
91 188
27 72
95 167
0 182
39 104
52 86
15 139
93 117
100 146
172 189
103 153
50 121
32 107
127 151
40 89
20 153
50 67
38 153
109 142
25 172
62 198
106 122
158 161
92 162
40 197
110 170
145 197
6 164
85 163
50 190
34 169
98 177
39 190
120 174
94 102
49 171
1 12
150 156
105 159
73 195
121 182
11 30
156 179
131 181
101 127
48 159
124 178
66 181
34 191
147 185
16 146
87 162
26 127
180 189
3 135
29 127
17 57
65 154
22 84
163 167
130 187
48 83
27 105
7 118
100 134
9 194
143 145
84 89
13 119
14 141
6 127
17 61
80 100
0 127
87 103
14 107
21 78
61 169
163 192
76 193
145 161
108 137
42 169
12 22
55 143
61 75
63 176
26 116
19 42
64 192
95 170
1 89
100 138
121 153
8 172
184 191
186 194
112 140
92 193
75 100
151 184
115 190
133 140
22 51
9 130
5 57
23 49
0 54
134 146
91 189
57 58
123 168
155 192
76 126
69 132
23 183
3 78
10 39
42 107
57 144
79 105
68 174
12 63
129 176
60 90
84 115
68 131
61 114
3 111
56 143
5 179
21 98
48 166
41 170
45 118
85 186
89 93
23 34
41 183
24 72
1 170
49 133
6 113
116 121
32 60
40 66
2 143
84 155
7 93
56 122
3 87
120 144
49 121
132 150
28 185
55 190
63 88
39 44
46 174
16 135
61 191
25 120
51 87
134 148
27 149
74 119
10 18
51 180
24 121
52 90
37 162
148 167
56 158
17 172
59 165
147 173
30 109
100 194
52 141
16 177
151 183
80 83
101 140
80 199
37 176
37 99
5 77
172 180
18 67
155 166
102 126
4 49
79 146
149 182
133 171
111 199
49 114
37 178
86 101
91 98
94 117
39 68
25 29
90 152
23 27
124 151
4 23
62 175
38 62
162 163
14 138
53 106
150 184
126 199
72 139
78 99
57 102
40 61
104 184
39 191
97 119
54 114
67 99
13 108
142 157
104 124
7 119
127 188
35 160
71 140
56 148
8 133
164 187
38 78
38 58
79 85
81 83
21 61
26 143
50 139
12 172
159 163
50 178
110 121
29 132
55 128
29 177
98 115
70 97
149 173
77 180
126 183
35 79
6 17
65 148
108 122
155 183
110 130
109 160
39 72
17 88
102 129
94 135
122 173
54 97
52 146
7 142
13 45
41 135
81 90
39 84
152 176
15 54
63 123
43 134
61 106
2 37
21 134
16 91
83 132
12 122
30 42
152 159
53 84
55 160
1 183
98 99
139 180
114 130
27 77
86 174
43 145
64 138
39 81
32 117
29 140
17 160
16 165
128 150
75 191
156 191
112 142
22 102
15 167
60 89
105 146
75 118
23 164
83 114
38 49
147 169
84 132
16 111
15 164
65 103
20 51
72 73
71 90
59 140
154 167
51 165
61 87
2 40
23 47
125 141
111 126
86 187
150 165
50 145
36 101
43 124
118 168
18 75
59 66
64 111
1 177
67 131
35 131
104 160
25 131
20 44
6 108
49 118
11 105
132 196
105 124
148 193
101 164
39 134
114 150
131 150
138 197
104 193
77 150
56 129
134 190
63 185
57 129
23 26
36 77
61 122
116 129
141 198
92 110
138 143
64 91
78 173
56 117
100 173
121 141
60 178
47 73
74 117
71 189
31 180
22 36
177 189
122 162
23 104
116 186
182 195
48 60
53 60
103 127
100 170
22 86
128 138
10 126
126 179
83 162
7 70
40 101
117 120
179 185
39 165
60 169
3 152
43 177
162 197
40 149
65 140
81 102
36 196
63 156
59 160
32 172
18 138
56 96
9 36
31 195
136 143
29 91
136 175
137 158
27 67
73 133
60 152
114 138
61 104
15 179
99 177
153 159
26 171
62 180
8 191
149 164
95 190
125 156
77 179
46 63
59 114
43 147
4 88
75 93
90 140
10 45
39 126
86 118
52 108
7 60
69 174
29 110
46 54
86 172
1 35
50 118
35 134
110 140
31 57
181 189
118 196
5 128
96 149
62 172
49 109
31 111
88 167
181 192
46 191
87 130
104 118
13 17
80 92
5 116
58 123
68 105
30 47
158 162
20 52
4 94
22 48
3 191
28 93
4 22
75 127
150 170
48 139
42 102
61 184
54 138
97 199
3 4
48 145
16 160
19 92
56 106
167 176
9 173
103 184
48 176
57 134
51 197
5 108
17 68
70 98
107 165
175 176
12 153
87 181
89 149
51 63
5 98
1 108
50 102
47 68
154 175
24 145
25 151
1 81
35 178
63 121
40 53
1 151
42 141
10 191
130 173
46 198
185 198
118 128
37 131
95 125
0 86
56 172
74 161
44 170
22 173
14 127
46 133
61 126
42 124
187 195
110 156
18 80
85 164
41 155
13 100
17 101
31 128
119 131
104 134
11 65
39 53
21 74
56 190
54 169
5 155
4 25
47 178
25 58
22 149
32 182
75 155
11 136
95 117
49 103
31 150
12 119
71 83
161 191
156 176
28 137
11 191
173 193
109 139
44 67
1 77
37 130
91 137
112 130
7 162
64 160
43 192
3 199
65 172
136 148
76 171
129 146
98 134
42 167
3 8
142 164
37 84
145 177
123 198
21 113
11 77
125 147
74 89
127 130
16 154
52 67
11 117
12 187
77 138
82 185
25 194
29 90
175 197
6 59
79 195
107 122
16 98
12 18
28 120
105 162
88 181
29 182
15 150
45 60
14 171
17 113
18 54
98 170
171 186
39 138
11 36
37 46
55 112
56 179
100 196
4 35
46 146
96 119
120 178
38 159
2 155
53 64
70 165
97 118
0 113
27 83
129 130
57 111
76 115
30 151
160 182
135 194
54 118
103 154
128 163
72 174
6 51
39 56
53 199
58 129
84 146
133 182
2 84
75 86
19 20
34 168
62 107
31 36
111 170
145 175
111 133
36 141
52 74
19 28
116 145
32 179
16 141
70 82
48 87
3 108
77 152
27 109
31 127
99 140
43 170
149 172
165 189
49 199
156 185
104 182
59 153
87 178
9 95
159 187
145 186
18 158
19 144
18 45
49 187
129 142
101 135
156 163
7 98
21 145
20 129
75 131
55 69
139 191
2 86
21 157
19 56
44 167
62 106
155 177
138 184
83 133
3 94
43 161
148 171
175 187
65 186
153 195
21 65
153 175
77 135
15 133
18 169
65 95
14 55
26 139
188 198
42 133
36 174
68 126
21 161
107 199
108 166
80 198
186 199
91 113
33 187
11 53
113 125
78 125
142 165
35 165
24 60
112 138
30 194
47 67
78 90
25 113
0 178
61 160
53 186
7 193
80 153
5 118
13 141
5 106
20 116
18 101
2 27
101 156
15 154
103 130
86 153
50 141
35 55
70 188
0 157
143 170
37 195
58 103
61 181
62 190
66 126
13 149
119 120
15 19
1 9
51 100
33 158
27 180
5 62
80 81
4 115
140 154
111 194
167 185
138 153
33 88
99 197
106 171
6 189
112 125
23 88
49 92
141 182
3 131
2 83
52 149
78 130
134 135
131 165
12 56
73 108
11 33
29 151
115 123
63 171
61 78
94 128
177 182
17 190
10 104
12 184
135 142
172 192
135 146
143 149
21 167
56 156
116 138
144 154
78 153
24 35
129 177
57 169
157 194
29 165
77 140
122 156
94 174
12 177
147 191
129 193
7 43
136 141
28 187
102 171
38 142
86 175
43 70
10 182
22 39
9 140
38 145
2 191
107 157
21 174
10 136
6 30
10 142
93 196
136 157
101 143
6 44
10 64
32 83
17 99
79 150
67 190
30 66
58 134
79 87
26 105
68 161
77 92
130 158
119 155
42 91
25 57
123 161
37 44
113 156
0 69
19 30
116 127
18 56
122 159
92 190
21 196
50 124
30 60
12 97
95 139
66 114
57 173
97 150
57 75
23 131
23 149
108 155
89 148
1 29
3 72
44 60
82 156
138 161
110 118
23 85
116 159
24 57
118 170
107 123
178 190
7 92
17 55
167 195
55 87
74 164
102 184
30 160
129 159
62 94
61 127
12 124
137 151
109 119
104 107
138 165
63 70
88 143
114 141
59 137
9 61
38 86
21 129
66 167
108 189
20 46
12 101
177 190
58 146
78 80
75 110
120 146
18 149
41 50
72 142
55 138
96 193
100 199
121 181
21 142
18 147
81 103
40 140
174 185
159 165
119 165
159 174
37 39
108 194
58 91
69 152
27 123
31 105
13 115
110 120
135 169
27 161
152 188
22 29
35 137
58 168
6 75
87 128
59 172
37 101
25 144
118 158
24 181
57 172
12 160
5 49
66 78
23 38
147 196
28 106
8 41
51 56
31 119
82 85
42 140
6 21
22 81
34 161
185 194
39 117
178 191
34 175
31 172
65 102
64 94
119 142
122 165
131 153
122 193
138 196
120 135
26 56
24 122
107 145
35 48
77 116
116 140
31 130
4 112
87 165
154 166
25 64
12 49
36 162
52 131
80 158
81 94
125 137
87 183
160 197
102 177
28 52
12 15
52 56
96 166
93 158
24 70
52 195
170 185
52 112
78 112
146 175
163 168
27 32
100 117
85 105
75 113
10 121
7 172
31 198
120 171
14 81
38 39
68 146
41 196
47 142
14 94
31 178
74 111
14 170
93 172
137 197
63 102
18 109
126 184
83 110
146 181
94 192
133 184
5 159
163 199
96 191
98 123
16 57
64 82
61 188
72 181
142 169
163 189
13 110
93 124
167 180
21 122
31 40
94 172
97 193
67 98
82 147
151 154
71 122
100 128
167 174
37 117
44 122
65 132
24 139
1 16
97 157
28 180
103 115
17 184
38 134
12 112
87 192
129 185
69 111
38 103
66 86
131 157
18 192
176 188
115 143
66 129
14 187
34 149
112 134
87 195
70 192
32 199
36 182
37 116
5 67
94 176
78 165
68 166
59 181
92 101
26 86
26 140
88 150
37 186
40 134
75 76
53 137
112 158
70 86
120 129
1 123
4 186
107 135
2 79
33 153
83 118
36 84
51 109
43 52
171 189
60 88
100 149
69 129
85 129
65 124
50 60
114 128
27 101
64 78
114 183
41 165
57 68
136 182
48 173
57 119
6 90
80 107
44 89
38 107
44 121
33 100
25 140
29 157
84 100
75 79
88 112
159 199
115 161
51 65
132 143
47 99
47 93
109 140
12 16
89 159
141 153
71 73
79 88
102 161
13 65
123 186
12 108
85 192
38 137
53 164
98 150
31 131
7 106
13 155
148 194
2 184
132 190
69 130
129 199
122 137
123 184
57 79
2 31
120 161
84 98
123 136
7 59
14 162
35 69
9 119
34 111
116 179
35 59
92 174
38 57
99 175
65 114
25 76
70 142
12 110
142 154
57 180
40 80
151 188
183 184
68 109
176 195
54 101
26 159
61 178
89 170
28 86
119 124
24 62
102 139
87 136
78 120
26 109
77 178
26 129
56 183
35 182
123 193
92 97
78 177
141 194
1 164
54 96
47 62
66 119
43 99
102 164
91 167
174 189
9 147
24 113
11 83
122 177
32 113
63 163
101 103
87 152
69 114
15 93
13 162
131 145
79 118
139 185
104 161
139 194
20 178
20 186
92 123
50 184
91 121
70 186
72 76
161 172
78 104
149 168
49 193
3 59
50 52
29 161
59 96
33 161
59 72
18 159
95 113
24 194
72 148
89 176
90 163
48 85
111 171
73 113
75 185
139 169
20 145
9 163
77 162
130 194
97 181
116 187
90 107
113 178
104 121
128 152
18 181
83 138
6 134
33 97
122 188
121 147
135 158
173 194
14 87
74 155
38 81
148 198
42 189
60 130
80 170
54 180
75 158
110 198
12 188
132 161
163 197
55 162
24 180
168 172
78 198
65 92
18 85
9 151
46 61
153 162
25 177
25 94
3 50
62 116
14 104
21 54
47 145
22 169
21 38
164 184
21 45
20 121
48 179
11 125
8 129
43 167
90 160
48 102
74 166
53 138
25 180
135 185
135 148
84 137
19 145
2 159
30 111
55 177
64 118
31 189
151 177
88 117
114 124
23 66
114 142
16 173
4 85
38 41
2 89
7 90
22 37
28 45
7 137
0 142
99 128
131 196
57 63
80 99
75 181
97 100
60 189
59 121
24 199
54 90
90 177
58 115
161 165
140 158
68 97
36 50
27 95
3 150
107 196
12 60
164 188
17 189
5 16
45 71
39 197
61 93
12 116
16 198
117 134
1 21
93 164
76 177
93 198
93 184
41 154
27 45
115 168
9 90
11 168
30 89
68 91
127 184
114 132
2 197
24 32
78 87
70 123
87 105
38 122
72 98
18 130
1 169
82 135
68 192
83 174
99 190
82 159
121 189
13 87
1 145
83 155
15 147
122 168
112 193
6 13
2 78
80 178
26 175
23 91
40 127
15 16
63 125
101 107
117 165
105 171
106 145
15 153
97 122
118 125
129 192
27 121
135 151
91 166
94 179
71 148
82 107
77 100
16 199
109 111
65 176
4 96
75 151
61 118
68 128
24 189
14 51
32 87
42 149
11 123
1 37
74 197
44 70
6 111
167 169
32 143
45 72
40 199
101 171
49 55
42 43
17 58
27 75
117 123
12 50
40 79
39 46
42 127
84 87
10 34
90 100
20 82
35 47
104 169
62 166
46 78
45 137
11 57
84 118
16 153
51 68
89 108
26 62
29 121
133 148
17 199
126 139
48 113
64 195
81 166
38 54
25 150
51 183
176 184
17 117
157 172
83 108
41 197
81 87
56 142
68 123
46 125
123 144
75 188
18 30
22 116
1 24
67 151
15 76
130 174
100 148
26 125
79 136
131 156
111 148
92 164
130 181
29 36
66 118
28 89
39 103
18 129
117 157
1 182
128 179
95 174
36 65
166 171
63 199
157 175
88 135
64 114
156 173
45 104
20 169
32 62
49 149
116 162
5 33
105 141
160 185
50 59
8 20
185 188
115 163
10 51
11 21
137 185
6 119
119 161
21 22
104 189
134 194
151 189
47 121
53 73
137 178
136 171
0 107
28 146
76 158
56 82
40 196
21 83
53 90
142 186
12 25
3 13
32 92
50 149
43 142
84 147
55 147
45 185
59 84
63 159
119 156
50 78
37 151
93 141
53 99
148 163
95 157
90 130
32 75
39 62
29 137
77 82
69 73
74 100
152 154
21 48
146 177
7 176
2 129
111 166
83 182
79 169
32 64
147 164
31 148
73 171
113 164
8 68
80 118
105 113
120 194
145 183
154 158
17 124
93 116
155 197
131 146
24 84
44 115
0 95
165 187
119 130
119 198
11 79
60 142
118 155
143 161
9 186
100 122
135 168
62 100
33 131
42 66
174 175
53 147
20 85
105 195
161 167
6 85
9 199
50 174
20 109
85 149
31 61
1 15
9 19
55 90
84 187
35 91
82 142
1 125
15 78
134 156
96 132
48 76
76 91
14 157
109 162
8 199
54 196
15 181
32 194
31 80
163 195
50 130
82 120
58 162
101 145
74 199
94 139
50 179
9 66
63 96
42 158
92 113
8 13
3 124
153 192
152 199
161 183
62 121
130 157
7 62
13 143
35 128
103 196
109 130
3 24
82 129
108 156
33 46
15 50
1 44
83 135
81 164
4 55
6 28
5 101
159 191
3 38
148 176
85 110
110 112
38 173
108 186
3 91
126 182
81 169
163 165
61 194
85 165
24 175
115 193
35 94
24 99
28 68
46 170
52 61
112 163
11 63
58 94
37 79
58 197
88 180
79 106
41 186
148 155
191 196
89 102
1 132
121 165
67 97
169 199
21 91
135 176
158 163
130 144
54 131
48 185
6 133
61 190
41 131
3 151
99 132
40 51
12 133
27 108
112 181
78 86
49 185
50 83
180 188
60 158
67 183
38 48
128 133
12 193
2 118
155 194
0 43
11 82
81 183
53 61
27 195
79 176
71 126
60 166
92 169
57 151
1 5
77 169
22 72
24 89
85 107
59 145
54 94
3 143
20 166
9 127
4 106
35 156
69 124
47 58
53 128
105 127
118 141
39 132
117 131
22 137
34 165
125 159
57 76
6 87
128 174
50 142
156 161
4 80
18 76
71 167
37 198
99 154
155 172
167 194
107 154
78 134
9 172
107 114
134 169
42 74
160 164
125 149
146 151
28 61
16 152
114 188
98 117
2 68
6 130
85 93
24 38
28 54
100 132
14 62
80 130
112 172
55 148
39 91
8 104
4 69
39 154
72 136
24 151
11 160
43 115
86 87
13 44
70 121
137 183
37 169
95 99
14 186
58 89
113 180
14 194
133 161
62 170
71 199
157 189
42 106
146 190
41 157
127 166
4 158
101 157
19 38
59 105
7 89
79 107
47 156
49 179
66 153
100 104
14 173
183 195
35 85
1 149
64 71
16 190
65 122
46 137
158 191
28 69
60 165
97 165
46 150
56 120
30 131
40 58
51 77
66 189
3 189
12 197
80 156
160 184
49 136
14 38
59 150
139 177
155 182
178 192
133 178
27 184
17 143
23 157
75 90
81 143
40 86
35 170
25 36
67 110
168 183
118 144
45 140
2 91
99 158
174 177
1 7
73 137
15 116
40 52
75 88
107 162
5 50
26 148
20 135
54 126
16 92
35 36
122 150
20 67
118 183
140 143
16 24
35 183
37 105
123 145
0 116
52 187
12 71
23 92
46 57
127 129
146 154
144 181
19 156
152 161
66 72
100 197
6 65
76 98
9 62
25 91
24 168
94 190
29 92
8 179
173 191
71 160
106 126
109 169
118 198
62 115
125 176
18 151
20 114
105 175
75 159
49 176
84 102
100 127
48 80
184 190
0 72
134 187
131 189
118 197
10 42
157 192
62 80
56 193
119 149
116 194
47 53
3 34
124 176
84 91
141 145
24 126
107 147
13 29
102 145
4 127
42 79
2 112
39 69
162 188
7 181
100 137
149 151
59 73
73 176
30 197
73 177
12 139
104 128
33 134
23 199
89 101
25 181
36 150
124 145
78 156
11 146
121 130
12 20
115 183
2 12
132 134
30 180
23 95
93 165
30 34
80 183
127 141
42 68
79 177
25 101
54 98
16 99
50 94
19 134
56 188
159 185
72 170
52 147
21 192
52 57
111 140
77 85
46 163
39 193
100 143
64 123
24 77
142 167
67 122
104 122
42 175
133 193
57 128
37 96
108 177
1 19
186 188
33 64
31 89
66 144
93 94
16 19
36 59
16 123
36 113
128 176
110 165
90 192
21 158
39 162
56 119
68 144
53 100
12 164
12 100
135 149
33 155
139 189
52 68
32 67
34 116
52 111
106 163
29 41
49 167
23 170
38 176
95 197
41 84
84 180
134 199
77 160
171 195
17 85
151 173
148 189
80 117
87 176
164 173
138 194
11 69
5 192
104 138
22 69
145 157
28 174
148 188
25 62
42 109
0 179
62 84
67 130
118 180
5 149
120 176
156 190
85 147
28 84
157 163
43 157
73 174
49 164
59 139
162 173
10 38
62 93
155 189
166 198
15 109
2 35
23 77
18 66
65 117
26 121
140 165
62 159
95 184
13 140
13 152
165 197
116 155
22 118
133 198
128 159
18 120
50 155
85 198
109 153
120 193
54 159
49 60
134 185
173 177
20 156
36 124
71 135
22 70
90 179
14 115
9 128
70 154
39 180
83 134
31 97
59 173
150 192
67 185
69 105
48 153
51 156
2 134
22 107
18 46
98 181
72 94
72 85
49 96
90 191
10 43
170 181
78 122
31 102
176 185
44 135
2 17
3 17
96 146
0 48
144 195
143 199
8 86
11 50
105 139
73 181
55 155
21 69
95 198
107 142
71 179
68 82
112 126
92 170
171 192
56 138
25 65
71 177
87 88
27 99
29 179
171 190
5 25
39 156
108 171
27 119
66 191
37 121
45 55
108 110
9 182
73 79
125 190
52 77
65 146
34 78
37 163
10 83
47 56
27 110
19 59
9 14
18 82
31 132
1 112
105 134
134 157
53 165
32 161
48 181
26 158
22 171
145 155
113 145
33 129
2 140
72 110
40 64
60 180
12 106
63 100
90 129
27 38
23 153
41 79
108 145
7 147
96 118
27 183
177 185
69 150
29 107
11 23
20 140
10 65
0 121
30 121
56 83
13 117
151 194
53 135
87 99
42 122
120 136
58 114
43 94
10 109
66 111
57 175
116 164
6 95
58 166
57 197
101 128
25 61
57 154
12 185
26 182
48 190
178 188
30 135
31 176
198 199
34 104
13 38
140 195
36 197
13 151
51 194
110 195
127 189
53 126
37 42
46 72
32 128
59 187
34 58
5 23
129 147
55 101
6 42
5 144
112 191
121 143
4 39
121 132
29 87
70 89
1 91
112 198
42 96
39 163
68 79
67 141
29 118
58 69
50 79
22 96
105 129
42 108
91 123
11 47
30 162
26 65
53 119
37 147
1 75
72 169
18 88
40 191
87 157
102 137
10 15
159 183
0 110
48 115
68 108
4 86
139 150
52 176
24 61
54 145
103 138
86 145
26 90
25 109
10 22
26 35
9 197
47 75
57 143
62 102
51 75
10 198
24 125
9 15
69 123
7 42
67 88
83 122
74 192
15 196
80 179
24 147
34 157
42 94
75 81
141 192
13 129
45 64
89 120
7 156
51 70
87 114
92 116
46 176
153 178
64 132
108 174
19 31
140 157
52 169
61 168
48 165
39 99
20 99
79 84
70 171
76 155
14 98
130 185
151 162
61 64
149 154
19 102
71 74
13 198
34 60
193 194
63 131
33 60
124 196
47 197
4 145
88 189
84 88
6 81
102 182
23 191
34 160
9 176
24 63
162 187
44 116
79 112
10 178
67 196
88 164
101 129
20 34
43 44
4 169
51 86
23 156
28 121
108 153
109 136
14 63
56 181
180 183
9 93
168 191
41 59
47 186
56 164
6 169
7 88
100 163
141 143
72 196
61 161
82 141
15 144
56 84
24 192
98 172
1 118
105 135
44 178
134 158
1 36
62 148
47 106
105 128
31 75
142 178
109 199
35 141
79 89
2 36
62 77
65 167
21 43
69 183
75 77
44 93
8 71
132 180
76 195
130 149
55 64
21 52
73 82
74 138
59 74
25 108
11 35
27 167
89 115
6 101
33 63
56 72
129 160
85 173
76 111
69 79
125 143
58 190
11 179
99 180
91 162
70 73
21 29
51 106
17 74
12 39
9 12
9 178
118 145
99 112
106 180
113 162
7 29
22 153
3 146
0 100
8 121
37 83
171 177
93 195
72 162
61 145
85 189
45 107
28 142
70 94
43 83
50 112
3 195
29 114
36 103
8 145
31 48
121 161
118 154
85 155
103 128
11 111
12 161
91 164
164 168
118 176
60 131
73 109
135 196
88 166
180 199
13 187
74 156
29 56
45 96
117 197
71 116
61 74
27 85
38 83
72 156
117 171
35 161
166 179
7 108
36 116
109 196
33 125
82 175
38 45
20 55
8 164
15 175
93 102
131 197
131 190
102 112
25 174
98 196
62 111
38 135
5 71
74 75
8 169
44 102
32 112
122 175
27 70
41 146
16 158
31 155
60 76
128 181
85 142
13 176
34 179
134 163
77 184
105 138
95 110
131 187
170 187
127 153
106 184
56 94
2 130
5 68
99 157
189 197
142 170
69 137
18 91
35 119
139 152
97 180
106 114
83 130
127 164
44 96
110 180
21 79
51 119
75 94
14 39
49 155
43 87
51 74
19 191
46 178
166 186
153 196
33 74
0 122
58 143
69 157
27 192
36 135
14 176
5 9
46 185
33 124
124 142
32 163
33 121
7 184
90 138
40 128
145 173
5 96
45 196
131 179
8 44
149 183
111 180
79 143
6 175
3 40
108 150
12 126
2 57
104 132
64 150
131 195
35 67
44 193
32 79
27 61
105 161
51 181
65 149
47 181
107 137
135 181
74 87
72 198
164 194
92 119
37 93
49 162
131 182
30 83
26 124
11 198
174 195
5 169
40 115
40 107
65 187
41 176
42 118
87 104
56 136
132 135
67 146
32 40
35 87
142 192
88 134
51 151
46 119
49 83
89 146
183 187
40 78
40 164
125 189
67 182
60 114
5 76
37 88
170 195
17 140
118 130
172 199
33 168
99 194
53 69
20 60
94 144
25 182
71 191
18 174
117 128
11 121
142 149
108 117
95 159
89 178
141 177
69 107
90 93
117 177
41 42
88 99
15 63
45 139
104 188
56 99
94 155
84 165
37 120
12 19
26 198
115 157
157 162
4 84
68 147
7 121
14 113
28 103
111 151
158 175
102 172
131 135
35 54
146 174
71 118
67 158
77 91
65 138
105 185
79 92
131 159
82 194
32 174
117 130
97 137
139 172
120 141
77 143
57 96
23 33
34 70
84 133
78 93
22 197
55 74
87 153
56 162
46 81
102 199
49 102
12 111
10 167
124 197
139 176
103 114
129 182
57 131
161 163
27 66
141 197
101 185
51 121
142 184
23 56
100 106
12 38
60 176
141 179
26 161
109 133
74 187
107 192
129 132
58 61
29 183
10 149
26 151
110 189
157 165
65 164
12 167
10 47
65 181
37 69
41 171
15 199
1 135
150 189
47 192
48 81
61 66
