200
13930
35 157
30 157
35 178
126 178
35 51
178 184
157 186
51 100
35 79
35 181
35 115
23 35
23 68
4 157
79 85
68 191
115 165
23 168
68 104
100 177
94 186
65 94
18 126
56 165
118 168
48 126
4 13
119 168
96 165
165 190
11 30
96 139
154 190
15 56
147 191
15 112
23 98
6 115
2 139
35 63
79 161
158 165
94 162
23 57
3 11
42 147
52 162
22 94
95 115
87 139
51 123
11 136
64 100
6 39
30 91
91 171
190 196
92 162
0 184
57 143
41 79
129 147
95 194
31 52
30 170
34 147
130 181
159 161
55 118
15 109
34 151
22 155
151 156
79 113
34 163
11 138
64 86
16 42
35 60
76 186
83 178
112 192
6 188
12 79
135 186
154 176
2 172
116 129
59 186
16 53
23 180
103 138
137 196
36 103
121 159
4 5
39 117
109 150
71 130
92 124
113 144
46 57
15 160
16 32
155 169
40 155
111 159
31 187
113 149
5 25
71 77
75 118
123 145
130 164
80 104
120 187
7 178
68 140
42 197
131 155
74 137
106 171
89 172
16 58
125 156
153 158
5 66
90 123
84 118
146 162
36 43
74 93
19 63
33 131
128 176
94 114
42 122
54 57
44 90
61 115
46 101
12 88
9 176
10 61
24 60
90 199
105 165
1 84
125 175
81 168
88 179
38 190
45 103
71 142
52 102
57 110
186 195
28 40
49 158
57 182
67 75
48 166
3 20
17 161
174 190
69 104
37 178
108 140
29 55
27 37
187 193
132 193
133 193
53 99
50 89
84 173
66 107
73 113
36 62
15 70
135 152
1 78
26 153
97 193
43 127
72 127
30 141
14 95
47 96
82 83
191 198
28 148
8 151
21 142
140 189
75 185
17 167
141 183
134 196
114 171
15 175
37 65
118 142
47 85
33 125
54 96
36 113
156 164
74 97
96 137
15 187
22 90
18 171
71 75
67 148
115 160
19 123
27 58
61 72
177 199
74 134
20 192
4 149
83 131
3 62
56 134
42 100
29 154
135 194
19 137
78 168
30 73
85 174
30 165
60 184
104 134
19 111
103 191
140 149
32 56
35 170
88 183
128 159
78 117
89 136
177 197
85 121
148 163
94 153
40 173
59 123
67 131
45 57
8 80
44 171
68 165
28 75
15 92
59 176
21 141
124 151
99 140
101 137
86 147
150 154
31 157
51 78
171 187
25 141
128 141
157 193
149 189
46 181
31 64
56 159
96 104
17 62
88 168
21 29
18 161
97 191
54 97
11 184
14 189
10 45
11 52
33 186
44 48
79 92
88 187
94 195
62 72
26 132
126 158
117 128
33 56
107 178
40 53
76 80
72 160
86 128
89 119
138 154
167 175
24 113
46 49
14 195
128 170
4 142
176 190
18 197
14 50
19 103
156 171
65 142
2 26
0 13
79 181
13 39
17 192
11 20
74 94
95 171
89 165
70 184
19 168
170 180
15 130
38 122
115 162
40 92
41 160
80 169
118 150
62 118
27 149
49 148
148 155
122 185
39 141
49 180
53 181
67 182
32 93
15 117
132 176
51 145
21 118
57 109
109 199
8 119
5 193
94 119
14 184
93 151
6 125
26 168
70 159
34 164
134 175
88 124
51 173
94 130
156 172
182 190
60 85
135 193
47 152
12 25
55 102
18 49
10 107
92 140
27 82
16 130
94 132
49 163
114 178
30 109
59 177
41 109
69 89
46 78
62 136
67 196
6 50
39 106
137 151
136 171
33 147
68 111
72 162
33 165
70 130
43 64
25 130
161 188
34 126
18 153
34 106
146 180
131 180
11 21
1 109
16 198
102 156
61 149
171 189
16 87
57 178
35 104
4 67
168 178
55 168
166 197
110 160
86 113
6 89
125 131
159 169
104 166
9 174
25 176
16 144
50 94
72 83
0 7
41 55
86 195
44 55
82 155
167 198
13 186
107 125
36 151
14 165
70 162
24 93
20 135
17 150
87 108
10 77
57 100
111 138
11 96
48 163
140 170
139 143
130 191
89 109
104 116
83 144
63 82
9 25
128 169
99 171
98 135
72 197
118 173
122 196
34 193
43 57
152 199
194 196
8 76
76 88
18 141
42 52
173 179
72 107
30 51
13 59
83 192
42 115
71 185
41 192
7 44
106 164
92 103
59 194
8 31
31 168
99 126
10 148
100 160
73 193
10 176
95 128
89 100
84 176
28 184
130 193
53 148
132 189
9 57
114 193
80 129
25 110
137 174
75 187
44 190
52 113
96 112
20 86
47 49
29 93
22 38
28 45
101 192
37 155
75 147
38 179
76 107
51 118
87 171
32 190
121 141
96 122
23 51
136 176
51 183
69 147
117 153
23 197
152 168
162 195
170 190
98 190
10 29
129 158
125 144
131 183
63 77
171 172
77 143
71 114
63 163
64 90
143 183
34 71
78 90
71 186
32 105
66 150
74 132
23 75
70 189
35 65
22 135
110 146
5 156
94 116
33 54
44 99
162 170
104 105
168 171
27 141
131 170
79 166
83 119
49 69
92 154
74 131
47 172
13 135
8 15
80 91
124 163
103 132
26 117
53 180
96 174
20 155
71 96
90 170
117 147
59 197
117 165
32 154
111 190
133 147
18 77
49 58
3 99
149 194
10 92
63 188
90 189
4 59
4 109
115 185
8 170
35 96
14 136
37 92
32 51
30 125
14 88
125 181
133 165
22 182
15 74
27 112
13 156
8 135
11 146
23 178
14 181
17 138
24 142
3 108
21 127
23 63
20 190
35 90
47 123
83 185
120 172
95 122
32 71
34 46
102 185
35 107
53 183
123 194
109 191
116 137
94 137
5 33
120 198
51 73
61 130
69 178
18 179
53 120
36 59
76 135
57 63
17 125
41 50
25 61
128 152
102 130
10 150
14 128
19 130
68 133
92 111
47 77
28 147
6 31
132 169
25 137
103 198
104 154
52 142
113 115
9 45
1 23
27 87
14 142
74 187
27 122
11 28
82 182
55 156
91 93
90 156
30 135
47 101
49 65
20 112
33 148
3 190
48 131
64 113
36 100
104 140
55 90
121 189
147 154
84 93
121 150
118 139
95 123
69 95
90 160
2 77
120 179
122 188
191 197
39 92
140 148
115 125
25 152
36 98
5 39
121 186
18 191
4 91
33 70
24 80
37 105
33 96
76 81
62 182
5 86
21 182
9 186
24 175
47 160
125 176
61 144
46 150
40 139
105 134
15 161
100 185
96 178
81 178
123 140
29 185
134 178
1 38
20 22
41 46
64 97
76 185
45 83
7 146
6 33
116 192
73 121
111 116
156 167
19 159
154 173
26 39
161 162
2 129
28 105
98 118
62 91
34 84
51 117
9 107
88 139
72 158
119 158
130 198
54 70
101 179
1 43
131 138
46 193
20 82
60 78
78 146
132 191
34 108
28 182
45 79
6 53
56 128
91 132
155 165
51 160
56 129
104 190
36 149
36 94
107 194
24 106
23 169
50 168
15 23
74 139
149 162
33 75
11 69
155 194
47 155
88 180
68 84
114 175
58 94
78 181
65 131
30 188
9 139
91 196
127 178
30 128
21 138
34 86
51 94
88 147
69 172
4 51
36 44
98 109
101 171
66 70
27 184
59 72
7 83
135 164
102 146
101 196
175 184
143 175
30 191
125 189
154 169
58 112
112 183
47 154
2 106
0 25
43 156
69 169
107 115
100 157
123 125
71 117
53 91
97 124
142 198
65 189
27 104
50 112
7 176
52 94
103 196
57 123
64 111
36 60
12 146
163 198
54 139
2 28
11 142
13 170
37 152
79 176
29 84
5 170
15 73
62 152
30 84
27 70
7 171
23 86
57 58
17 185
31 133
56 163
156 158
40 58
18 40
16 22
43 188
23 130
180 195
174 175
99 124
116 155
19 114
83 120
13 180
7 69
73 155
4 172
17 139
45 54
71 197
171 184
35 176
113 128
73 169
35 40
148 171
60 100
20 80
61 104
49 147
169 178
108 150
142 183
100 127
73 131
53 187
56 154
106 184
10 121
58 66
32 158
141 151
136 164
89 176
3 154
150 197
58 60
14 192
5 191
129 196
12 169
28 175
145 181
52 191
61 165
57 111
108 135
135 161
98 127
6 120
0 121
56 178
21 40
61 109
47 122
135 143
139 145
125 137
34 130
35 183
21 63
145 159
89 144
85 137
39 128
19 96
69 151
9 184
66 136
90 158
19 178
20 150
19 92
23 31
5 27
104 125
69 187
102 181
18 107
17 155
71 138
0 114
77 78
87 126
31 199
8 123
87 164
31 46
133 149
66 104
36 74
110 188
66 124
64 185
59 84
80 125
5 59
58 117
161 172
77 145
32 123
102 114
88 116
16 150
94 111
88 90
163 196
169 170
145 161
94 133
66 90
3 26
69 193
62 78
70 128
74 175
57 148
31 90
159 180
11 19
90 147
3 47
78 91
155 168
33 154
51 96
37 51
20 67
21 32
164 170
90 106
19 32
66 140
61 150
108 116
4 182
111 176
23 71
109 183
63 143
94 159
32 103
82 192
1 87
55 175
87 101
86 121
43 162
29 97
14 72
6 178
28 109
74 176
120 140
29 83
80 110
9 74
39 116
21 75
110 199
50 193
16 174
28 191
114 151
9 33
92 163
59 165
23 34
44 116
47 177
42 104
136 161
143 163
30 175
31 117
42 136
47 175
135 189
44 63
75 181
43 138
44 46
46 138
44 180
75 115
128 139
44 164
26 72
102 191
168 191
33 61
79 123
14 177
23 135
103 117
47 106
8 177
156 173
101 140
88 112
33 57
30 121
38 40
4 7
19 61
16 99
77 100
2 103
81 104
86 88
40 114
21 187
9 152
2 38
48 160
14 118
160 193
146 195
52 198
33 97
144 158
142 166
145 194
69 70
8 10
135 174
6 140
102 184
132 194
152 172
65 104
158 187
34 158
9 39
33 146
40 95
110 135
100 176
38 174
11 79
123 188
89 107
71 135
48 176
52 168
98 125
116 151
168 189
174 179
41 83
62 131
41 44
78 97
113 187
83 174
69 146
110 149
77 123
73 144
136 190
70 185
17 196
83 189
19 179
157 177
33 55
60 126
40 141
73 165
126 157
45 150
63 140
17 171
133 183
3 97
100 153
57 138
72 88
114 150
181 191
26 145
9 76
145 190
107 110
12 101
148 180
14 49
136 181
154 170
35 118
68 144
77 112
48 125
51 77
108 181
106 180
55 149
158 160
139 173
77 117
90 105
66 166
25 138
169 196
22 85
19 161
113 196
35 45
88 172
4 154
11 17
1 146
68 188
37 46
25 132
144 192
38 86
19 191
105 133
119 161
100 113
95 173
9 135
27 41
118 181
7 97
31 192
52 145
130 179
52 68
12 115
90 164
77 116
39 181
143 147
42 152
2 112
47 102
76 98
76 174
194 199
30 192
122 126
40 132
12 153
4 130
2 69
16 176
1 178
69 183
27 144
61 190
107 145
163 189
103 176
9 181
2 173
43 155
17 173
80 178
32 197
42 185
33 46
6 117
152 177
43 61
88 93
99 161
10 134
74 75
73 127
17 44
141 176
104 113
155 181
115 180
175 190
82 123
34 124
48 93
14 55
27 113
81 122
40 77
172 184
135 181
61 151
26 164
85 126
92 179
103 161
168 173
5 179
48 199
17 30
55 115
136 138
41 87
58 123
0 135
15 184
44 148
135 199
26 103
55 161
22 174
21 119
160 199
95 130
1 27
54 69
76 148
131 142
176 197
133 187
110 178
31 127
129 174
145 155
58 198
134 194
50 123
23 120
27 74
138 162
33 34
76 108
19 171
75 99
126 134
34 184
6 81
87 155
0 196
25 123
42 135
26 59
2 39
11 151
33 47
48 133
177 180
126 144
8 163
88 169
4 63
41 76
52 123
35 152
129 140
40 148
190 192
12 183
87 137
168 188
95 160
41 68
58 190
77 147
33 124
5 92
9 126
40 122
76 141
42 85
62 187
187 199
144 152
62 196
120 176
5 94
97 130
123 130
60 140
158 167
18 132
130 169
79 94
109 184
34 141
80 114
28 72
117 158
87 185
13 131
47 129
59 129
20 172
65 114
14 58
56 157
41 138
7 138
68 123
26 144
111 169
30 189
145 193
48 180
121 138
51 67
0 118
21 66
17 27
0 66
123 169
0 165
144 166
8 93
39 134
59 174
82 126
63 183
2 35
15 45
82 173
10 151
24 145
29 166
82 147
121 170
109 180
151 167
131 165
78 84
67 173
28 176
136 173
42 184
61 71
1 123
77 119
87 146
6 73
66 118
99 116
65 148
39 108
109 172
7 153
172 193
9 102
42 155
12 135
52 65
1 150
32 161
41 151
63 94
69 97
2 154
87 117
48 145
12 188
133 158
39 136
56 87
151 197
127 190
27 89
17 43
19 158
144 185
95 118
39 183
43 130
51 125
16 113
58 80
64 115
30 68
182 192
88 141
112 167
194 195
54 107
42 129
7 47
116 160
52 67
173 185
90 159
43 167
44 157
73 141
167 182
8 85
24 27
75 183
88 197
97 102
125 145
67 181
54 132
171 181
51 95
115 156
115 178
5 38
81 96
63 133
105 146
1 186
97 190
116 132
120 173
149 182
26 151
24 159
116 171
8 73
137 147
79 191
119 126
95 198
133 137
57 168
79 81
160 184
71 193
136 167
48 119
15 125
42 67
153 172
145 192
54 156
7 33
24 133
123 136
13 176
61 192
21 109
9 80
15 128
148 170
59 83
40 69
97 148
136 149
41 140
124 160
25 47
13 111
72 176
10 74
66 176
158 162
97 175
35 77
103 193
34 85
18 112
91 174
87 88
107 169
65 122
150 195
35 120
8 139
58 110
36 132
94 169
44 195
113 131
151 158
192 197
130 186
61 139
67 72
61 136
19 75
59 131
128 136
103 172
8 156
62 191
20 182
31 158
47 74
76 91
8 196
82 149
103 173
40 59
196 199
16 132
106 137
39 152
107 197
50 154
0 16
99 134
140 183
52 131
70 86
13 29
4 73
62 104
84 163
65 115
9 56
91 157
178 192
92 114
81 156
66 171
145 188
60 194
3 164
94 196
39 198
80 96
105 186
3 85
54 116
0 98
41 95
28 165
35 94
64 77
39 190
8 11
93 154
20 29
34 111
22 92
44 181
86 196
167 174
97 149
5 155
98 198
126 175
89 102
33 162
37 140
1 19
18 147
138 177
73 171
66 184
178 198
84 101
68 164
6 124
137 144
83 184
60 189
15 115
18 100
104 127
70 172
22 42
75 149
65 119
89 156
163 190
28 170
34 69
123 148
132 196
8 82
93 136
155 176
6 133
155 157
195 198
14 164
79 118
37 193
82 163
72 93
86 93
23 191
24 172
19 23
56 195
116 152
66 110
8 152
76 147
37 156
123 189
10 41
111 195
100 142
104 111
16 152
86 111
72 145
1 37
62 177
77 96
147 192
75 92
4 113
134 150
69 157
74 155
70 160
25 121
60 74
2 146
95 152
26 147
14 93
140 155
149 180
123 154
54 136
38 102
70 109
77 194
138 152
111 191
63 98
5 185
49 173
62 88
84 184
1 8
21 149
8 100
72 177
103 195
33 41
12 151
3 41
141 161
64 188
136 151
71 198
138 146
38 121
10 73
60 130
150 162
25 33
33 157
61 193
40 107
14 46
4 107
186 192
8 126
13 152
123 198
28 83
6 112
157 162
8 121
79 167
107 161
75 153
12 46
10 16
159 192
142 155
28 41
33 189
35 101
2 157
78 188
86 188
127 150
65 129
24 79
1 187
133 178
11 195
129 134
20 110
0 137
51 55
95 159
47 71
29 86
46 190
12 138
14 131
64 89
24 166
127 140
58 169
11 93
65 157
156 199
139 149
82 172
52 134
18 123
79 172
3 91
17 24
137 166
24 70
9 133
2 109
106 134
26 169
117 146
42 73
34 99
13 112
35 37
42 191
79 186
92 182
122 144
131 191
143 148
13 91
139 187
9 179
27 130
99 148
6 93
153 195
30 72
27 121
196 197
107 126
13 60
13 192
80 164
6 182
89 139
88 174
132 156
65 74
37 190
5 125
22 79
50 103
75 186
178 179
66 121
130 159
75 82
13 105
117 171
97 127
40 72
100 115
94 109
19 170
82 101
55 123
146 181
34 180
52 164
29 70
57 95
67 81
135 138
66 71
60 79
135 153
128 161
68 177
136 155
170 187
104 119
56 111
166 187
69 110
91 118
13 145
88 129
4 76
36 158
80 154
4 99
5 146
15 93
9 91
104 159
155 158
90 150
64 108
25 30
28 101
55 124
85 122
6 79
107 180
115 136
116 182
12 38
0 136
91 156
26 37
28 76
107 151
163 192
50 148
120 131
13 50
120 155
7 121
80 82
30 79
109 156
183 195
0 85
36 186
42 186
27 186
33 108
28 113
47 181
63 129
148 199
173 184
38 182
95 129
197 198
65 172
86 168
125 188
36 127
36 86
25 106
38 82
116 161
87 175
69 186
20 122
45 196
70 142
13 22
13 55
58 189
90 129
78 105
114 129
149 178
54 58
20 196
106 125
6 110
32 62
121 172
55 187
46 69
13 83
35 81
39 169
16 77
103 160
41 141
93 173
75 134
13 165
118 131
17 75
27 39
72 163
38 56
91 114
147 160
8 70
71 97
49 70
94 167
92 133
67 172
100 181
2 111
18 93
62 175
131 154
11 194
19 177
63 176
31 152
3 34
160 164
139 161
131 198
114 120
32 186
30 166
14 62
24 179
101 190
104 157
127 151
12 75
36 75
2 47
22 139
72 96
23 167
6 142
113 146
49 162
23 190
44 117
76 82
41 180
63 130
13 100
69 175
60 102
40 126
16 23
170 194
3 143
46 74
173 199
118 180
115 122
45 142
70 71
151 159
117 137
41 113
41 176
66 68
135 198
2 60
145 197
140 161
2 175
69 189
55 73
16 180
59 76
72 153
119 155
113 134
36 39
83 193
5 199
77 173
9 12
45 122
68 138
39 51
52 61
6 134
120 126
82 158
10 38
136 182
81 88
40 147
74 110
78 144
78 106
110 183
100 141
162 172
133 135
64 125
11 55
44 64
21 124
99 111
51 111
122 134
29 38
71 163
15 170
152 161
9 96
0 185
134 179
32 113
161 166
21 81
21 114
63 86
6 67
16 115
45 106
51 85
37 176
47 158
34 173
67 151
22 186
3 88
67 177
151 184
2 177
49 185
40 83
133 176
4 31
76 170
4 37
31 129
20 71
167 178
29 109
91 146
15 84
64 144
113 118
80 113
193 194
41 97
37 195
143 187
154 181
27 49
40 63
71 149
25 78
17 104
31 155
149 197
61 82
48 165
0 153
129 173
1 103
22 190
98 168
44 178
67 79
63 199
109 115
78 87
98 101
92 151
15 150
2 147
12 23
168 184
58 161
147 185
19 73
53 60
49 154
39 146
122 182
75 199
59 152
96 193
73 79
63 107
51 176
156 169
144 173
28 114
37 128
58 111
48 77
37 161
5 188
36 191
139 178
9 31
2 9
64 157
90 161
55 148
63 70
35 52
62 111
22 153
3 131
33 138
31 87
65 98
92 119
141 187
100 130
32 89
142 199
0 115
72 141
71 150
98 139
44 112
56 192
47 109
93 164
13 153
164 184
76 199
31 162
76 184
66 81
50 101
124 178
72 131
26 95
82 152
27 153
86 179
36 104
43 58
37 164
152 193
46 52
84 147
98 171
9 63
13 126
69 90
37 93
95 165
76 102
141 196
92 131
69 144
101 184
44 191
101 122
5 40
16 173
46 47
15 96
10 127
60 152
4 169
149 187
46 139
70 127
39 85
36 123
83 153
15 145
90 163
57 77
41 77
152 186
50 134
56 94
54 185
156 170
35 198
4 191
46 50
131 184
68 121
11 110
81 158
95 166
4 57
184 196
64 134
23 132
27 117
49 170
29 88
24 110
147 165
125 135
32 172
81 125
27 131
152 164
77 190
85 93
62 117
114 195
107 122
161 167
146 148
77 136
161 163
12 82
15 52
91 155
112 119
32 181
59 147
14 145
57 64
63 112
25 81
7 173
84 132
53 144
5 102
46 137
48 59
47 196
92 172
104 175
148 159
4 53
107 129
138 160
7 71
88 99
6 111
118 170
68 130
29 169
55 152
151 192
78 118
88 148
31 195
25 105
96 176
101 149
59 91
121 124
30 71
63 184
110 122
127 196
27 137
28 110
73 160
27 46
47 131
99 113
32 163
81 102
10 129
70 145
46 128
103 187
137 185
2 93
55 92
151 152
12 155
16 34
96 167
2 37
7 190
18 51
51 199
15 138
61 138
7 183
73 158
25 29
10 76
16 29
14 126
59 193
38 192
128 167
82 151
65 97
40 162
11 190
23 105
92 187
85 91
121 182
17 191
95 193
24 139
126 165
60 147
11 109
102 160
119 169
155 159
66 156
24 163
16 49
13 129
16 172
97 178
43 112
5 44
13 42
83 127
122 155
79 169
15 37
107 173
94 124
26 155
1 3
53 174
135 165
110 121
12 17
117 120
59 128
130 183
69 149
116 122
139 155
13 175
137 177
76 130
109 116
22 73
98 142
74 136
147 186
23 198
0 182
26 62
33 81
88 146
44 65
97 150
138 179
48 53
83 112
31 76
91 158
8 107
21 159
111 112
1 153
18 170
40 85
22 187
82 121
88 157
75 174
31 114
129 197
29 123
62 174
57 180
49 109
25 194
48 122
37 148
50 72
42 113
71 174
50 120
4 101
50 172
97 159
28 169
20 183
79 141
6 44
153 154
56 193
105 195
30 32
127 137
5 65
64 198
6 149
80 137
31 48
23 139
51 144
7 87
30 40
94 160
109 114
175 182
34 186
78 129
12 199
49 151
104 121
12 178
6 152
128 182
36 156
12 147
14 87
32 169
112 121
77 82
147 148
9 130
6 192
65 191
23 28
95 184
2 188
45 199
57 195
100 110
24 42
86 89
44 70
119 134
22 159
92 142
96 100
80 182
145 162
99 199
131 161
144 178
76 89
38 90
115 129
46 182
58 149
66 127
83 110
107 137
7 88
39 97
3 193
38 156
9 97
0 52
53 115
134 155
52 186
11 67
115 133
77 144
26 174
92 139
31 35
184 188
48 188
57 92
72 78
96 158
133 194
81 184
123 134
5 180
168 194
18 184
27 196
121 161
12 30
21 161
24 147
27 171
47 125
19 118
27 177
60 151
70 173
139 172
20 52
80 81
55 147
152 158
67 89
132 188
8 45
122 153
1 75
74 98
58 108
149 166
163 175
41 188
25 159
60 105
39 80
52 119
7 154
179 197
43 139
144 199
57 105
14 32
0 23
44 149
58 115
104 183
95 178
85 180
25 88
59 86
171 195
108 130
34 54
4 90
132 167
31 151
0 130
61 79
30 131
4 129
46 58
3 59
72 101
66 180
108 119
21 147
48 157
16 194
83 151
18 60
74 185
8 56
36 111
97 134
22 104
37 69
2 117
8 161
93 182
149 175
134 160
62 101
70 165
41 67
134 183
19 100
166 173
121 129
131 157
39 65
129 165
108 139
184 194
162 184
30 186
147 171
112 171
40 143
9 15
116 178
67 138
160 177
2 20
67 190
3 146
20 95
1 152
57 98
110 120
4 165
99 122
61 177
54 149
7 90
129 149
13 159
140 196
105 187
49 121
94 168
104 158
9 99
18 157
60 180
88 120
22 128
19 49
16 139
3 179
56 65
76 139
46 127
64 138
36 171
1 66
13 188
156 174
115 190
1 30
32 132
67 123
109 189
54 166
72 98
141 190
15 140
145 149
113 174
63 79
18 89
150 167
123 131
135 162
33 166
26 87
10 89
58 102
16 112
28 108
86 100
101 109
164 176
22 124
59 108
141 171
78 155
30 85
82 185
50 90
9 103
117 134
20 180
50 197
131 140
51 99
17 189
32 196
52 115
16 83
87 119
90 138
87 170
52 63
39 110
30 105
46 165
67 86
62 178
72 79
61 119
49 98
3 150
2 23
66 196
54 142
99 112
66 142
99 102
83 171
45 125
58 93
49 52
46 162
87 197
75 139
31 77
48 190
171 177
78 104
8 145
13 151
189 196
26 107
49 59
65 124
7 75
20 147
81 155
45 73
157 165
58 91
94 103
47 67
24 195
83 143
74 189
37 109
35 156
0 49
66 109
38 73
45 74
5 88
60 128
11 53
105 154
41 131
116 177
51 166
125 177
85 138
72 118
82 174
149 171
6 19
37 199
103 148
38 138
67 160
40 160
122 138
21 183
45 48
82 159
43 157
49 85
142 191
5 182
27 76
15 77
17 106
85 119
72 149
109 149
120 188
32 152
29 78
35 174
115 192
67 180
43 171
4 46
25 125
94 96
76 172
83 134
18 24
105 189
1 11
85 193
56 137
44 162
96 116
71 126
53 76
166 186
22 106
58 142
185 197
49 177
34 77
67 103
96 148
128 189
37 41
96 135
39 60
81 151
37 49
152 195
6 59
51 82
60 192
177 185
93 114
102 153
112 122
41 122
57 122
102 164
114 157
28 96
40 184
86 107
67 70
12 80
16 20
25 139
41 171
63 87
35 197
152 153
128 195
149 195
73 146
55 183
84 102
115 143
163 178
17 153
0 111
108 191
149 191
190 191
31 91
36 115
151 160
11 134
84 128
132 145
45 141
114 186
70 91
137 182
170 182
47 57
179 198
1 13
72 198
157 187
5 133
2 64
96 199
113 136
99 145
82 165
48 197
27 93
57 170
32 198
33 94
115 126
23 81
67 121
27 84
0 62
102 131
50 119
75 168
129 160
71 85
15 193
132 147
68 162
148 172
32 149
22 164
39 175
1 80
74 111
54 81
88 126
62 69
34 142
99 176
59 180
21 170
16 131
45 144
142 169
43 94
68 147
12 157
41 56
39 114
82 88
78 120
45 105
130 149
87 179
162 181
121 144
77 181
46 192
5 11
23 157
95 172
19 35
18 135
42 80
77 152
24 155
46 195
63 96
22 62
67 186
17 129
56 172
55 162
33 37
64 81
163 184
176 177
45 51
56 117
119 162
79 197
39 82
56 197
14 113
105 119
4 131
73 90
5 108
46 158
70 104
18 178
1 158
3 113
91 113
141 148
86 129
104 110
71 94
92 183
104 149
93 152
148 191
74 147
12 42
148 150
156 182
49 50
86 145
63 149
6 184
51 134
77 175
48 192
113 188
19 148
16 54
27 35
71 152
57 140
54 196
15 65
73 147
66 120
8 159
99 197
145 184
19 84
30 42
187 188
13 43
33 35
14 194
17 130
23 147
24 78
73 136
99 131
121 157
37 86
93 129
38 72
86 140
110 112
112 174
125 140
136 153
159 185
18 173
3 44
28 31
54 79
128 144
19 78
40 64
60 72
47 128
102 189
123 124
44 163
108 124
32 175
29 188
170 191
109 166
46 56
30 181
137 157
4 162
62 188
18 88
0 94
14 20
3 181
7 116
154 199
34 56
102 155
144 167
118 122
119 190
71 118
36 40
157 184
0 161
160 183
12 35
136 146
1 24
41 145
75 180
154 165
23 102
55 112
16 186
116 139
14 185
79 175
2 78
97 182
66 153
29 82
10 66
111 139
143 168
25 169
39 161
87 183
62 170
46 92
56 142
89 158
113 189
1 192
124 188
98 159
40 156
3 145
103 139
22 134
0 152
48 164
46 85
5 107
10 58
4 159
18 138
68 182
15 137
9 148
110 145
43 53
26 63
129 150
17 193
139 158
75 94
83 123
48 117
4 27
152 192
58 162
44 173
112 178
162 190
106 127
1 111
48 102
118 123
42 66
32 53
29 147
24 131
63 139
80 118
105 168
90 112
24 178
97 119
96 184
123 179
4 20
101 180
84 144
56 101
29 174
21 156
34 190
42 142
126 183
95 111
184 193
22 55
14 56
17 22
51 60
105 164
113 155
60 156
108 123
14 170
99 188
68 106
11 176
29 106
18 71
91 172
56 78
47 173
21 144
39 143
34 145
60 174
127 156
27 133
17 38
61 106
65 144
19 57
127 177
67 120
154 189
151 198
24 108
90 149
29 67
22 50
46 53
132 155
3 75
40 142
66 119
45 89
19 117
9 137
43 124
6 51
64 124
102 190
84 194
124 150
166 179
102 115
40 116
49 136
45 86
62 143
70 112
144 180
102 136
4 156
60 111
164 182
16 62
8 133
162 173
73 108
106 116
14 40
159 198
108 162
22 149
163 180
67 132
142 174
97 145
69 145
107 132
93 171
31 39
70 174
28 71
61 88
164 186
48 57
175 179
144 160
42 176
2 127
14 111
68 114
126 172
43 83
173 174
178 196
61 67
50 185
75 193
9 51
100 166
137 179
39 86
85 107
161 176
13 134
25 54
94 189
22 78
46 96
17 58
72 124
32 90
104 186
5 35
6 144
92 174
16 82
153 157
146 147
119 177
75 154
63 146
49 110
163 185
149 198
41 71
23 161
30 162
30 31
178 180
11 86
24 92
44 138
83 121
54 109
3 128
42 81
32 35
6 68
44 126
64 103
16 37
122 198
88 111
44 160
43 148
0 105
0 42
40 118
40 193
19 169
178 185
74 193
153 159
22 168
173 177
29 76
68 167
117 163
4 168
50 102
81 182
27 188
104 152
25 154
62 155
74 160
88 145
21 181
50 184
20 158
44 192
16 25
53 101
132 177
53 196
25 45
63 123
150 164
13 138
111 130
37 157
125 157
50 190
151 185
8 186
153 197
2 166
65 169
9 52
45 130
11 38
3 199
92 102
101 117
7 165
20 188
72 161
40 186
36 117
22 35
16 145
31 32
150 187
5 49
71 192
162 166
42 74
15 190
162 186
132 135
68 163
20 175
10 149
121 199
61 105
139 167
50 167
26 38
104 124
139 198
42 162
33 118
48 80
44 91
152 185
22 136
89 199
4 50
93 141
86 158
3 81
34 183
38 113
10 114
36 163
37 117
88 188
102 123
99 107
97 179
32 102
100 197
39 163
0 168
42 120
30 120
59 168
20 41
12 127
21 76
151 189
68 122
88 95
4 180
50 107
27 57
99 100
27 160
41 179
80 120
54 82
88 98
79 112
130 156
45 85
162 179
28 131
46 117
109 161
110 154
121 155
148 183
67 94
119 176
27 91
73 142
143 156
50 181
6 190
143 149
66 102
111 163
69 139
13 33
34 188
97 161
23 110
120 165
43 189
3 147
79 159
94 148
31 175
66 86
54 135
91 187
70 114
23 196
39 182
152 160
139 144
87 147
54 127
0 37
140 188
12 168
30 130
41 172
125 184
56 138
52 82
124 156
119 188
142 186
145 196
97 199
79 130
42 55
132 139
5 78
39 48
8 127
176 185
88 189
24 169
78 185
73 173
76 146
33 141
82 102
24 62
77 150
2 189
164 191
59 81
24 109
91 126
58 61
112 128
143 144
128 140
103 182
6 104
69 86
27 179
58 154
56 89
27 42
54 160
47 126
171 180
43 107
26 66
28 115
78 81
21 113
145 180
37 179
92 178
71 157
128 180
44 113
26 178
50 99
72 159
95 104
6 139
123 173
7 96
132 153
40 194
29 32
119 160
166 194
187 195
110 172
14 134
21 26
46 188
52 105
40 52
102 172
65 78
73 92
46 67
27 146
21 91
14 52
1 189
98 157
45 197
146 151
98 124
10 26
3 92
23 44
9 118
122 140
49 164
28 94
85 98
1 114
59 179
125 146
33 64
151 187
45 67
64 107
61 131
118 161
122 142
11 51
12 130
22 88
190 199
5 153
115 132
70 133
83 87
36 194
150 175
108 132
37 192
28 149
0 142
114 143
98 199
74 108
29 35
6 162
65 164
64 110
87 89
23 69
38 101
125 154
45 123
26 70
110 136
95 117
164 195
72 116
18 91
103 104
146 192
136 198
8 109
146 170
85 162
144 162
74 174
10 142
115 119
13 194
34 136
4 177
6 161
4 65
75 173
33 137
25 155
66 97
43 191
91 124
9 59
21 42
15 61
95 197
138 149
189 197
23 142
3 24
162 176
45 90
115 127
55 62
67 157
127 193
117 161
48 172
4 52
81 163
132 187
5 18
53 140
38 146
45 66
41 119
7 32
127 159
14 190
137 175
152 181
28 30
6 90
21 121
148 169
99 137
13 30
68 126
148 186
166 174
23 38
128 160
146 158
26 65
158 161
89 160
157 175
38 93
52 109
14 86
102 163
35 145
28 161
16 38
97 116
60 154
4 188
132 174
14 153
85 163
108 169
127 184
45 164
124 167
61 110
59 119
23 29
103 168
73 91
38 106
141 150
35 97
30 117
109 176
50 186
25 196
27 163
161 195
2 71
53 59
102 161
5 97
86 185
39 167
57 121
104 133
27 168
23 115
114 133
2 95
142 180
86 194
67 193
18 159
126 147
52 166
24 115
5 137
69 133
18 106
64 135
18 20
16 158
18 25
7 149
98 176
26 112
41 193
52 100
84 142
85 95
120 141
135 158
5 47
23 156
112 116
80 105
21 140
104 178
38 80
29 170
15 168
134 156
78 93
29 136
17 100
83 115
6 13
21 82
14 183
19 86
93 197
98 182
62 125
66 169
77 187
123 151
3 94
122 145
76 79
90 116
69 164
33 91
16 95
104 179
1 135
18 129
82 168
54 114
26 109
136 159
73 114
65 187
119 163
102 103
84 105
92 195
34 74
56 83
27 109
49 159
172 191
139 164
3 51
38 49
3 182
179 180
11 47
31 165
28 156
106 119
102 176
82 142
109 182
90 166
26 68
91 142
41 124
85 135
46 93
56 198
77 135
115 159
15 185
45 107
67 189
76 167
0 68
87 169
144 171
54 59
111 156
147 166
79 190
49 167
63 76
92 145
70 154
88 135
45 55
54 92
34 60
15 156
64 143
80 135
19 34
8 128
15 188
148 198
79 192
94 99
63 75
108 187
28 38
43 183
21 77
155 187
96 143
29 190
53 68
176 189
133 144
68 174
1 68
19 115
7 162
12 113
74 91
27 156
14 116
128 185
49 197
3 38
21 194
94 138
6 175
41 54
50 131
109 112
188 189
95 146
36 80
21 134
61 98
48 58
107 133
45 109
117 167
13 20
44 93
110 180
153 182
72 121
86 175
81 149
161 187
39 101
32 179
89 101
7 37
2 141
77 166
126 133
126 128
28 88
52 127
67 76
37 184
42 94
103 112
14 166
144 198
24 105
29 41
169 173
47 103
33 145
38 169
59 196
53 172
147 159
1 176
47 149
134 182
19 62
50 175
57 128
34 189
44 67
65 166
170 175
55 71
30 63
129 135
28 181
133 198
34 90
81 152
43 95
114 166
30 86
73 78
2 153
43 44
166 190
42 196
20 76
33 62
61 175
36 152
28 70
119 139
128 150
44 175
155 192
26 96
156 176
100 182
91 99
38 160
26 92
78 161
50 98
64 170
60 68
49 86
86 118
61 172
49 191
20 23
1 89
119 148
3 93
89 189
10 55
1 171
164 188
39 185
74 84
8 99
40 175
156 193
66 105
90 191
70 120
68 195
124 187
51 63
57 59
137 153
56 68
64 130
16 134
0 140
10 46
112 198
47 124
42 158
9 84
30 50
154 178
26 53
174 197
1 133
138 197
92 105
48 94
164 166
17 183
4 127
13 147
16 146
83 190
139 179
100 162
124 174
54 167
33 139
111 161
103 121
20 109
73 106
3 77
15 104
103 159
35 154
22 151
50 58
102 116
49 135
33 140
51 121
87 191
58 139
104 142
61 78
60 178
166 181
15 16
81 165
149 192
64 151
36 199
9 147
88 134
8 89
56 77
16 24
131 137
92 199
123 158
72 128
31 92
116 140
66 187
94 106
52 133
21 27
126 194
153 171
72 119
100 178
16 73
52 110
140 152
38 171
46 80
16 39
45 70
98 119
125 147
20 40
101 124
146 176
156 190
28 69
15 118
73 159
59 143
181 193
121 128
51 180
27 120
23 176
37 98
26 170
91 137
29 139
101 154
48 68
68 77
60 107
121 139
12 134
137 162
123 142
136 179
139 174
5 77
53 102
16 110
47 184
69 73
171 179
30 93
100 128
45 126
4 97
7 48
20 189
87 176
105 162
69 93
167 188
84 130
75 90
44 161
34 116
2 56
83 154
175 198
109 110
34 134
1 127
5 165
45 115
64 184
27 143
8 147
112 115
14 115
12 185
169 192
52 81
1 62
79 109
19 156
56 131
2 134
127 174
141 177
174 192
56 103
80 155
131 175
13 90
159 168
71 165
9 83
10 161
56 176
77 162
13 146
162 193
88 132
195 199
76 96
45 98
125 166
1 99
44 115
3 165
136 195
100 104
37 170
39 107
148 166
29 91
10 30
33 84
135 160
83 167
41 51
153 193
107 162
87 95
114 121
117 190
69 96
40 66
70 164
113 192
137 145
116 184
8 94
0 174
99 143
133 136
94 158
1 92
119 123
95 139
53 138
69 101
131 190
50 177
59 140
68 113
1 145
167 187
30 147
36 38
75 135
28 167
122 143
82 131
56 141
4 128
92 190
82 175
50 117
5 184
67 68
85 94
84 90
61 148
66 161
105 199
0 117
119 120
61 135
46 122
46 108
14 161
122 191
11 165
33 77
107 176
149 170
35 148
45 155
17 131
85 172
97 117
153 199
116 125
82 116
37 113
142 167
16 43
70 105
108 161
8 67
25 129
15 35
120 183
50 82
169 197
109 171
29 153
98 140
3 27
108 190
48 89
111 149
144 191
21 92
45 75
8 138
5 118
22 125
77 172
40 138
14 84
63 92
104 168
45 143
48 72
44 194
10 84
14 127
151 169
80 134
31 153
93 138
84 174
18 64
63 66
28 39
9 92
97 143
27 161
86 160
76 119
20 116
93 109
18 151
140 178
9 77
56 164
20 174
74 188
66 163
83 140
122 159
43 82
74 76
85 178
104 194
18 102
4 183
91 103
112 135
93 111
19 141
67 146
3 153
51 93
60 138
90 114
156 185
18 188
26 85
35 106
23 179
81 95
121 192
81 183
7 191
26 115
0 170
65 184
2 62
12 148
52 58
86 167
11 172
25 32
65 112
136 169
11 130
91 195
22 47
184 192
146 183
47 145
101 185
49 99
24 38
53 190
64 105
121 134
24 83
47 197
164 172
12 87
98 153
99 105
180 183
158 177
75 145
72 189
20 74
34 195
87 118
159 196
73 170
28 192
141 181
112 155
9 177
90 192
101 151
143 170
98 129
5 52
5 166
54 60
1 44
167 184
32 156
10 59
103 127
70 106
11 34
138 189
97 121
74 165
91 183
72 135
117 142
177 181
191 193
126 162
100 189
137 194
169 176
47 157
4 11
107 117
104 192
37 130
44 61
89 142
33 110
103 167
108 156
31 180
7 43
4 28
115 158
155 190
30 87
129 137
15 122
22 195
84 193
77 156
3 52
28 188
10 51
15 76
146 186
1 132
54 74
5 116
8 108
81 105
55 133
89 171
132 162
45 129
25 44
103 177
183 193
131 172
78 122
49 157
101 172
24 40
88 110
28 154
5 95
174 188
42 91
68 180
87 136
3 170
50 55
31 125
24 196
7 9
25 34
89 164
3 96
125 134
75 144
33 152
121 166
93 184
3 121
134 163
12 122
52 194
26 196
63 162
22 70
87 178
30 39
5 119
93 133
170 181
81 144
130 145
99 178
1 41
45 110
62 142
48 175
42 75
34 94
26 137
134 171
26 140
140 164
16 88
135 178
105 120
68 98
73 195
91 182
72 99
134 195
44 176
81 147
152 198
16 141
35 73
172 185
13 123
86 174
71 139
21 191
99 150
68 74
83 166
9 155
122 133
82 136
103 188
102 133
61 99
18 23
109 151
64 199
25 41
83 142
65 199
108 159
31 115
61 155
104 109
134 164
164 171
30 80
6 49
27 88
36 147
36 82
57 62
57 80
133 172
2 195
47 89
18 114
66 73
128 146
60 80
7 139
85 127
184 185
110 157
74 107
94 193
14 168
115 171
50 138
58 87
18 195
33 188
41 154
52 132
72 75
13 179
72 95
39 109
77 120
33 122
56 130
51 115
7 193
49 130
69 150
91 143
0 100
4 96
37 83
77 84
87 177
57 191
50 170
46 153
86 126
114 162
1 56
70 92
48 103
106 136
91 168
81 170
37 124
12 49
19 121
80 183
82 193
139 194
123 174
26 182
117 143
65 182
37 151
0 198
32 67
83 146
54 191
12 89
4 108
23 89
24 198
87 190
40 176
147 173
19 197
25 156
92 161
114 117
168 169
20 42
146 187
86 173
119 199
61 195
67 175
170 197
61 125
71 196
17 120
28 173
30 110
107 148
20 53
55 189
73 186
40 189
77 163
58 184
111 128
140 197
16 142
84 148
15 83
86 130
60 118
118 167
75 131
66 122
59 113
17 76
128 175
179 190
99 169
110 158
27 51
149 154
133 140
8 50
15 103
49 169
38 79
162 199
146 193
57 149
56 188
56 168
34 82
79 100
81 190
101 161
43 160
112 185
32 42
57 76
3 155
13 23
70 197
54 55
63 175
104 117
38 114
81 160
49 171
79 107
115 176
111 137
128 174
89 151
156 179
27 64
24 111
27 71
46 180
98 189
119 189
148 188
4 117
70 134
100 106
10 184
65 173
4 43
119 166
31 106
29 43
102 111
40 187
26 123
24 44
1 72
25 27
67 174
74 140
1 36
99 151
104 131
83 172
94 127
12 24
43 152
30 140
33 58
3 76
24 192
9 145
93 144
22 148
106 198
81 130
44 128
26 75
55 110
28 194
28 142
41 198
95 158
7 57
61 62
7 107
86 177
5 174
25 157
13 98
22 154
118 162
4 126
105 153
53 193
59 120
176 193
97 142
14 41
68 127
55 182
155 174
45 102
15 100
35 113
125 130
51 192
50 161
20 114
35 74
28 36
4 164
106 172
68 185
170 198
0 58
40 75
35 193
35 62
19 104
5 7
66 199
72 185
27 86
98 146
34 75
1 98
72 196
19 28
39 166
9 22
17 26
173 197
174 181
52 111
17 140
77 184
63 170
25 181
133 199
27 28
142 164
35 88
9 86
51 113
147 167
54 88
29 77
4 84
21 55
158 181
9 172
160 198
75 81
85 154
98 138
103 118
45 111
105 107
46 106
117 123
3 33
15 141
70 137
19 186
76 87
52 64
53 143
26 192
37 43
164 167
57 169
58 119
50 164
71 129
95 113
19 160
124 148
129 161
5 117
6 69
115 120
70 171
18 45
94 157
60 167
70 147
169 175
59 74
118 160
59 173
30 89
147 197
109 145
5 171
27 134
28 46
55 139
57 184
57 173
111 175
85 104
67 171
84 97
127 188
55 74
0 157
5 90
117 139
58 124
160 162
1 100
20 170
87 193
8 178
46 100
127 160
89 147
140 165
43 60
26 83
86 98
52 121
43 177
107 183
50 124
29 127
43 69
55 174
97 125
70 199
157 180
46 70
39 78
11 137
13 125
2 65
179 192
61 108
20 45
12 190
108 196
166 193
50 96
49 80
58 105
66 188
69 127
53 96
94 142
8 144
64 158
7 140
24 194
144 182
138 199
68 119
44 131
39 129
61 96
179 196
11 35
16 104
101 169
89 111
17 92
98 144
39 156
109 174
96 120
27 102
17 80
1 32
51 140
10 52
21 168
10 131
57 186
54 85
6 38
154 166
134 197
18 160
84 104
93 155
72 142
1 122
123 166
178 182
105 111
112 177
48 140
5 139
194 197
37 72
25 174
156 187
55 186
131 163
35 167
99 101
132 163
78 194
7 81
41 132
24 104
171 188
31 183
26 199
161 197
36 89
16 128
99 118
90 181
55 64
58 126
109 113
149 158
49 146
67 116
72 191
42 92
46 94
20 50
173 190
7 17
40 78
6 70
38 77
90 137
16 72
69 117
79 177
19 176
35 41
54 71
28 124
115 134
162 174
94 147
138 171
23 24
152 167
97 181
65 106
13 166
108 185
116 138
24 149
13 36
53 77
11 157
109 163
130 163
107 195
21 41
18 118
97 156
10 62
46 184
45 178
65 168
75 148
89 110
49 123
11 182
87 173
139 197
70 176
23 193
68 153
11 82
168 181
22 167
12 123
80 130
12 68
65 192
82 180
27 55
107 196
99 133
32 187
35 141
17 188
104 182
10 21
52 160
90 127
92 108
54 64
126 141
23 143
84 197
33 93
66 108
27 38
62 128
2 73
76 120
0 169
118 133
38 48
30 111
38 44
42 154
22 142
63 71
10 122
146 164
120 139
37 110
125 187
61 66
30 97
67 198
81 142
8 165
72 164
145 157
17 174
13 82
133 190
45 53
46 102
36 52
37 142
23 181
28 34
124 162
94 121
44 146
96 182
132 144
29 178
85 105
120 180
136 197
71 88
48 86
13 189
78 184
35 138
106 179
68 194
27 65
94 118
22 46
36 125
88 133
6 16
49 72
12 65
73 143
93 186
9 54
141 155
80 180
0 93
38 61
106 199
90 173
56 148
121 156
14 105
14 101
40 67
120 170
141 195
50 71
131 195
11 175
30 156
124 136
2 87
70 87
80 132
73 123
93 130
146 152
86 143
0 124
116 149
50 173
43 137
30 182
45 152
39 58
150 179
83 141
134 190
16 107
15 89
62 149
28 159
62 151
9 170
81 85
66 147
152 180
59 138
78 88
9 113
0 183
108 178
99 121
111 197
44 166
20 27
22 40
6 14
109 173
100 120
138 175
113 182
42 164
3 79
15 172
30 102
55 57
62 127
39 89
1 182
54 62
129 172
61 89
29 90
3 68
47 86
121 165
70 101
98 185
107 192
8 199
109 119
55 116
109 164
32 39
9 78
115 147
78 176
0 10
74 77
114 126
20 157
43 114
30 174
4 74
28 185
34 131
8 30
49 96
131 166
44 159
120 195
100 169
163 187
46 132
1 88
77 132
81 110
112 189
83 180
54 155
49 74
18 90
130 132
20 106
9 28
143 159
65 126
77 91
6 141
181 199
127 132
29 159
85 169
113 156
67 179
66 89
146 157
106 169
23 189
12 141
72 108
11 49
37 45
24 100
86 141
113 185
123 178
64 172
125 160
94 180
34 191
46 169
9 21
131 133
62 144
80 139
70 193
60 163
51 187
106 109
58 73
23 133
29 51
50 81
8 125
78 171
33 182
70 140
49 64
35 56
68 171
54 128
57 158
4 138
25 95
2 169
24 197
38 170
147 164
121 151
23 172
123 159
120 163
5 109
60 73
39 64
74 179
32 151
107 114
24 33
83 117
13 137
22 45
2 100
90 121
29 162
39 47
116 189
77 176
8 51
55 164
12 167
117 193
43 55
3 14
37 116
152 188
95 157
89 166
41 78
0 175
8 43
113 138
37 100
161 178
91 92
105 129
69 132
1 126
7 199
22 114
24 68
50 142
111 186
94 120
43 154
19 134
93 113
103 152
127 185
34 35
82 137
134 189
31 41
164 169
23 74
11 71
97 100
90 169
113 123
76 85
16 46
25 140
104 107
49 75
119 151
27 187
46 98
54 120
94 151
19 25
4 70
127 148
85 192
60 145
25 180
144 188
70 196
96 170
47 53
80 122
52 199
49 186
23 119
33 192
1 139
7 177
110 128
9 198
40 61
19 157
5 84
78 114
28 52
30 88
126 191
151 176
116 134
18 124
65 89
118 132
82 143
44 68
118 187
42 61
11 61
37 154
121 185
148 177
57 61
5 21
132 148
52 62
49 101
39 154
64 159
175 196
49 89
108 112
29 141
24 30
2 174
148 185
93 98
127 131
32 112
19 51
34 168
183 185
35 140
29 36
76 179
1 51
180 190
12 128
81 191
17 95
21 49
0 2
25 79
76 194
3 144
43 78
22 84
131 189
140 174
8 169
53 108
69 137
1 67
21 129
56 149
140 176
67 139
77 89
94 178
13 93
34 43
103 190
40 191
0 73
22 25
132 160
10 190
2 14
156 160
92 184
50 108
118 119
137 163
72 190
80 93
104 112
26 187
15 127
136 193
81 138
64 152
82 117
44 94
95 164
55 131
119 137
27 94
124 134
181 195
45 80
112 163
46 126
93 135
88 176
2 159
189 195
98 110
85 114
145 195
148 195
77 118
73 103
0 156
6 61
177 190
116 181
160 195
13 169
50 141
136 150
165 177
54 152
45 97
66 87
28 186
25 70
10 101
92 169
40 196
89 150
34 58
152 169
3 191
12 150
129 169
4 21
108 138
4 30
1 141
89 194
126 177
59 94
64 67
50 149
100 124
13 124
65 134
47 180
84 133
26 82
166 198
96 115
48 185
114 125
47 116
114 181
88 137
88 155
50 194
55 142
141 192
54 56
55 95
34 150
99 185
51 130
16 154
46 105
13 115
12 44
101 119
91 166
114 137
1 195
34 187
42 78
47 141
76 158
87 174
114 163
77 179
195 196
117 150
33 76
79 120
42 62
3 66
75 119
6 171
112 179
74 133
22 178
1 70
44 196
121 147
105 194
99 139
11 77
59 133
22 127
26 88
21 70
141 186
58 65
28 84
4 9
90 190
1 61
19 112
71 155
82 167
11 152
98 175
27 154
27 172
50 191
87 99
65 153
188 197
85 116
107 150
180 196
113 167
41 155
52 85
102 192
73 87
24 69
35 169
27 129
31 160
105 132
43 97
87 91
31 167
32 185
85 108
66 170
19 110
188 199
158 176
31 51
9 58
27 147
24 144
3 163
165 186
78 116
123 133
65 135
155 164
6 165
77 140
4 166
1 129
26 119
101 189
111 123
143 193
8 47
43 117
106 175
46 131
17 135
5 120
65 137
49 181
22 169
1 183
37 96
71 160
29 119
17 147
29 95
17 170
59 100
129 145
9 168
20 26
31 111
87 132
18 110
24 64
74 118
76 169
49 128
55 66
135 141
87 125
108 165
108 118
41 127
16 90
38 176
41 152
1 69
59 90
22 107
81 107
79 124
55 84
72 102
84 175
78 158
68 105
11 183
0 45
148 153
4 170
58 140
5 74
18 154
1 140
54 159
98 152
59 68
126 179
7 109
0 149
7 42
170 184
29 149
67 137
71 110
25 160
60 62
98 161
8 62
3 115
126 159
34 112
119 146
32 88
8 79
83 89
176 186
42 60
23 128
62 109
18 193
47 95
30 41
117 173
18 47
65 81
70 80
114 152
14 85
63 193
109 157
65 194
100 192
53 122
4 29
30 194
57 159
8 114
10 102
129 133
172 189
59 199
67 127
40 169
127 182
97 111
127 173
18 111
160 175
64 95
47 54
34 122
63 145
141 168
49 107
57 69
59 111
70 155
155 160
23 106
35 48
152 179
41 90
178 190
116 148
58 76
61 132
177 179
85 128
68 83
41 47
18 50
20 66
34 91
137 171
81 94
65 93
40 178
36 148
115 164
11 104
135 157
114 141
14 137
77 168
5 123
85 176
8 157
88 181
75 89
33 50
1 48
134 140
1 101
109 130
63 142
70 157
122 193
0 57
4 26
29 39
65 162
6 11
67 112
23 131
139 169
39 139
47 137
60 198
79 142
74 116
33 99
75 122
136 141
143 162
2 53
16 119
36 140
63 171
104 196
146 163
1 25
115 155
107 158
110 147
34 49
9 50
1 172
21 65
83 169
2 46
133 182
59 182
14 91
81 137
141 194
86 91
26 128
101 111
102 137
167 193
101 157
11 169
94 100
112 170
1 9
5 53
91 96
92 186
189 199
113 190
157 178
98 130
14 167
29 148
176 191
140 167
46 115
92 134
0 154
1 95
21 184
70 115
148 182
69 131
23 99
108 121
29 69
88 101
5 8
39 158
42 114
10 183
78 196
143 178
57 90
40 159
11 177
23 141
80 149
38 175
123 128
11 186
20 121
17 134
6 21
36 141
12 136
40 74
11 14
34 59
95 180
25 38
147 161
10 31
4 179
1 58
174 183
7 110
66 167
101 104
131 186
62 83
13 18
71 148
116 191
29 175
55 153
108 117
41 121
26 175
57 175
31 105
21 105
132 141
81 143
83 93
14 110
120 122
30 196
10 42
158 191
41 150
182 199
41 102
81 199
40 157
20 68
93 176
104 155
98 155
147 194
32 58
14 89
51 116
75 166
43 86
1 21
161 173
10 32
112 161
143 164
133 168
27 47
26 197
50 135
75 114
150 194
49 139
93 124
154 156
45 157
42 57
26 167
131 168
52 153
25 148
15 20
34 62
33 51
169 193
1 104
185 191
171 196
29 66
60 121
48 120
136 137
7 125
54 174
30 57
7 99
125 162
44 109
4 151
18 189
56 175
51 197
65 111
135 171
37 58
37 177
107 142
22 126
176 188
30 49
58 134
26 93
11 141
28 61
9 175
130 137
64 147
54 183
62 120
170 177
69 114
94 177
7 18
190 195
5 16
27 164
149 193
55 119
20 186
11 75
43 192
91 152
90 168
12 91
134 188
42 141
94 125
87 156
20 160
20 140
9 93
77 174
62 98
7 152
72 134
83 183
116 188
128 134
53 141
51 129
122 187
44 50
19 106
95 121
106 166
48 67
92 125
130 158
20 152
106 114
13 174
34 61
51 107
102 141
157 169
67 91
81 98
88 182
86 127
68 186
81 185
32 193
33 114
81 129
40 57
6 54
102 162
72 111
12 98
48 81
1 169
114 119
66 183
25 179
50 196
35 38
72 184
47 55
74 86
95 141
53 88
23 47
159 174
7 172
140 157
102 170
126 192
0 110
143 166
56 146
2 190
40 47
10 195
15 90
146 155
96 133
51 62
159 178
111 134
48 54
58 74
22 96
6 159
57 171
74 151
85 170
35 144
1 156
127 130
29 45
165 191
7 59
55 140
119 142
160 191
107 154
39 153
0 143
59 79
67 155
27 178
84 127
62 75
177 186
70 119
42 83
64 94
168 193
4 135
26 139
144 186
7 104
35 111
5 167
59 88
177 191
44 59
7 127
52 124
55 103
60 96
74 180
10 34
103 123
139 156
78 99
58 64
24 90
23 93
69 92
113 169
29 101
3 10
42 134
48 136
53 167
13 143
34 70
38 70
81 162
102 187
34 107
60 119
112 184
10 79
145 158
112 190
56 180
0 186
71 98
8 29
162 183
83 156
64 66
19 181
129 192
3 168
150 174
37 82
109 162
135 151
25 124
85 144
70 175
39 135
16 57
45 170
120 135
117 152
124 169
142 172
91 104
142 162
62 95
87 127
100 191
110 191
32 85
40 188
2 140
3 136
33 66
1 59
4 194
71 162
127 141
49 63
159 181
76 94
7 195
29 54
153 188
85 167
20 149
93 167
112 159
78 182
46 113
94 115
82 86
177 193
62 113
54 80
99 193
35 163
117 162
19 167
139 184
33 121
78 108
146 194
84 196
48 184
131 179
68 156
2 10
6 74
13 26
117 176
164 189
3 112
176 179
57 72
15 63
124 142
164 199
47 168
112 130
25 116
89 180
78 101
21 172
113 160
91 107
4 86
76 168
17 116
15 67
35 55
10 49
39 93
73 148
8 173
69 192
17 178
61 199
11 59
22 51
144 151
62 132
51 114
35 164
0 190
43 159
81 177
6 107
12 43
110 192
53 132
16 121
122 136
47 139
88 114
47 134
125 152
22 63
56 91
16 36
75 80
42 177
118 155
174 178
16 60
13 103
28 103
5 34
100 174
75 101
151 170
109 195
92 141
53 114
89 161
81 87
102 151
12 110
11 143
129 141
49 134
5 96
28 33
128 186
16 157
97 108
77 115
10 69
159 165
31 144
99 135
123 180
78 131
13 32
112 175
43 77
15 199
19 60
9 171
169 184
160 187
95 103
61 194
118 176
12 105
65 120
42 157
23 111
27 50
163 197
110 117
14 198
105 151
31 96
68 120
115 196
10 113
61 145
108 198
90 185
52 66
94 175
13 128
39 123
75 133
3 65
109 133
9 158
108 142
47 127
123 161
67 140
140 146
85 183
22 143
125 173
88 199
5 30
84 169
39 176
106 192
52 70
22 132
106 112
33 197
25 84
182 191
71 190
127 153
29 124
77 149
112 133
104 197
10 186
43 143
30 74
66 126
16 140
7 103
42 72
111 119
50 121
15 129
36 177
76 192
49 145
45 154
88 89
71 83
93 195
22 52
86 134
45 64
12 73
101 145
4 39
30 70
31 150
23 158
11 178
46 189
66 179
64 116
102 127
151 180
105 125
58 81
114 135
86 187
71 156
84 153
21 120
46 129
92 116
45 96
24 43
165 194
93 179
49 132
6 43
89 118
134 136
33 104
116 121
132 199
8 104
146 156
57 192
61 183
46 187
142 165
188 192
118 136
16 40
40 131
72 152
14 114
101 127
20 85
52 91
166 168
79 187
123 167
115 144
119 135
49 116
93 153
72 173
71 100
73 118
27 195
92 198
21 61
44 127
143 158
46 99
24 47
13 28
31 174
57 78
48 149
45 139
24 123
41 66
93 125
54 73
79 160
22 171
6 148
36 188
75 184
123 156
98 106
85 139
175 176
64 79
24 65
51 177
31 193
32 115
31 67
91 185
87 172
24 185
142 194
144 169
141 160
99 167
106 152
30 119
14 176
110 165
106 173
76 144
177 198
20 81
36 131
61 163
21 89
7 19
35 194
32 61
25 59
128 188
80 192
49 61
98 132
20 87
36 182
32 192
47 80
37 50
166 177
37 125
9 160
59 106
10 163
14 159
61 159
113 120
37 139
11 128
90 145
117 168
29 48
96 111
102 121
147 156
112 144
8 129
157 199
61 173
26 57
31 42
19 54
77 79
47 144
46 151
58 99
105 180
49 81
1 31
93 150
53 146
47 193
167 197
23 151
100 114
37 85
161 199
63 72
80 176
4 23
39 120
71 99
26 142
8 164
20 159
158 170
87 148
59 149
110 174
21 158
12 41
26 42
18 168
12 48
83 195
162 175
86 115
95 120
0 172
78 133
6 34
14 188
77 137
75 86
21 171
27 81
7 55
39 45
96 110
66 141
83 135
36 77
112 132
16 30
8 111
145 172
14 74
112 191
123 193
122 186
5 114
92 156
42 96
110 118
119 171
7 180
84 140
29 71
27 151
14 152
23 87
120 196
20 143
116 195
153 184
1 15
17 99
25 93
16 56
150 168
15 60
4 178
67 98
114 148
21 152
133 192
45 151
172 187
38 117
49 95
103 165
57 66
77 139
108 110
45 166
150 177
10 126
22 44
24 25
11 95
76 128
63 135
12 26
94 155
111 141
33 160
26 58
63 177
49 198
9 14
101 143
20 64
94 176
89 91
25 43
24 160
15 155
65 178
3 17
35 188
10 80
119 127
68 90
35 172
38 163
107 193
107 109
2 180
70 168
6 10
30 160
74 182
10 166
29 176
84 145
18 83
97 136
70 76
84 139
41 111
124 126
172 175
42 156
58 197
44 114
74 141
109 158
132 182
56 90
39 151
75 138
31 86
106 186
178 188
1 102
5 80
130 146
2 15
26 176
97 104
88 102
160 196
39 147
37 99
68 157
105 123
87 129
16 125
175 189
60 129
31 113
39 148
134 169
84 154
165 174
132 136
110 195
140 190
55 150
11 18
2 98
121 193
17 163
12 72
67 166
137 195
174 191
118 140
115 173
126 142
44 84
72 186
9 95
96 125
3 118
1 6
162 197
80 160
73 77
102 109
10 160
172 192
71 73
20 166
115 138
0 108
138 186
68 136
12 60
90 126
98 108
181 188
7 111
94 104
117 194
80 189
56 150
104 191
23 107
41 129
103 185
65 103
69 182
46 97
160 168
50 199
175 187
167 191
77 193
54 115
3 111
64 190
122 123
83 125
1 124
54 195
96 161
82 119
32 60
48 79
9 105
6 172
64 166
51 146
95 126
90 108
28 119
182 193
71 167
137 148
120 189
47 59
36 81
64 180
11 158
148 165
17 74
46 59
100 196
93 169
9 162
84 162
78 83
47 56
74 125
62 199
184 197
12 63
2 165
27 108
36 129
162 165
64 195
146 185
10 182
74 195
109 137
65 140
58 77
84 106
14 104
9 193
147 196
15 94
46 157
93 132
64 112
8 120
9 161
74 121
2 114
111 179
92 153
71 187
188 198
64 169
101 102
66 191
119 138
30 179
41 45
35 71
14 171
142 193
91 110
69 195
128 164
83 90
93 105
59 155
159 166
120 144
62 186
54 177
29 138
123 160
119 122
22 115
124 135
53 64
39 194
40 182
74 128
129 142
80 172
5 99
59 89
58 85
114 128
185 190
22 123
151 163
41 86
4 115
16 159
118 199
8 97
81 153
82 157
66 162
120 125
91 140
72 82
56 105
19 26
144 164
85 87
167 183
132 140
35 121
29 168
164 173
26 43
91 197
90 115
9 47
28 43
80 97
14 54
94 197
8 149
29 130
56 161
107 140
82 198
36 57
94 143
70 138
112 187
6 185
39 104
9 69
14 138
107 123
144 172
108 134
92 94
59 156
90 184
51 137
15 162
67 126
30 36
103 171
134 141
35 95
2 11
92 135
43 178
77 153
13 53
58 185
40 54
38 89
14 83
34 65
47 171
148 189
54 186
95 133
124 141
35 185
164 192
46 124
75 157
31 141
154 197
17 86
161 193
105 135
83 177
37 186
17 52
116 156
83 106
14 81
143 151
103 115
67 144
14 109
113 121
29 37
128 177
36 93
29 140
58 116
113 198
110 124
66 101
45 187
10 115
20 187
9 109
83 170
81 169
107 157
55 86
122 183
19 187
69 185
82 176
118 186
168 199
153 174
103 129
51 190
110 173
125 161
62 148
34 66
31 184
59 184
5 192
87 151
43 135
72 74
48 90
12 71
171 175
64 101
20 120
61 102
105 176
60 91
67 96
28 155
44 71
137 143
1 163
190 193
151 191
99 172
81 109
28 121
93 160
26 61
43 67
68 134
63 69
8 44
99 162
36 134
24 99
160 178
144 184
77 83
169 185
43 165
146 175
73 176
70 81
20 63
68 139
34 68
27 162
91 112
11 191
5 60
97 180
105 139
110 132
125 129
109 185
50 179
61 74
91 127
84 177
28 37
47 64
41 157
51 65
40 174
21 60
44 102
14 47
43 146
17 23
113 176
79 135
169 189
12 103
95 153
50 97
89 124
42 166
31 36
34 89
21 139
36 130
36 116
3 174
132 173
10 104
22 141
27 73
18 142
162 180
50 76
62 134
39 102
61 188
25 75
9 53
67 101
25 173
128 154
35 173
68 132
52 143
50 152
6 56
52 170
17 143
28 162
95 154
138 151
86 116
141 185
44 151
83 163
4 69
138 157
119 197
69 179
87 123
34 174
150 186
79 106
3 171
7 148
11 189
108 109
74 148
118 183
140 191
43 71
102 122
4 146
9 140
8 118
53 166
30 78
1 86
10 199
11 42
74 162
156 198
38 151
123 146
102 150
53 81
86 182
44 135
20 185
45 82
118 154
55 191
8 143
39 119
54 111
134 157
29 73
74 158
102 125
70 192
24 158
92 173
56 191
114 190
80 162
104 167
39 42
92 132
106 153
83 181
4 111
21 30
26 172
114 140
21 137
13 71
113 147
5 70
37 87
33 163
156 188
39 132
93 189
104 153
46 87
43 85
101 136
45 52
124 129
111 129
13 118
12 174
79 99
69 91
52 79
37 62
64 93
47 65
165 184
179 186
88 119
43 185
154 157
18 43
19 142
59 172
65 75
112 180
154 167
16 137
152 191
61 91
78 157
110 159
7 141
5 64
55 93
73 107
108 173
1 137
110 175
57 108
55 61
33 178
89 106
66 160
136 162
93 123
95 192
24 58
1 190
54 63
51 163
18 68
138 153
129 198
74 170
48 108
78 153
17 94
53 184
135 169
189 194
48 73
121 168
87 162
186 189
72 133
20 144
76 176
90 132
56 127
81 82
113 184
111 181
133 179
155 182
55 82
128 142
59 158
20 171
21 102
65 118
111 120
29 196
81 128
13 107
51 185
79 83
10 171
37 165
68 94
16 28
24 59
21 165
91 131
16 33
49 131
95 99
34 176
36 61
72 76
25 35
90 175
15 87
59 126
35 59
11 25
102 165
105 177
83 187
11 40
141 149
36 128
7 30
60 175
77 186
121 136
21 135
60 76
181 196
154 198
46 166
35 151
113 141
15 59
60 89
8 188
58 157
50 133
122 156
21 112
161 192
86 156
71 136
125 149
15 171
95 182
117 188
9 100
34 177
5 106
74 161
177 192
43 81
74 181
151 154
62 66
43 49
19 36
44 193
139 183
133 189
86 142
1 173
55 89
70 90
23 92
13 99
9 117
92 193
43 190
39 44
29 152
5 62
82 196
15 108
150 199
4 25
21 46
27 135
32 82
9 142
86 159
114 194
8 84
116 176
48 56
53 117
130 165
54 118
36 184
15 29
22 160
78 138
9 30
24 189
88 131
1 151
41 49
126 127
51 59
115 128
22 58
74 159
41 125
7 20
17 169
167 196
21 54
3 109
49 92
86 136
100 133
7 166
137 197
42 160
31 145
33 88
41 105
50 136
143 182
3 45
47 121
29 120
54 189
55 192
2 59
12 158
121 177
35 58
75 160
63 90
23 26
32 159
32 38
27 48
110 189
12 61
153 164
51 171
72 167
36 101
101 164
29 142
152 194
127 167
101 108
89 117
96 101
43 170
80 191
40 79
74 142
86 192
170 173
8 24
9 124
82 166
169 177
142 181
86 149
2 58
32 120
8 17
8 172
1 197
27 59
120 129
23 59
59 188
167 186
36 85
124 166
117 180
63 187
68 192
59 164
128 162
2 185
22 28
103 134
55 68
152 166
50 165
3 82
80 177
61 117
130 166
11 15
108 192
42 98
137 192
8 40
32 135
48 109
28 53
79 150
141 162
12 196
77 98
90 117
21 195
142 149
11 170
25 26
124 195
65 159
167 194
139 162
180 198
69 99
140 171
70 170
56 162
87 153
16 171
141 189
6 177
41 104
90 135
132 166
50 144
72 188
137 169
0 104
0 189
153 162
141 182
83 101
168 170
18 79
177 189
39 73
13 127
87 97
82 170
95 110
153 163
15 133
78 143
62 135
70 188
86 108
89 113
32 136
104 150
161 184
79 129
41 167
9 13
39 157
8 176
18 198
76 164
165 197
50 163
82 115
76 97
4 36
15 80
71 91
49 195
99 119
93 115
20 113
46 95
39 164
8 83
91 199
12 100
98 120
32 116
17 70
32 46
30 155
48 195
95 140
73 122
98 177
79 97
73 115
85 120
32 44
89 96
141 166
16 117
25 118
81 189
51 189
114 177
62 190
65 196
49 78
131 193
56 57
121 191
51 104
38 87
155 191
39 43
69 122
141 156
40 71
11 73
68 161
87 152
186 190
41 182
72 194
78 189
170 186
125 142
32 147
47 138
17 166
18 105
58 59
15 38
58 168
109 154
106 135
120 157
127 165
124 176
72 136
132 175
82 91
39 69
71 81
8 180
20 84
75 129
83 176
83 160
5 83
47 156
5 122
129 159
52 88
41 186
12 181
29 125
65 170
89 154
13 184
2 21
67 191
3 172
64 74
64 122
138 183
87 196
130 135
30 106
68 178
117 133
168 195
179 193
16 48
131 147
62 140
31 69
63 152
135 140
5 149
56 169
35 199
40 101
170 171
39 66
9 23
55 79
14 157
27 180
79 139
32 66
65 107
22 183
85 115
42 53
17 128
58 137
37 91
9 19
75 105
65 165
134 139
2 143
45 112
56 64
20 98
82 188
134 149
122 175
10 88
65 86
108 179
7 170
25 114
107 166
25 186
159 197
42 88
9 195
36 169
143 198
37 54
145 151
150 155
25 40
130 134
191 196
11 180
27 128
51 141
59 78
183 198
11 64
115 183
12 107
131 194
64 68
146 188
24 130
142 161
85 109
89 153
70 148
9 197
159 172
17 184
67 113
22 133
78 165
44 172
7 113
181 192
46 176
51 69
12 152
158 186
137 186
106 122
84 156
3 60
21 72
9 94
6 66
68 87
67 153
119 144
13 114
77 182
30 101
42 128
70 136
10 156
21 185
67 122
50 159
133 175
105 128
124 170
16 114
115 175
56 120
104 160
32 50
8 106
137 160
88 178
38 52
73 152
131 192
42 133
113 145
147 152
46 119
48 75
106 107
42 189
7 91
73 83
179 184
64 78
117 186
158 188
22 103
25 143
101 147
69 177
149 179
143 171
93 162
34 156
56 144
119 124
53 79
60 150
64 193
152 165
96 188
114 155
135 147
116 145
48 187
48 158
24 56
50 63
54 154
62 85
62 180
67 165
80 175
44 152
87 92
137 146
66 79
42 87
12 37
66 111
47 60
47 176
121 140
84 179
3 139
16 185
10 177
132 133
82 132
0 56
9 169
22 192
15 86
154 158
59 115
141 143
47 70
113 161
9 67
11 46
25 63
37 52
8 34
50 140
154 192
105 175
58 84
110 143
57 153
37 48
58 88
21 188
111 140
148 161
30 44
63 172
0 159
42 130
14 151
4 116
43 181
42 167
8 132
99 128
56 185
57 119
107 155
128 145
34 121
80 165
47 191
136 143
4 119
33 168
66 173
6 109
6 47
79 98
25 53
121 137
91 139
54 170
10 147
161 183
3 134
2 107
111 126
92 127
58 148
40 62
96 186
79 188
80 100
38 180
66 143
126 199
30 115
14 66
24 174
75 176
20 94
126 132
106 191
36 181
149 177
169 188
80 173
57 84
13 101
14 155
33 92
31 126
9 120
9 149
15 41
163 172
88 190
162 169
57 177
146 179
156 195
23 64
36 179
7 41
182 194
12 173
90 195
28 63
44 189
85 153
62 89
83 116
9 20
18 28
24 150
63 126
38 65
132 134
68 131
6 189
7 158
42 43
120 127
11 13
99 129
98 122
24 36
33 85
35 125
105 140
21 154
23 187
69 71
152 183
54 78
102 188
26 136
44 75
31 185
153 194
108 160
127 194
130 196
85 133
13 95
1 174
15 173
44 45
77 113
1 199
55 195
29 179
14 140
22 30
104 135
22 185
0 31
48 70
0 14
45 176
56 109
35 179
52 192
13 31
35 128
14 146
124 165
9 165
118 120
171 192
98 194
33 167
151 199
121 198
57 87
8 150
66 92
35 127
93 147
37 75
32 100
117 138
114 156
14 27
76 160
1 125
43 75
10 128
101 130
124 180
11 31
101 152
58 199
4 197
74 149
119 187
89 170
102 197
138 142
80 99
110 186
38 158
20 173
29 150
98 166
28 180
28 87
33 73
66 186
49 166
45 58
32 97
110 130
39 172
47 148
55 94
36 79
24 77
114 147
11 83
115 189
65 70
51 70
20 164
14 199
61 133
115 179
11 106
76 77
70 166
160 166
59 170
69 184
17 168
135 177
151 196
154 159
54 61
3 140
61 77
45 149
130 175
26 185
3 39
155 175
150 152
73 76
2 75
11 107
97 184
124 127
155 166
44 111
125 153
55 99
9 26
11 154
42 146
14 180
130 139
43 108
9 70
89 177
154 175
123 149
127 175
18 34
6 103
21 123
49 93
26 89
166 188
34 148
85 88
43 145
23 129
55 176
62 65
55 170
58 122
22 193
122 192
13 15
9 55
132 150
115 151
129 190
64 177
138 172
144 157
32 117
45 71
41 118
172 177
71 151
9 114
1 16
72 84
139 150
59 159
34 181
69 105
0 106
12 124
7 100
78 166
46 114
21 96
0 194
121 188
53 159
108 180
49 104
13 51
11 164
20 108
165 182
40 121
135 148
43 109
184 199
144 156
125 172
0 166
11 70
19 180
50 137
144 181
16 133
47 187
29 117
0 131
59 80
40 55
113 137
29 191
33 194
55 169
114 196
49 183
96 195
82 156
81 108
103 156
90 196
84 109
96 152
18 38
30 198
66 172
61 69
108 170
98 104
57 174
151 172
4 18
40 151
122 129
85 161
10 118
89 178
95 189
167 172
0 11
75 123
36 106
29 60
8 81
35 99
68 141
70 129
40 91
41 91
29 53
43 129
7 53
126 131
34 153
1 138
159 163
15 72
127 147
134 154
22 89
75 130
14 150
112 199
72 182
49 97
79 134
46 48
145 156
52 130
38 148
136 160
56 118
13 122
12 108
147 179
23 72
51 91
41 59
42 70
1 120
51 61
11 58
97 152
64 187
186 198
8 91
4 32
44 199
58 136
23 52
88 195
42 103
79 144
61 191
154 155
62 185
37 38
99 179
118 179
74 186
54 153
107 175
74 99
113 116
14 123
2 67
11 114
105 147
158 194
116 165
45 120
85 164
108 115
68 89
184 190
60 171
158 193
87 124
77 146
156 168
59 142
31 135
48 177
45 171
65 82
93 190
43 46
25 90
11 48
69 112
63 128
97 103
15 142
11 132
72 154
4 196
50 78
53 194
68 96
44 165
81 196
37 160
93 166
64 176
46 160
147 163
34 129
134 177
135 179
72 183
151 178
114 169
81 179
21 47
65 130
141 170
99 125
54 143
163 188
57 102
59 107
57 71
98 100
114 189
138 156
1 179
45 184
163 174
24 28
62 123
0 61
50 64
0 92
82 128
124 175
32 171
140 177
107 198
56 75
24 48
124 177
81 192
109 153
6 40
112 147
52 59
108 133
53 124
45 84
54 147
89 183
11 57
70 149
30 134
26 121
26 165
60 143
48 138
37 76
158 180
1 167
21 87
91 106
47 113
146 160
156 162
82 145
17 164
86 94
30 199
38 104
141 158
49 144
44 198
94 144
10 33
110 144
43 113
18 158
18 75
141 146
36 190
39 54
117 131
8 25
60 106
88 100
76 133
44 98
132 168
52 193
62 145
38 134
36 196
48 153
56 71
2 52
17 110
78 170
8 166
20 33
21 126
109 187
52 147
11 101
106 144
51 154
134 146
16 108
70 178
59 192
78 164
35 158
130 138
82 194
1 161
36 168
17 177
19 24
22 60
178 194
103 119
169 174
26 111
31 186
12 21
126 171
44 106
60 101
104 173
64 98
5 111
32 133
5 71
80 194
30 151
79 164
4 72
0 48
159 183
17 182
64 96
62 165
3 70
3 183
76 134
79 128
48 111
1 159
25 37
36 64
87 142
15 191
6 179
0 176
2 196
87 192
71 101
116 170
131 174
52 56
97 174
18 104
161 190
144 155
40 134
153 167
2 97
131 136
82 104
94 129
122 176
35 159
5 12
153 179
39 155
76 181
43 182
109 181
52 60
121 131
80 107
41 168
178 183
8 142
42 180
33 199
12 139
31 128
49 106
134 144
83 96
123 164
12 189
105 141
134 148
97 137
56 97
71 120
179 185
96 155
75 170
85 103
65 96
22 93
71 144
29 61
46 174
83 145
69 171
15 22
5 144
62 99
87 168
83 161
15 123
62 193
37 94
34 197
58 78
5 9
118 165
40 120
117 140
173 182
39 196
55 58
63 195
116 133
34 101
19 189
32 134
99 190
154 163
26 183
96 151
72 80
27 167
67 109
17 160
28 117
15 102
13 104
58 179
78 127
15 91
46 179
100 149
145 166
36 88
55 194
54 133
12 31
49 149
120 169
3 194
118 185
81 193
20 107
8 182
185 188
134 181
27 66
180 192
26 129
164 178
51 135
8 13
65 121
56 92
111 194
15 169
46 66
149 161
158 185
174 189
97 176
65 150
62 173
70 182
42 140
19 149
5 87
87 107
45 198
16 81
143 155
94 113
142 163
23 122
106 130
74 150
83 124
139 177
3 84
173 180
186 193
9 199
98 111
113 197
46 194
120 149
50 106
115 123
111 184
21 199
156 157
76 110
2 186
130 176
139 186
38 63
28 66
40 109
114 184
37 174
133 170
90 91
77 86
73 117
73 139
105 156
87 181
0 5
4 125
22 24
121 194
47 114
1 112
16 199
27 170
47 146
70 102
15 28
57 160
114 138
18 32
101 194
58 128
71 131
80 186
80 108
51 90
83 132
66 123
25 104
38 124
86 153
95 124
9 82
104 139
49 57
9 132
111 146
116 186
94 170
97 123
132 158
23 62
46 171
29 81
14 135
94 165
8 42
4 41
30 69
3 159
37 39
19 165
30 61
19 52
181 189
78 94
107 127
164 168
117 135
14 60
64 85
60 71
75 196
48 135
29 87
39 159
61 179
128 192
64 160
98 187
118 193
100 154
59 114
34 98
87 128
149 159
87 198
134 185
79 151
42 179
0 126
29 165
6 196
67 105
3 87
26 108
22 82
187 191
12 125
28 143
124 158
78 109
39 105
66 139
49 103
13 62
75 192
39 96
32 109
0 86
64 127
19 125
13 84
40 117
78 80
133 148
157 176
10 174
146 165
80 92
21 79
80 185
108 176
78 195
114 149
124 182
30 152
5 172
18 121
12 198
38 69
8 155
20 104
100 146
63 166
37 118
50 129
38 181
35 190
29 132
136 177
74 184
113 151
100 132
58 175
41 98
36 63
4 62
23 66
179 189
82 124
34 36
63 137
67 129
84 100
32 129
14 44
59 93
64 140
25 68
97 146
50 151
13 196
95 102
41 106
78 142
8 54
55 67
140 141
60 191
170 193
7 74
52 169
159 187
150 192
124 190
96 103
54 175
12 45
60 103
22 196
63 173
116 118
49 193
103 124
72 172
8 55
67 185
11 126
113 154
27 103
64 179
133 167
33 181
100 179
114 154
72 120
18 55
17 114
46 186
173 198
26 91
40 42
31 179
62 76
80 101
57 106
73 132
59 151
43 158
3 100
41 116
169 186
88 97
118 198
90 154
19 42
89 97
162 194
0 9
123 181
119 175
168 185
8 153
20 34
136 189
72 109
57 82
37 74
73 112
108 147
172 186
115 130
1 155
24 107
117 154
5 43
46 64
14 79
3 188
57 114
170 195
33 119
41 58
5 113
9 125
66 96
89 149
19 105
70 89
8 181
47 143
109 147
194 198
44 72
23 77
76 183
150 151
82 187
174 195
13 69
23 137
36 122
3 185
39 98
82 108
35 196
10 157
61 182
0 67
118 189
65 133
61 95
61 101
143 161
0 144
22 120
43 80
108 126
38 154
70 74
51 188
115 116
75 97
91 145
68 150
120 150
55 130
35 147
40 195
173 187
97 163
44 187
102 171
129 177
21 50
156 197
20 161
16 66
2 176
38 130
85 179
37 120
1 71
5 121
29 195
24 157
91 170
143 190
79 90
4 167
19 162
119 182
92 121
67 143
143 165
58 71
47 104
14 169
84 158
48 116
157 188
0 133
0 150
75 96
80 88
136 194
67 84
21 74
76 99
24 148
137 184
76 106
63 161
57 185
4 176
22 147
114 132
38 139
4 16
33 183
182 195
128 171
84 96
98 134
38 99
15 167
91 134
19 128
24 103
16 123
70 79
157 197
32 114
111 147
105 173
38 198
157 194
65 87
8 36
99 194
103 125
68 145
1 196
24 75
79 196
34 170
47 84
68 80
64 132
103 145
142 178
34 64
23 116
29 58
90 120
88 104
37 47
24 32
25 162
57 120
30 53
31 161
59 137
53 123
62 63
76 101
39 115
162 177
78 173
58 120
31 45
36 172
62 153
79 80
14 187
52 195
84 98
54 172
154 174
62 176
17 77
96 187
88 117
77 93
58 176
21 108
88 149
30 158
52 84
0 50
63 174
6 119
59 70
76 132
83 126
15 116
82 195
59 105
54 113
88 159
94 183
6 193
13 78
53 157
81 198
101 148
3 28
52 190
56 173
49 196
96 114
36 73
17 117
19 155
118 190
79 148
64 87
26 143
22 162
20 96
20 39
124 133
79 102
29 79
48 105
46 86
10 97
68 184
75 103
87 180
91 102
12 140
28 166
50 60
81 173
34 40
75 76
131 177
152 174
128 194
53 182
6 95
66 182
126 180
76 104
58 144
148 158
28 118
46 88
39 40
82 134
65 146
45 93
36 99
50 125
53 66
30 124
117 198
75 172
67 167
126 137
107 120
69 81
2 83
79 199
112 152
42 79
7 124
18 35
178 181
11 45
22 111
44 184
123 162
128 156
18 180
50 109
17 78
45 46
60 183
133 191
22 170
22 163
34 102
55 69
61 141
64 173
110 139
35 39
29 156
32 95
9 98
119 157
132 181
17 96
40 105
23 108
47 194
35 50
26 51
77 157
108 184
15 99
47 133
28 58
44 73
149 186
33 59
106 156
45 156
15 36
107 164
56 152
161 186
57 172
103 175
15 196
100 111
98 105
21 173
44 82
96 197
97 129
122 167
97 158
28 56
79 91
22 102
92 158
23 48
67 197
123 157
35 108
5 159
66 157
47 52
80 84
36 133
1 134
87 167
31 47
25 128
68 149
13 121
69 119
45 172
23 145
34 97
86 166
77 188
20 97
89 128
14 143
127 187
55 190
149 184
84 92
19 131
55 188
2 31
175 193
42 89
12 180
42 161
71 106
51 86
33 185
113 166
14 33
112 181
9 143
69 167
29 151
168 192
58 188
130 178
36 143
48 139
54 151
73 163
113 172
5 76
7 169
92 171
35 160
138 158
39 57
20 154
25 187
31 131
26 156
147 172
29 57
176 198
118 164
71 107
173 192
14 119
50 57
46 60
126 189
39 87
39 160
49 56
163 179
28 163
110 151
95 116
103 109
70 113
6 96
174 193
0 107
8 174
47 199
109 155
120 133
38 109
83 100
36 160
107 190
42 194
52 97
36 55
73 190
15 62
61 178
63 85
168 177
41 142
150 156
45 175
63 159
161 179
147 199
26 158
127 195
145 148
129 144
62 163
139 163
36 195
64 109
83 85
58 118
26 189
13 117
3 86
43 122
97 109
62 183
73 116
4 190
88 125
117 122
35 47
119 121
1 162
136 156
79 108
66 91
32 164
3 13
11 197
13 49
20 56
90 187
0 112
133 153
49 67
60 176
65 71
118 157
27 142
45 94
101 188
114 118
81 159
95 179
18 30
36 198
79 115
48 174
25 144
125 190
51 53
11 84
176 181
54 106
73 125
38 84
113 122
6 55
17 25
50 51
14 57
67 162
45 59
16 63
101 174
102 178
14 149
100 122
23 41
84 119
12 118
6 123
41 175
89 121
98 147
53 136
79 173
137 191
137 150
116 127
19 172
14 191
30 123
11 32
5 82
75 85
19 31
67 187
20 136
23 37
82 129
100 139
64 76
11 102
61 170
23 58
26 166
8 12
0 97
5 13
73 174
123 152
22 152
62 130
54 192
79 133
107 153
23 60
62 106
15 198
129 175
9 123
89 146
55 160
44 101
145 163
126 186
88 173
148 164
55 173
26 110
63 97
26 105
34 87
2 41
154 180
20 99
16 111
11 188
12 64
65 72
75 189
3 198
156 178
11 99
30 35
51 126
160 194
2 42
12 77
154 186
28 81
29 104
145 198
114 164
37 106
50 187
11 50
71 143
37 61
31 120
16 175
54 198
19 91
15 71
25 86
51 103
111 118
38 95
99 189
7 10
134 142
2 126
54 75
84 172
24 122
50 56
24 52
48 181
23 177
6 135
87 194
80 195
113 129
13 197
13 97
37 132
105 155
152 196
44 100
58 196
179 195
168 172
6 28
69 176
9 150
80 199
98 167
62 161
16 192
49 88
145 187
93 174
108 131
74 104
56 182
32 63
56 177
21 176
109 148
117 127
65 180
81 91
38 100
87 157
93 196
142 173
98 174
144 197
149 168
38 66
124 128
11 100
15 32
13 54
19 133
18 139
153 192
32 84
0 125
15 98
99 173
35 80
97 128
147 190
154 168
17 121
85 181
0 102
12 70
159 179
7 98
35 105
20 123
144 153
82 90
53 160
90 95
38 91
61 154
45 137
125 186
59 190
131 197
126 168
80 187
21 56
133 160
21 131
63 179
37 79
16 184
23 84
119 156
13 27
17 71
134 162
17 133
174 199
54 178
81 167
14 121
80 141
33 151
43 134
23 182
55 145
76 196
2 150
35 89
2 120
111 164
133 145
4 133
102 173
30 148
44 168
16 59
75 116
20 25
129 195
71 124
153 180
120 167
45 147
20 178
115 191
124 139
17 97
58 90
46 81
17 50
7 93
151 166
105 169
105 115
17 18
126 135
191 199
84 155
16 187
8 197
32 160
12 15
9 157
65 198
0 60
27 157
160 197
135 197
51 170
109 146
31 130
107 159
85 143
148 181
139 157
38 188
28 190
142 144
101 125
169 172
63 197
121 184
102 180
11 181
24 37
2 49
1 65
53 129
61 198
60 117
131 196
106 174
53 173
18 48
1 184
30 96
26 81
41 185
25 85
29 182
9 62
101 121
30 92
98 150
29 64
106 148
63 169
21 132
116 162
7 27
85 102
70 110
65 161
49 138
75 95
8 28
50 146
139 146
82 120
101 133
130 162
45 165
26 52
36 174
59 148
97 118
0 179
133 150
41 184
40 164
96 196
64 181
61 116
48 106
26 46
136 139
56 59
50 69
97 147
83 84
25 80
39 189
78 149
33 196
57 135
77 131
38 178
178 189
108 168
1 74
17 122
66 69
106 141
132 180
39 186
110 137
100 125
11 63
20 105
97 183
88 185
73 80
66 115
110 198
16 35
93 99
198 199
55 56
81 154
23 40
11 74
147 189
134 167
13 80
63 89
151 162
92 194
41 74
101 115
71 159
31 59
26 188
158 195
103 189
31 54
138 140
51 172
28 178
15 27
34 55
68 102
6 195
24 63
51 57
33 153
174 182
72 105
81 195
153 185
68 168
107 188
99 142
21 88
128 147
20 72
163 177
29 198
4 6
2 178
86 197
176 194
123 139
7 68
67 74
112 117
130 155
79 125
13 57
51 167
52 188
9 89
59 141
0 109
111 142
137 138
39 137
115 149
114 115
9 183
35 175
78 198
39 62
9 88
11 26
136 183
60 61
119 184
35 116
159 177
28 132
15 75
92 197
15 136
26 141
110 114
51 184
62 179
103 116
44 129
140 187
182 189
7 105
66 149
31 74
104 146
55 185
70 183
73 82
22 101
98 195
143 160
42 163
91 181
28 198
19 46
87 96
41 89
53 116
129 152
86 139
129 176
22 175
89 173
22 109
42 86
100 134
29 59
69 156
136 163
23 70
119 180
37 121
135 170
40 128
92 150
111 192
7 159
22 105
18 42
59 109
163 165
55 136
46 130
148 157
20 167
58 166
54 65
18 190
41 130
7 26
88 113
58 89
13 106
118 128
37 144
101 175
135 139
62 129
112 156
93 119
116 168
14 197
48 148
32 86
136 157
87 113
135 156
59 95
44 76
29 116
9 115
23 73
169 199
121 163
69 108
68 154
142 145
51 165
82 162
7 50
36 41
32 182
96 190
73 74
10 185
74 124
10 117
61 143
101 197
3 197
7 186
94 166
148 152
49 199
42 193
92 130
130 171
122 172
63 127
49 79
95 98
28 183
101 139
157 159
31 104
150 196
112 196
78 128
88 165
35 182
52 117
136 187
61 181
12 119
92 100
58 63
25 166
58 187
16 27
99 177
20 184
111 153
47 115
44 150
104 174
13 130
46 90
28 97
119 165
192 195
17 31
40 103
62 124
1 106
9 136
94 108
18 116
95 188
48 154
93 110
112 173
137 188
52 69
7 181
47 150
60 131
54 180
109 126
164 180
64 84
26 184
181 194
58 191
71 95
36 145
65 117
12 187
134 153
52 141
122 170
16 129
44 183
107 111
60 93
107 171
87 165
96 171
102 120
71 180
18 169
23 185
84 143
22 98
12 156
166 192
54 171
83 150
22 172
31 53
148 193
89 131
126 173
69 76
54 194
11 27
75 146
6 145
140 169
23 150
2 96
104 193
179 187
47 195
67 194
27 29
135 145
118 121
89 92
13 40
143 176
20 88
132 137
104 130
69 124
101 105
35 36
53 118
125 163
114 173
21 193
3 58
39 121
39 130
86 99
28 59
4 120
185 186
160 172
61 97
13 157
48 144
4 198
22 156
28 85
181 185
51 108
34 63
34 140
33 155
69 75
82 103
79 137
45 136
81 89
18 22
27 175
110 113
156 184
56 179
97 138
101 112
2 197
12 129
5 10
28 157
26 40
7 61
101 166
7 196
32 52
69 161
23 101
97 189
109 127
96 130
61 120
68 148
33 132
29 107
2 198
12 95
78 150
58 174
97 192
91 115
22 100
167 192
7 118
33 191
113 158
52 144
47 170
117 156
145 191
106 161
33 164
23 42
69 180
81 176
88 170
62 102
3 137
105 121
53 137
70 121
81 117
111 127
36 193
147 175
57 161
109 122
1 175
28 126
131 159
47 76
36 51
20 124
80 159
0 15
52 126
4 173
90 93
138 169
112 153
170 189
30 56
16 118
84 181
21 148
129 146
125 133
66 94
88 140
43 194
32 75
68 197
52 122
25 193
15 194
145 164
66 106
4 187
47 120
34 47
177 184
7 163
15 143
44 130
91 193
126 185
51 84
61 65
98 169
34 138
105 190
7 126
36 48
111 121
10 24
81 114
16 106
86 120
86 131
75 194
43 88
16 44
123 165
168 174
39 63
129 139
24 126
165 179
153 173
24 46
68 69
42 174
85 130
5 6
53 161
33 74
75 108
68 137
4 15
0 138
68 92
2 192
65 181
70 125
93 157
40 124
164 194
25 52
133 186
131 164
46 144
64 164
4 17
124 186
106 159
105 170
2 32
57 156
90 157
100 101
112 141
64 75
141 188
2 108
23 195
105 193
71 108
10 175
16 143
33 38
17 154
81 115
166 183
111 113
121 176
165 169
12 90
53 89
12 126
65 73
113 168
48 85
88 156
37 133
5 147
60 84
58 135
7 65
134 147
66 78
43 89
23 121
156 189
89 143
150 166
59 185
48 104
110 163
0 24
0 95
118 144
61 121
70 108
125 195
10 165
55 111
4 24
28 130
35 135
50 195
13 113
67 115
147 177
49 160
88 175
54 123
21 44
38 140
59 66
86 124
102 158
127 176
32 41
11 155
39 131
105 130
25 147
25 108
128 131
19 30
98 136
27 136
44 77
60 67
14 63
29 163
105 183
126 167
126 195
33 39
119 185
31 49
50 171
11 108
11 171
109 125
13 173
51 97
91 194
75 190
8 48
121 154
51 81
117 182
6 187
53 152
149 185
38 164
94 107
17 89
149 190
91 109
5 127
97 135
164 193
83 92
132 190
171 198
95 175
168 197
2 89
100 156
31 119
157 183
64 128
96 119
24 81
55 135
35 98
6 22
35 134
19 66
122 180
126 174
78 186
172 196
53 192
148 184
36 54
87 134
15 113
8 37
17 195
79 152
16 161
59 112
51 195
154 179
6 88
21 104
163 186
1 40
36 66
57 167
28 47
6 32
32 178
47 147
46 71
158 169
73 98
79 180
52 151
102 134
125 136
100 175
10 93
48 168
46 140
96 166
44 154
93 183
92 196
145 185
10 86
58 182
20 148
68 181
48 141
104 177
2 102
52 137
120 121
34 149
76 157
74 112
13 19
72 130
40 171
50 145
105 185
5 85
140 199
139 168
32 177
39 133
70 195
78 98
60 110
84 187
70 77
6 146
176 199
146 169
111 162
18 127
96 192
129 153
40 104
29 52
21 48
93 128
17 67
18 131
77 155
127 157
153 196
85 182
87 160
22 33
24 182
3 46
29 94
108 163
10 191
168 183
20 60
97 177
29 56
101 141
46 152
81 113
16 71
51 152
112 148
7 8
76 86
69 83
7 49
83 165
77 199
56 76
140 162
159 186
112 145
41 61
79 121
3 114
7 34
67 88
46 177
107 136
127 163
84 186
58 146
39 91
76 173
96 156
18 87
88 171
133 141
99 186
153 170
48 65
3 138
107 152
19 79
7 29
108 151
20 35
117 160
32 55
98 112
50 132
11 153
36 95
60 155
0 43
51 76
59 65
91 129
92 137
58 150
103 194
0 120
2 161
25 100
105 116
18 143
8 46
34 198
52 174
12 29
11 156
1 29
7 130
1 42
24 173
23 184
162 164
21 133
95 186
127 180
61 64
62 168
87 135
92 155
167 169
44 107
9 34
27 111
17 29
91 105
29 193
2 79
25 74
80 174
17 105
47 118
10 180
7 175
32 45
96 162
97 166
65 88
44 104
8 190
76 166
29 144
53 131
23 155
17 81
27 114
31 172
44 86
63 124
4 54
38 189
61 161
23 166
128 198
95 109
25 107
30 52
27 60
163 181
160 189
30 176
47 92
122 152
41 62
130 188
118 182
38 58
65 100
26 122
40 199
47 107
122 128
93 143
131 134
161 177
118 197
103 178
50 155
61 157
39 197
65 151
15 131
42 107
52 53
16 74
42 93
85 111
89 115
166 169
142 159
130 168
128 190
15 158
109 167
34 100
125 193
156 161
9 36
32 194
160 190
139 182
56 166
124 183
85 188
170 174
28 77
77 171
26 152
26 84
87 115
83 152
84 121
47 183
21 52
178 199
40 110
117 170
82 177
21 175
40 167
3 67
5 197
156 163
29 100
106 142
79 117
145 183
54 150
43 179
102 175
3 123
36 192
18 183
6 126
78 162
140 142
15 21
107 128
12 160
31 176
9 44
40 129
67 142
21 53
16 109
31 108
68 115
68 116
15 57
112 137
186 197
60 185
45 133
30 112
108 157
127 199
6 18
12 144
105 178
92 181
36 47
152 156
110 197
38 177
6 122
47 82
34 157
13 77
60 77
56 143
23 152
109 142
114 191
23 56
76 152
102 149
120 178
56 196
18 186
53 134
133 196
37 183
74 164
3 178
90 178
9 37
109 134
115 181
77 183
21 130
86 151
120 197
118 192
166 196
86 137
56 122
23 88
107 112
85 198
125 180
56 79
85 106
83 128
111 157
2 81
11 43
145 176
132 186
146 190
92 166
85 132
54 130
59 62
75 162
7 194
99 170
158 179
145 186
7 156
88 192
20 126
138 187
64 119
34 159
17 88
84 152
111 177
30 65
85 101
91 180
145 165
16 97
42 111
44 134
44 57
58 103
7 54
51 98
24 89
54 104
77 134
91 130
30 137
14 156
4 98
72 156
67 159
37 145
73 172
68 175
62 84
44 103
116 166
106 165
6 156
86 193
18 98
92 160
22 56
124 144
119 154
129 138
63 74
60 159
52 74
6 86
58 177
101 156
14 78
155 183
36 159
66 181
112 193
54 129
80 95
21 136
150 161
13 16
60 173
134 173
1 83
69 118
60 125
142 185
74 173
36 124
108 155
40 177
131 139
36 53
73 161
7 52
58 75
7 131
11 125
32 54
3 32
11 97
127 181
28 196
14 70
38 67
52 157
118 171
3 64
111 154
55 81
88 191
32 130
109 117
153 166
18 164
27 199
170 192
70 177
127 192
37 63
92 95
60 95
1 53
11 76
47 108
160 171
44 62
76 121
43 96
124 185
20 132
9 141
54 121
33 105
30 154
16 100
50 80
64 126
12 194
148 160
54 105
79 178
3 161
140 182
112 172
32 155
19 144
78 167
45 193
104 171
100 194
8 103
27 190
111 143
35 110
11 144
163 182
158 171
129 194
20 59
16 55
117 151
87 109
135 150
104 106
138 195
56 145
33 171
44 124
37 80
154 184
39 94
166 167
155 195
59 183
34 115
21 78
38 161
20 65
66 134
83 137
20 137
0 3
141 163
124 137
31 198
23 173
38 81
81 99
90 124
2 105
137 152
92 143
48 152
2 158
26 127
106 151
63 102
140 175
9 151
140 192
40 89
58 68
17 148
56 99
18 52
157 182
151 182
113 143
55 76
1 128
63 198
52 98
110 167
50 162
58 145
68 183
18 99
29 177
18 122
82 84
79 101
15 165
50 143
10 124
30 64
30 118
158 182
126 156
157 198
2 149
72 123
26 34
14 67
101 178
44 51
9 191
16 19
39 170
7 28
95 142
31 75
43 105
159 164
106 177
30 82
7 108
11 198
68 109
81 172
40 80
177 182
52 112
28 151
35 187
8 105
8 35
12 111
16 177
130 143
92 104
108 148
100 187
23 94
4 44
3 12
111 131
46 103
66 85
11 145
5 48
101 132
112 149
139 170
105 167
34 165
51 158
113 164
7 82
60 199
7 147
153 181
109 178
103 162
14 80
9 24
34 41
57 183
24 146
7 164
70 97
49 84
19 56
93 145
117 175
138 170
53 135
95 137
120 134
82 106
56 108
23 146
60 122
93 188
7 73
108 194
47 163
61 86
67 164
21 83
18 73
43 123
42 190
77 159
128 179
0 192
69 134
86 104
58 192
63 151
129 171
138 159
51 133
38 76
13 38
19 193
90 131
164 196
125 139
68 196
76 149
68 99
20 117
14 25
108 136
155 161
127 133
27 191
11 68
24 143
13 158
8 162
5 163
142 158
111 150
2 116
119 129
39 192
78 190
130 197
1 93
89 98
93 148
123 171
80 196
34 172
1 81
121 158
17 79
132 172
12 166
24 72
26 162
72 157
56 73
31 103
57 99
44 170
81 106
21 34
109 138
39 71
15 49
105 109
27 36
29 115
27 85
82 161
64 91
56 98
135 167
81 116
33 184
86 154
14 178
10 53
82 171
171 191
80 126
18 128
25 135
57 96
61 166
7 94
59 144
13 63
64 145
82 160
96 172
129 143
93 131
37 122
19 27
42 124
97 120
8 22
28 67
15 48
48 178
77 160
10 12
89 133
17 146
155 167
104 129
32 72
5 51
177 195
100 144
147 170
142 157
83 182
34 160
63 91
51 102
103 108
118 159
84 126
131 145
110 194
8 19
63 106
100 158
98 99
11 60
49 112
30 129
47 99
81 146
41 117
49 168
99 191
127 186
61 85
63 122
106 143
32 68
128 168
140 184
105 112
30 66
26 146
83 129
17 108
64 65
54 112
92 106
21 186
71 153
5 173
12 159
31 72
135 163
116 199
37 78
36 167
89 138
17 46
33 149
58 113
33 100
124 157
67 118
78 123
31 84
53 149
98 141
159 173
83 138
24 199
14 21
96 169
7 67
82 164
17 51
101 187
126 182
13 34
26 131
81 121
64 80
34 44
158 159
165 198
128 132
117 144
51 179
82 113
55 108
39 199
4 68
54 163
172 178
75 126
30 145
126 129
64 171
90 177
2 170
63 164
10 110
11 192
3 43
20 73
31 63
73 110
72 169
34 72
30 99
55 60
98 178
21 37
48 151
126 155
83 188
45 116
146 189
27 31
155 196
52 75
128 165
29 68
135 180
31 190
73 100
59 75
99 109
52 87
23 164
57 117
82 107
35 186
76 163
12 163
26 101
37 104
70 103
16 50
12 66
98 172
141 165
46 125
97 115
142 196
29 171
168 182
27 193
75 79
57 144
9 66
45 77
77 109
48 62
123 199
60 195
11 199
73 130
25 91
14 38
37 42
8 49
90 104
165 171
44 147
22 180
111 132
117 118
70 118
45 128
47 98
59 124
78 126
101 128
42 110
50 153
9 189
116 194
88 160
57 93
50 88
106 124
76 105
99 114
75 167
44 158
109 165
111 189
104 145
96 153
37 147
23 65
5 100
2 43
27 185
54 165
18 144
1 116
25 115
71 123
110 116
29 134
21 28
35 72
30 122
144 196
143 186
148 154
19 74
31 121
22 99
125 165
32 43
16 17
94 117
55 117
173 181
50 59
2 191
49 124
25 83
93 192
29 172
135 183
45 61
49 68
60 81
4 163
33 103
49 73
110 176
75 100
72 77
77 106
54 138
23 183
30 197
22 71
35 165
15 85
31 100
112 154
89 168
52 158
122 135
106 195
64 154
148 190
67 145
3 151
54 94
177 183
97 139
33 116
141 147
19 135
139 159
71 171
155 177
67 199
112 126
48 146
28 112
4 93
9 134
33 136
110 111
29 105
30 43
154 171
143 188
94 182
23 138
67 183
5 103
61 90
63 111
28 99
46 72
114 153
103 166
110 150
57 179
102 166
84 198
26 47
21 180
57 136
61 196
27 123
16 89
60 113
65 68
33 101
92 112
13 45
95 156
74 126
31 55
111 148
21 196
144 150
37 131
144 147
20 131
24 137
52 172
46 172
57 163
109 193
168 190
116 131
35 192
12 81
33 134
91 147
185 187
27 56
46 89
118 127
38 125
90 97
100 109
95 147
84 87
80 128
5 81
3 90
117 178
78 103
172 174
113 124
112 182
100 136
157 185
24 186
17 156
6 12
22 83
28 100
46 82
77 88
76 113
78 174
84 111
65 193
10 178
99 132
27 118
130 167
135 185
97 151
31 97
3 127
147 149
88 151
43 116
18 67
167 173
17 149
95 183
160 161
175 197
25 58
82 125
56 107
69 173
3 125
56 199
14 99
144 177
112 125
8 90
34 192
5 160
14 125
7 22
109 190
48 194
182 196
106 120
136 191
110 169
49 66
54 99
53 61
33 86
157 181
82 100
98 117
48 66
34 178
6 35
73 145
50 87
56 81
4 106
132 152
46 133
136 170
60 92
48 101
10 35
15 139
41 103
80 150
118 191
76 109
100 164
36 157
29 131
150 170
33 172
5 175
28 49
19 188
129 151
45 81
71 158
9 35
6 41
63 114
61 113
71 169
15 107
26 186
41 161
185 189
149 155
119 196
61 80
106 108
85 158
81 180
104 122
16 165
6 63
55 109
133 163
70 161
53 121
10 194
34 118
160 173
139 147
32 176
137 158
72 110
36 165
50 100
164 181
33 60
66 114
23 100
38 128
47 167
4 14
21 174
160 180
161 164
35 102
12 184
41 115
40 140
52 107
68 85
91 116
78 86
76 95
110 127
105 136
37 114
74 115
6 164
119 125
33 127
2 90
105 150
104 184
103 126
17 141
32 108
5 128
0 193
57 176
10 64
18 134
93 104
40 86
57 83
11 81
76 117
84 141
84 161
115 154
145 175
36 164
96 113
17 109
157 166
141 184
30 149
91 192
63 144
89 169
81 103
10 111
21 190
78 82
163 164
25 184
82 112
42 168
41 187
85 194
6 8
68 95
89 141
116 147
75 110
125 158
48 113
89 99
72 97
25 111
111 172
21 59
50 114
133 180
6 80
10 137
3 35
74 119
145 154
137 178
3 40
66 82
111 171
36 58
80 148
155 162
79 174
149 167
29 181
88 106
9 65
30 169
38 116
165 187
84 182
118 138
9 163
104 156
57 147
20 134
19 147
33 156
13 68
68 129
138 193
65 76
6 26
88 162
39 179
137 141
5 154
30 183
39 75
128 166
142 171
33 170
25 195
72 104
80 190
149 163
63 64
49 150
37 66
26 179
21 51
107 149
57 130
31 61
15 134
41 156
79 184
40 119
43 121
20 179
63 185
24 140
123 144
164 185
118 175
95 190
55 100
97 105
31 89
96 145
113 127
29 186
54 199
17 57
114 176
128 196
118 126
134 158
23 175
41 181
39 99
46 136
59 121
14 148
33 117
92 159
78 85
10 188
22 54
63 182
63 101
8 60
150 188
26 55
77 126
46 143
99 153
49 83
1 20
39 83
13 136
10 57
0 63
152 197
112 158
70 107
87 187
112 157
58 170
18 136
75 137
9 38
111 187
42 188
21 189
88 108
23 43
111 158
103 107
149 174
0 29
39 111
40 97
35 184
144 149
88 127
45 99
84 171
126 198
28 138
165 193
129 188
1 85
14 174
48 155
9 194
25 31
91 162
169 182
4 186
12 40
137 180
86 144
64 71
75 127
129 193
45 56
74 190
19 127
14 90
109 121
51 155
70 135
155 178
71 102
88 153
107 165
165 189
47 72
44 132
13 150
5 75
98 128
152 171
118 196
5 20
159 184
1 170
96 149
63 141
37 70
116 150
40 152
18 56
48 107
74 83
73 182
3 184
55 70
10 72
126 153
24 71
6 23
122 190
45 65
42 64
89 163
169 190
6 82
31 140
148 178
35 70
81 86
72 143
25 164
17 132
73 151
8 71
50 83
107 143
19 196
104 162
104 187
43 161
61 176
26 56
30 107
16 191
136 196
7 184
44 78
39 41
24 127
191 195
6 163
5 145
10 43
6 113
8 131
65 143
127 139
59 191
167 180
101 177
62 82
25 65
68 103
161 171
132 197
52 99
104 199
113 199
24 184
70 122
62 194
84 125
12 57
130 157
83 86
57 67
6 17
66 76
12 182
3 175
38 129
53 153
150 193
55 105
114 144
175 186
114 199
46 63
39 53
77 103
12 102
1 35
16 68
3 166
19 173
8 179
89 132
123 197
61 63
56 181
2 27
29 99
85 149
35 103
10 130
34 42
151 171
59 145
17 159
35 44
29 110
11 36
9 153
64 83
192 199
21 80
72 178
59 64
14 92
82 139
29 197
66 80
53 185
1 97
1 154
76 116
44 167
90 176
49 179
19 33
144 194
107 177
28 68
68 76
135 190
10 154
158 172
160 179
37 162
27 124
29 111
25 163
55 107
38 145
41 120
52 73
111 193
54 169
55 88
19 153
79 165
74 113
108 152
104 143
121 123
106 163
124 191
115 193
130 151
123 185
143 185
29 80
143 194
172 182
160 181
74 194
144 168
0 40
169 191
77 158
75 155
17 73
23 127
108 188
11 113
106 158
59 63
1 119
73 88
161 180
69 129
51 147
49 77
55 154
45 161
34 81
56 147
2 88
3 169
73 95
9 178
110 152
106 176
41 170
26 120
29 128
128 130
109 118
3 48
125 170
1 39
86 119
57 81
18 166
12 62
118 143
4 88
41 162
50 160
140 156
15 153
108 175
6 78
56 95
165 172
75 102
19 151
3 124
85 159
108 199
19 58
43 172
43 151
101 163
57 142
69 148
192 198
79 143
46 147
153 168
100 152
40 68
80 140
45 195
59 178
39 56
93 142
20 169
39 126
32 146
65 179
62 87
115 157
158 166
87 138
168 196
74 143
5 93
104 114
44 185
82 181
34 76
29 42
90 92
175 192
27 107
117 119
38 46
97 165
123 150
110 140
103 114
76 198
138 139
15 183
129 180
5 41
76 136
67 141
78 151
33 90
99 158
72 155
67 78
158 168
25 127
7 76
68 73
39 112
105 137
193 196
150 158
29 31
2 8
15 144
74 80
64 92
48 147
46 197
4 87
66 112
46 141
20 44
88 152
64 183
127 179
8 38
26 97
156 192
20 145
33 123
146 161
98 113
0 180
131 185
67 111
142 143
17 91
42 117
132 161
6 20
84 88
74 172
134 198
34 38
147 182
90 183
6 151
42 169
60 168
54 137
52 152
32 79
131 152
18 117
31 33
172 197
101 162
19 198
10 91
63 154
120 128
136 184
150 171
130 189
146 177
7 123
119 193
50 157
118 166
52 179
39 88
17 165
189 190
131 135
118 137
62 197
56 135
166 180
43 72
153 189
8 88
99 182
158 196
114 179
29 164
121 160
20 165
159 162
91 117
13 160
10 155
40 179
111 124
40 98
29 75
10 11
92 148
32 48
61 103
52 187
92 117
19 116
41 195
189 193
85 100
34 175
149 150
67 161
60 64
115 199
95 151
0 17
114 159
112 129
38 194
96 189
171 174
0 116
41 189
147 181
105 126
45 169
17 60
127 149
14 179
18 119
39 100
63 104
143 167
14 173
2 138
52 78
138 190
38 155
135 136
131 182
59 101
39 70
162 196
117 197
2 30
89 140
48 98
110 193
109 197
11 22
179 183
91 160
3 119
39 180
52 104
133 164
49 71
43 51
36 161
64 88
100 159
12 13
2 181
36 105
43 142
84 149
105 152
61 180
0 18
31 81
8 75
64 120
61 84
1 22
103 122
12 54
96 163
87 122
1 136
73 192
64 174
56 61
46 110
45 140
7 182
138 178
170 176
43 101
93 156
54 157
84 192
89 159
37 168
141 159
16 181
94 185
96 129
91 108
16 127
69 109
2 68
71 93
25 28
78 115
25 158
110 141
166 182
69 116
91 94
63 136
9 182
119 191
92 175
44 123
36 142
10 141
103 133
63 108
115 117
98 197
129 182
93 101
79 138
90 174
107 168
118 152
86 102
46 54
44 83
25 76
90 134
25 62
31 197
61 184
65 109
138 176
8 33
127 183
131 143
48 159
33 82
52 54
80 152
188 193
81 188
5 56
30 144
16 18
7 56
123 183
79 88
120 143
66 88
58 167
89 104
50 198
26 30
59 77
154 193
11 135
81 148
5 177
92 152
163 191
17 20
4 145
179 191
15 174
20 49
133 169
93 146
68 146
34 133
2 72
36 78
1 46
36 108
9 138
183 199
17 157
38 110
127 172
178 197
141 197
186 194
32 77
43 70
158 175
7 63
20 138
74 198
3 98
27 116
35 119
31 134
50 188
76 103
106 117
45 72
7 189
121 148
8 41
113 139
25 170
77 197
51 153
38 123
7 101
19 99
14 73
176 187
1 96
34 80
38 118
24 91
18 156
18 58
146 159
95 168
0 129
5 115
44 137
70 111
135 172
7 132
56 63
54 190
20 128
172 181
67 192
6 167
30 171
184 198
75 165
86 172
61 134
57 190
0 147
0 146
2 4
25 46
69 155
60 146
140 185
10 71
143 191
147 168
131 149
65 108
31 143
4 118
129 132
30 76
86 186
3 180
14 75
143 180
52 80
40 135
79 127
69 158
126 136
62 90
37 167
8 32
113 183
69 188
16 188
61 111
69 126
28 57
99 146
63 115
92 192
63 167
36 197
66 152
45 174
54 187
60 63
12 19
59 116
34 155
17 34
19 183
137 161
67 195
29 126
93 193
33 49
25 73
16 21
15 147
31 171
78 183
44 97
100 183
27 105
71 84
3 157
2 3
0 53
7 92
64 175
9 166
63 80
28 179
0 199
51 150
10 173
15 110
173 188
90 171
35 61
80 109
53 163
57 187
122 151
24 136
143 174
0 191
137 167
109 152
41 42
85 123
64 133
119 147
95 162
16 168
69 85
98 131
44 136
32 180
103 179
11 103
140 160
86 135
3 192
40 166
66 158
13 148
68 193
31 40
94 154
162 187
167 189
165 185
4 193
187 192
69 100
35 146
34 199
44 119
129 156
123 172
80 131
40 145
58 106
88 92
3 69
83 199
45 76
75 151
51 52
30 132
22 86
55 181
70 99
35 85
80 121
12 191
93 117
149 160
147 153
22 176
56 62
91 188
48 115
99 192
86 157
4 143
83 88
121 149
103 192
109 140
93 178
106 194
35 67
174 186
38 199
63 67
158 198
62 164
26 73
17 64
2 136
31 148
128 191
113 195
18 97
4 12
77 87
26 29
188 196
14 97
98 158
56 72
136 180
0 72
135 168
24 121
76 137
37 182
149 181
58 92
92 185
83 133
90 133
141 142
96 194
21 151
121 179
36 189
6 83
154 194
42 97
75 84
23 55
30 173
15 25
11 66
84 160
78 113
20 125
0 41
10 139
39 168
155 193
26 78
148 151
113 179
159 195
34 125
82 105
56 106
38 103
111 188
21 67
31 68
55 157
28 136
105 184
94 145
99 157
42 47
19 184
109 198
21 69
8 167
3 177
27 77
27 69
145 152
28 35
17 72
50 139
94 171
6 143
6 29
95 134
82 96
5 198
56 133
38 132
59 181
51 56
24 94
38 94
33 198
85 175
72 138
117 196
84 190
109 168
84 122
57 101
18 62
114 192
23 78
38 107
0 32
124 130
38 59
46 191
65 67
60 164
0 197
113 132
83 148
65 105
24 97
43 118
12 133
52 89
88 193
27 115
26 133
0 8
116 124
58 164
27 80
37 90
57 107
75 106
172 183
82 122
50 61
118 125
18 33
131 148
37 172
3 63
108 186
22 140
49 137
84 114
40 106
36 97
75 156
0 83
97 171
135 173
41 92
21 179
112 197
63 157
19 97
42 126
152 176
37 166
64 72
113 177
98 156
24 120
109 186
85 97
58 156
78 159
88 158
100 163
57 152
11 111
39 61
93 103
29 98
176 180
14 98
59 92
38 111
87 120
75 191
131 141
62 114
33 176
58 153
27 44
11 90
6 85
22 75
11 92
32 47
66 100
37 185
21 164
12 165
2 86
120 138
16 190
73 94
24 116
102 105
24 57
69 130
98 121
27 169
45 167
30 142
1 107
0 127
100 147
164 187
115 172
65 149
4 161
62 115
89 186
19 71
108 153
59 169
18 82
121 175
37 81
69 94
83 168
91 135
86 114
10 25
93 120
64 153
80 170
66 103
36 46
0 178
90 122
93 97
42 82
77 121
0 87
10 19
19 174
1 82
82 135
51 175
100 186
9 190
98 133
99 163
1 131
122 132
45 68
63 155
1 188
62 112
71 141
99 144
20 90
28 120
80 111
57 166
3 132
10 112
61 152
7 117
53 94
34 169
42 148
73 167
42 192
75 175
28 199
101 186
30 46
45 168
109 135
9 11
78 192
65 158
94 95
48 76
101 181
82 87
15 176
17 176
93 96
71 195
66 72
50 127
27 72
77 180
88 164
108 114
62 121
23 136
39 178
102 145
33 67
26 74
160 176
86 161
80 167
19 29
21 45
54 108
28 62
4 155
135 176
171 173
12 55
56 189
68 107
65 155
22 173
147 176
79 126
94 164
65 83
11 65
113 159
45 153
73 196
11 139
131 162
7 129
41 135
166 170
15 88
99 156
45 47
26 94
68 71
100 126
95 177
76 124
95 163
43 87
39 55
80 103
21 24
72 192
11 41
138 155
57 188
58 178
96 126
18 84
119 195
34 103
9 112
32 57
12 193
41 136
102 106
19 95
21 110
21 31
169 180
142 154
113 114
119 173
127 158
93 107
79 154
102 169
30 127
19 192
30 163
39 103
112 150
145 189
42 116
56 100
71 177
89 123
40 60
141 180
158 190
70 83
43 195
145 179
53 104
39 84
60 116
94 136
66 151
105 161
5 15
30 126
6 9
22 41
11 124
17 85
26 159
3 117
28 139
71 166
55 87
56 139
68 143
28 116
72 174
33 130
50 122
42 159
107 130
42 123
149 188
85 86
103 106
97 185
20 70
103 169
172 199
14 163
39 124
83 191
13 181
27 166
77 81
43 120
29 44
45 118
0 6
140 150
115 195
25 198
81 175
80 197
107 182
40 181
20 168
169 181
155 188
13 162
3 135
142 170
2 18
70 98
26 90
26 171
36 146
93 122
125 179
42 109
188 195
181 186
9 146
32 37
36 90
23 114
122 166
17 123
6 191
85 195
17 93
84 165
16 52
157 179
12 93
120 151
158 173
133 154
24 168
74 152
182 187
60 190
89 155
92 144
131 158
108 146
137 165
62 138
137 189
17 181
16 61
51 198
35 46
117 157
106 131
53 142
64 162
75 117
10 152
51 161
20 58
147 188
80 138
152 190
4 121
105 181
59 122
63 99
27 34
15 149
62 122
80 117
72 144
47 166
57 104
69 88
138 166
15 157
53 198
54 144
33 120
54 141
9 10
147 155
116 126
113 180
155 170
34 179
40 115
133 181
92 164
122 158
106 170
129 179
60 82
9 40
16 149
122 169
39 122
102 148
94 150
34 143
120 164
91 189
40 180
57 112
2 163
103 136
178 186
16 160
64 136
32 150
150 169
172 190
71 121
97 153
42 59
45 132
4 140
8 87
118 158
13 120
132 154
136 165
106 154
40 133
132 183
105 124
37 143
67 158
80 181
97 99
15 58
30 177
102 138
30 34
111 167
109 144
110 185
7 46
84 199
4 199
18 148
135 137
102 112
67 99
73 119
32 195
16 196
105 179
110 164
18 37
96 175
77 102
93 118
62 86
139 176
42 137
63 191
96 108
38 39
138 167
2 66
59 127
138 145
46 135
29 157
68 169
109 159
114 122
130 173
95 135
36 76
69 98
24 101
84 164
45 180
43 54
61 127
62 94
32 128
36 187
61 107
117 184
98 179
38 108
45 194
87 133
42 68
8 195
67 184
19 98
45 108
30 45
54 124
62 119
50 54
110 166
99 152
17 39
42 195
95 195
146 172
164 177
21 86
167 171
50 92
43 164
72 170
21 178
80 124
54 100
18 44
107 160
60 160
17 118
14 19
120 199
29 143
112 124
64 73
74 78
40 102
31 154
15 152
117 126
111 165
66 128
18 70
70 96
90 182
39 174
77 138
177 188
96 97
124 184
23 61
3 173
11 122
1 148
71 89
8 86
25 185
5 141
24 161
24 177
36 91
18 41
24 67
35 130
55 83
114 123
26 181
2 193
81 181
6 168
52 72
16 94
11 62
58 193
128 197
98 114
34 167
174 177
38 41
41 75
134 135
69 174
59 118
38 157
43 175
93 121
48 71
67 152
76 122
13 119
72 137
1 130
99 127
67 169
153 198
29 189
126 181
99 138
112 176
6 7
30 75
108 122
114 198
105 122
98 160
99 136
7 137
174 180
76 191
69 77
16 102
28 193
87 111
4 66
58 86
109 194
109 177
32 138
102 118
70 181
64 131
52 125
71 90
71 87
33 80
110 138
81 132
10 85
151 188
135 195
65 85
175 188
14 31
2 155
59 139
78 177
135 182
31 94
46 116
100 193
102 157
112 146
16 162
116 174
5 143
68 125
20 115
138 141
78 121
57 189
96 134
12 92
161 168
13 161
65 163
110 170
19 81
0 75
149 157
161 175
33 102
35 150
95 181
20 198
43 93
7 58
75 150
87 150
11 98
66 138
128 151
39 76
79 194
97 197
23 109
72 114
81 126
133 152
83 158
22 66
101 138
44 81
180 189
3 106
62 108
163 167
69 196
125 197
34 194
25 150
81 90
41 88
112 194
40 46
3 196
76 165
41 164
145 147
97 141
32 40
116 172
80 153
85 184
106 128
63 196
70 158
19 146
48 186
31 156
29 187
40 82
16 98
102 193
16 126
13 109
44 69
49 62
124 192
148 174
14 68
47 100
131 173
52 77
21 84
119 183
48 189
24 151
88 96
71 119
152 184
156 191
6 114
15 64
57 97
84 185
35 171
103 197
98 181
16 31
71 78
25 177
54 193
28 137
55 180
158 192
37 196
38 191
75 124
15 30
45 117
48 162
69 170
35 68
93 194
26 190
28 48
31 73
26 193
52 114
39 90
61 94
48 52
111 117
4 185
34 166
5 130
132 185
31 118
100 172
19 164
138 150
108 113
18 26
52 161
13 72
101 168
6 65
79 116
7 80
24 112
130 147
128 149
30 81
55 178
178 193
38 42
53 155
55 196
108 158
74 167
27 96
2 55
28 65
4 112
128 143
91 138
4 123
101 103
66 67
42 108
85 145
63 134
36 72
11 33
4 83
108 174
5 158
10 109
38 184
129 164
52 185
23 144
52 83
18 155
112 140
60 137
5 190
150 176
75 197
109 129
26 27
45 124
13 89
185 192
22 39
88 138
159 167
65 99
31 99
175 191
14 65
9 32
79 153
16 70
115 194
3 9
96 159
19 126
73 191
159 193
51 74
56 160
6 160
181 197
9 119
99 168
47 51
75 141
107 121
98 115
32 124
67 82
25 94
40 146
106 155
34 51
3 23
21 143
85 177
59 175
64 196
130 161
45 101
60 197
6 36
22 144
81 145
112 113
150 163
80 116
6 27
1 64
44 118
157 189
9 85
16 26
90 99
157 191
74 196
110 156
53 151
63 147
116 190
5 162
100 119
106 181
24 191
66 116
151 168
113 163
13 163
12 112
25 175
80 143
102 129
111 115
31 71
89 108
86 164
65 186
11 140
171 190
32 173
6 169
92 189
8 53
95 161
3 31
22 87
78 179
102 194
53 119
73 86
37 197
26 126
17 47
35 142
140 143
16 64
77 167
20 142
79 185
114 197
21 94
37 137
82 153
71 182
67 97
83 147
128 137
97 186
52 92
22 194
53 145
44 53
28 168
31 147
188 190
37 68
149 156
23 50
128 193
12 197
0 46
132 146
8 140
16 193
53 107
106 126
21 128
49 87
139 180
55 101
86 125
152 173
33 71
129 189
94 174
119 192
153 160
13 46
23 124
45 78
0 28
68 198
92 128
23 153
137 193
134 192
27 126
50 178
13 87
94 122
59 163
79 111
111 174
60 87
12 47
61 160
43 119
39 95
5 196
24 132
129 131
1 60
116 173
7 133
61 118
16 116
73 149
16 189
63 88
167 190
82 140
23 126
53 82
28 102
38 78
4 19
12 177
36 162
106 150
34 79
35 149
38 142
32 80
29 85
32 170
41 65
57 126
98 123
89 187
33 126
18 19
77 101
68 135
9 75
92 177
76 100
18 57
126 138
24 188
132 157
1 181
24 181
29 40
28 51
30 143
1 52
33 144
13 52
48 110
129 162
86 101
106 189
10 18
58 70
29 161
76 156
121 143
82 92
13 96
41 128
14 59
13 110
114 160
25 48
190 197
3 110
94 141
44 47
22 130
121 132
41 163
30 195
15 178
73 134
9 73
101 165
113 125
2 152
107 187
126 166
23 90
31 149
19 194
58 67
108 128
33 89
28 197
43 90
72 117
25 96
58 62
4 89
117 181
26 134
0 38
59 69
173 191
70 198
40 43
115 187
140 181
166 189
57 124
1 121
184 186
41 197
91 175
69 159
181 190
21 43
105 197
124 193
65 145
9 144
27 100
86 183
78 124
69 138
46 145
140 168
80 144
27 139
9 29
35 143
56 125
133 174
47 90
23 117
36 126
34 73
32 76
24 53
7 174
71 172
12 51
62 92
19 53
59 85
52 182
36 87
19 88
1 7
8 193
119 181
31 60
57 137
130 180
182 184
22 199
156 196
114 161
46 146
26 173
24 164
60 172
34 182
58 101
162 167
22 129
60 142
156 175
34 78
125 150
100 190
157 170
13 141
4 94
90 148
19 120
147 150
2 194
25 165
53 178
38 96
38 83
73 137
2 131
54 83
17 152
56 60
33 195
117 136
3 160
5 50
34 96
123 126
48 74
24 84
0 35
129 186
2 142
37 158
1 2
46 111
177 194
125 155
1 47
12 96
10 132
79 182
71 199
133 188
126 149
73 93
110 131
42 171
167 176
50 105
74 178
12 14
90 107
125 191
3 37
112 120
32 83
9 159
13 171
145 174
16 179
27 45
159 176
100 148
18 172
123 132
24 154
115 140
14 103
55 65
8 115
1 194
55 59
91 98
68 101
51 182
20 151
107 144
86 184
13 190
113 135
91 119
87 98
34 171
27 101
1 79
62 126
55 121
90 194
23 118
7 11
50 65
3 148
35 177
23 80
76 114
18 61
22 112
48 173
23 113
64 156
2 19
28 160
69 107
90 119
65 176
94 181
40 45
52 180
7 78
107 113
179 181
76 188
63 186
89 192
95 199
73 101
126 143
147 169
173 186
56 186
125 198
68 108
60 136
25 50
123 168
74 101
52 108
113 152
95 96
26 49
115 198
118 147
48 161
126 130
96 168
158 164
27 30
79 136
53 191
124 173
141 173
129 183
69 191
122 181
77 92
104 108
43 68
34 109
21 125
78 135
110 123
8 134
59 135
48 112
21 162
35 168
73 179
105 159
37 159
46 175
107 116
40 150
65 116
41 100
65 128
32 99
7 25
96 109
24 96
76 143
153 156
60 115
79 103
36 119
49 120
15 182
54 101
186 191
109 196
180 197
48 51
66 117
132 179
10 100
115 142
6 58
11 162
124 171
72 199
55 104
103 147
15 42
52 95
38 126
75 98
61 100
71 137
4 71
51 157
96 123
46 170
94 139
54 84
52 120
73 126
90 100
87 131
170 185
141 145
102 117
2 82
135 155
38 196
74 120
20 32
96 138
105 118
135 175
100 135
89 103
77 105
17 113
155 189
56 170
41 166
86 90
78 96
27 192
38 75
44 144
95 174
52 136
25 146
35 53
12 33
65 197
3 25
129 185
22 119
45 183
18 109
151 164
166 184
64 167
32 140
43 184
43 180
6 121
183 190
47 62
10 96
139 185
96 105
104 118
54 98
72 166
2 84
30 153
109 179
49 175
104 161
146 178
42 150
33 179
19 93
162 198
107 141
65 125
24 31
65 141
49 90
6 52
92 120
131 181
21 64
15 78
33 63
77 97
20 118
25 39
8 187
32 131
115 131
39 50
79 198
108 172
86 97
50 130
31 83
72 115
2 145
15 120
133 162
79 162
16 164
71 145
136 147
59 130
38 85
46 198
93 106
32 34
23 123
35 49
144 146
48 167
94 173
117 179
4 78
108 167
87 94
84 110
31 66
24 87
0 134
17 198
157 160
56 187
128 155
53 154
21 36
144 175
85 117
13 116
58 141
123 177
51 89
110 162
94 184
35 180
49 122
156 177
18 130
139 196
50 110
35 139
20 62
83 122
22 184
30 55
41 153
152 175
56 93
86 106
5 181
71 173
55 151
44 89
24 153
44 74
121 197
92 149
80 198
33 133
3 101
119 167
74 103
0 76
0 78
84 178
107 167
37 88
56 153
107 186
141 164
10 14
6 76
142 187
8 171
70 124
128 172
60 182
119 159
26 198
12 32
89 130
32 153
122 178
142 146
49 127
139 191
140 159
167 199
69 102
25 66
130 170
110 181
56 171
73 99
12 86
165 192
6 72
1 165
73 111
19 140
53 177
32 121
34 137
71 134
18 108
28 107
134 184
31 138
43 48
