500
750
341 492
187 341
107 341
2 107
187 458
328 492
107 149
46 328
127 492
2 114
46 345
127 477
114 175
83 328
50 149
306 492
107 303
50 400
149 425
175 452
127 181
107 437
312 341
131 303
114 167
175 482
283 452
131 237
313 458
115 345
167 394
88 313
237 364
188 313
149 402
303 333
57 306
309 452
83 463
328 497
61 309
110 328
364 471
83 276
83 261
149 307
171 237
107 202
271 345
365 482
5 452
2 494
261 284
296 303
316 458
276 321
97 131
303 372
256 333
333 485
333 480
73 394
122 480
284 352
254 480
79 131
246 372
303 418
333 446
246 417
115 251
245 492
32 46
97 282
6 245
44 175
271 405
59 296
110 433
321 435
26 333
114 325
5 487
317 418
339 492
147 458
61 484
45 175
37 321
131 311
440 463
16 352
112 307
112 197
111 433
97 255
261 343
32 194
171 348
235 271
23 251
32 104
39 245
160 433
167 436
127 185
185 336
37 314
147 344
21 167
122 279
294 364
95 314
265 294
296 378
127 359
188 434
316 363
275 352
64 97
215 237
300 437
23 412
2 234
397 452
40 463
446 469
85 237
237 385
325 353
79 93
279 355
85 222
18 446
62 222
212 245
316 374
22 435
107 154
206 343
265 427
187 454
71 372
256 288
194 408
290 487
4 452
408 465
13 160
309 398
111 298
359 481
110 220
215 449
181 247
253 469
233 247
240 246
79 415
24 127
265 297
314 376
317 409
149 219
148 171
202 210
217 344
36 434
275 459
355 395
6 176
292 311
87 237
101 492
32 338
196 317
40 120
13 422
22 381
60 73
48 215
26 67
18 478
193 333
341 495
18 141
104 123
77 222
437 445
111 258
5 96
16 29
32 63
37 444
133 288
96 457
203 433
257 395
40 126
380 458
275 473
174 343
178 395
348 375
135 457
176 315
1 187
433 493
147 326
76 454
19 375
260 375
54 465
242 298
44 164
163 492
40 211
56 187
250 294
18 281
235 310
411 497
436 443
262 311
428 443
179 402
402 491
405 430
304 454
142 385
70 458
291 440
325 450
154 272
206 460
149 330
84 313
196 216
49 415
144 333
0 422
104 277
84 225
78 194
14 64
17 405
49 322
40 182
7 56
74 310
27 87
8 281
183 220
243 458
203 274
40 102
269 374
286 397
23 423
324 497
177 445
76 308
355 389
134 397
87 414
306 393
16 75
344 387
271 331
80 297
35 45
133 441
20 487
322 362
436 461
78 139
168 440
221 298
143 215
145 171
20 121
190 454
53 363
82 480
245 382
14 38
195 364
153 412
170 425
16 407
28 308
23 468
269 350
307 356
203 406
88 161
52 260
71 295
136 243
456 494
163 388
259 444
12 56
165 197
186 428
287 460
113 144
146 374
105 148
265 442
224 307
329 437
226 433
1 90
9 95
277 424
105 138
95 360
78 305
281 293
214 315
414 420
358 378
56 361
454 479
299 443
166 408
25 336
273 435
201 215
3 286
132 436
72 471
400 426
362 369
209 362
149 373
172 277
284 285
270 420
89 202
119 443
265 278
103 317
76 392
94 240
324 335
3 379
208 392
39 41
128 491
100 160
223 484
53 466
27 124
137 440
158 398
241 356
318 400
413 460
275 483
204 456
111 498
136 371
180 185
81 344
197 267
386 471
210 249
261 268
323 446
27 65
96 334
345 499
295 319
199 253
33 70
210 337
53 464
61 476
320 406
383 388
174 231
309 410
42 495
388 416
55 269
160 346
173 231
198 422
332 409
203 474
406 432
339 368
95 263
51 483
125 309
303 486
150 224
43 292
30 320
3 455
157 298
99 418
183 377
244 385
183 475
351 409
58 196
68 249
154 470
162 174
34 249
171 302
171 236
342 483
22 92
159 395
117 454
251 439
169 235
93 228
303 467
427 490
54 156
106 475
68 129
60 130
66 481
342 404
365 489
151 311
235 354
116 127
92 421
10 154
228 462
102 349
244 399
207 452
251 327
266 442
163 213
225 248
101 289
35 238
190 218
275 431
227 359
288 384
15 111
173 280
264 379
177 488
14 453
191 412
12 340
91 465
448 470
118 383
109 248
230 281
200 489
108 412
33 438
189 307
357 405
347 362
6 419
95 301
155 255
185 239
341 366
192 439
210 451
140 382
144 391
232 428
47 345
447 486
131 390
62 496
252 303
285 403
184 482
229 386
3 401
205 385
115 396
69 148
31 327
118 370
104 152
46 429
228 367
86 326
11 289
98 257
416 472
14 163
149 193
320 467
303 443
344 476
252 253
55 275
322 403
45 220
33 188
56 344
70 299
63 443
29 74
26 169
35 358
317 388
131 254
69 77
43 56
39 260
289 318
251 252
151 237
184 348
49 498
371 492
229 287
35 344
142 408
37 350
169 204
102 319
221 227
90 385
258 309
81 266
222 253
29 383
397 485
9 78
63 200
50 230
189 459
9 358
127 304
45 104
99 168
131 376
223 232
317 431
34 165
143 397
375 431
129 480
168 199
129 378
167 204
14 366
293 458
106 247
0 370
168 421
274 414
326 352
309 450
95 190
187 212
174 479
45 300
3 38
32 360
23 183
20 222
196 355
29 440
105 448
109 280
191 486
173 176
277 395
140 464
116 406
116 252
149 287
32 325
254 322
28 330
371 375
179 189
32 288
121 233
122 238
193 246
11 127
274 478
281 463
175 301
299 499
190 425
148 307
120 299
213 220
52 124
289 427
16 155
338 359
150 233
266 288
278 467
71 488
14 249
18 42
96 131
175 216
28 342
89 300
169 232
57 290
237 397
222 392
38 373
24 253
127 229
7 460
345 455
37 142
331 367
277 285
55 391
103 174
396 447
231 358
42 449
190 422
370 398
80 223
110 440
5 392
147 154
394 475
217 473
44 158
45 108
212 284
181 353
65 341
66 94
244 335
17 89
345 352
70 385
147 466
126 313
164 422
124 268
145 385
12 356
86 382
39 296
104 196
286 414
285 480
433 477
167 285
94 490
186 495
257 318
275 400
115 212
213 223
344 391
67 238
130 407
130 278
19 489
70 296
144 162
333 339
84 88
327 394
40 61
401 459
73 472
313 482
317 389
404 407
265 432
156 477
265 460
93 161
443 461
218 475
174 364
330 361
274 415
241 374
147 302
109 376
61 376
64 430
218 267
105 483
247 355
241 340
301 375
29 483
213 239
175 423
91 92
243 393
210 238
204 467
109 436
152 396
74 432
78 308
86 214
145 304
40 218
103 124
270 400
274 302
312 393
55 95
276 462
166 424
20 261
130 222
101 124
237 368
389 457
63 229
221 472
83 275
299 483
84 125
5 224
86 169
96 341
54 203
249 406
57 422
316 381
39 414
407 499
215 352
166 214
22 433
56 57
303 470
