500
1000
275 352
275 306
170 352
70 275
70 312
312 423
170 391
70 102
44 423
352 452
203 306
203 478
406 423
5 102
196 406
306 320
217 423
165 423
5 107
120 275
44 399
102 278
266 278
178 452
120 334
200 478
44 267
92 478
176 266
306 484
71 200
399 486
196 494
5 364
101 486
120 431
170 190
46 406
46 85
200 257
44 149
271 312
101 283
352 388
130 478
396 423
178 473
70 207
88 396
279 364
85 161
130 402
40 388
5 8
406 461
92 126
340 461
104 267
7 217
283 451
284 423
7 185
207 382
215 257
162 486
254 364
70 310
107 449
40 281
104 299
120 472
147 257
172 257
120 213
204 388
268 352
185 453
81 310
69 306
197 200
200 361
260 299
102 479
326 388
80 278
430 479
7 292
286 312
44 362
49 472
269 486
37 200
172 238
86 104
37 497
104 324
70 131
257 466
238 367
284 450
310 419
136 204
253 431
204 243
291 450
90 452
415 430
373 402
236 473
127 213
156 203
161 492
52 388
52 191
315 486
172 342
31 190
175 466
119 203
275 276
90 395
292 495
85 145
200 313
62 391
254 311
268 348
95 176
182 402
92 370
49 296
64 213
189 466
161 383
49 298
266 338
64 68
161 475
81 467
152 266
198 484
320 432
334 490
80 140
175 341
44 114
41 453
449 489
165 433
383 482
16 197
120 250
8 135
276 417
388 436
166 494
261 286
469 473
81 368
326 456
372 484
49 195
195 224
75 310
350 494
86 244
32 472
107 251
297 489
5 129
290 489
54 68
362 380
342 447
131 325
484 485
209 495
126 194
162 448
13 190
247 388
81 454
32 345
315 465
92 321
294 484
100 453
91 152
94 312
281 302
56 290
135 314
211 257
294 331
169 431
141 253
44 148
147 155
47 278
189 263
245 362
51 102
113 156
173 370
71 73
8 360
94 225
181 182
55 213
124 244
187 189
283 369
137 172
341 384
373 463
16 327
123 402
199 419
54 231
153 454
267 385
69 470
456 493
92 375
220 368
246 284
162 434
18 461
41 300
191 438
361 476
118 131
301 313
429 430
159 370
15 104
292 474
119 405
93 101
9 324
161 378
126 133
262 372
231 458
159 288
205 340
44 305
59 275
191 444
241 370
142 145
110 438
383 487
143 149
77 487
386 469
88 317
76 95
77 318
49 308
89 348
154 266
355 452
334 400
103 352
174 348
425 469
315 344
110 322
191 460
50 305
29 251
27 290
80 316
26 107
211 289
232 316
100 234
283 439
358 383
327 445
435 479
346 406
36 460
208 361
231 295
50 233
313 446
286 303
27 240
186 286
160 196
127 333
273 346
74 434
184 489
101 420
149 412
66 361
95 274
369 410
67 191
17 487
427 448
64 83
48 181
221 296
11 295
331 459
230 400
468 472
343 459
210 322
331 394
22 89
279 401
116 233
108 289
52 483
354 439
34 88
315 457
133 180
161 206
57 475
142 319
184 223
52 239
341 498
140 218
139 221
43 207
112 153
481 485
176 381
222 290
205 282
67 228
188 453
313 462
347 425
294 393
249 420
388 455
28 310
256 343
163 196
45 433
330 375
79 425
180 309
168 314
12 15
323 469
144 187
201 436
201 464
128 204
10 294
33 43
60 420
32 329
191 337
3 368
118 259
235 322
429 477
332 457
63 269
115 423
14 166
30 462
171 211
150 316
53 362
48 248
229 476
216 250
125 370
109 198
19 261
417 491
89 374
99 459
98 153
38 279
337 407
228 428
279 336
265 465
77 202
2 44
51 293
387 410
384 408
197 443
207 366
234 421
424 489
77 422
336 376
163 307
164 221
111 145
418 446
225 252
21 322
97 155
63 212
48 389
55 226
193 318
6 145
0 348
378 390
235 397
167 407
224 488
157 482
74 285
138 234
179 494
32 398
233 392
264 397
130 287
129 403
91 359
158 476
149 416
96 310
354 440
156 280
199 413
230 471
229 258
13 328
213 277
252 426
4 374
39 138
379 438
105 475
25 107
81 87
302 357
72 189
134 175
122 298
335 358
35 235
270 393
365 498
257 304
42 264
16 242
32 414
437 477
24 62
58 109
65 318
84 398
106 242
47 480
377 427
214 258
16 117
23 322
83 237
78 133
146 231
285 499
255 498
78 363
120 411
81 132
339 393
291 371
318 356
183 459
58 351
168 442
82 171
20 104
29 441
234 272
61 472
177 438
227 467
29 349
117 219
103 496
47 151
388 404
121 248
353 483
121 409
147 192
1 2
298 349
142 370
305 444
38 495
82 176
338 350
153 348
159 184
60 269
86 498
57 95
17 239
178 330
44 49
175 261
376 463
170 428
199 293
77 289
116 214
161 354
338 471
51 493
161 496
243 270
113 401
275 388
231 279
61 475
172 251
293 346
14 451
62 207
0 170
2 470
56 380
33 252
184 473
235 482
275 457
148 311
246 439
130 155
31 464
443 459
440 441
258 387
351 491
193 474
163 315
361 368
286 418
25 226
240 267
281 436
51 266
41 187
42 47
208 210
30 237
222 224
126 153
28 78
68 97
113 222
135 400
435 439
10 322
213 330
293 356
33 412
47 117
26 120
7 167
141 323
123 270
385 433
289 407
413 496
56 445
77 120
264 412
367 464
34 97
130 131
428 434
320 386
108 142
22 88
343 477
165 190
26 391
167 459
258 374
148 379
97 225
18 456
166 268
445 451
135 217
62 388
167 355
175 340
169 278
145 302
341 467
43 440
336 338
302 343
347 435
362 393
32 250
21 248
268 453
143 177
204 279
173 279
466 477
99 346
25 325
146 204
479 480
332 387
3 409
120 322
266 298
211 489
367 461
102 383
51 111
151 434
272 405
9 130
119 231
129 476
31 329
169 405
7 126
253 409
0 431
310 339
67 220
191 317
98 409
77 235
20 141
123 276
125 154
56 481
73 326
128 165
140 307
24 388
157 429
212 327
363 491
152 227
135 437
13 323
276 345
186 434
3 267
357 455
82 205
44 300
168 218
230 279
16 433
66 181
58 450
302 354
6 270
134 366
195 316
202 480
57 210
401 483
106 150
64 351
100 337
305 422
167 456
155 318
235 286
102 484
94 353
296 350
112 250
101 231
174 329
38 181
7 129
453 476
272 369
41 124
449 479
15 248
20 412
282 390
23 381
69 288
401 454
42 142
15 364
15 271
108 155
241 350
390 479
167 258
86 480
134 432
267 336
99 188
261 375
13 284
260 444
3 305
287 431
155 175
275 431
98 402
81 113
43 60
21 448
277 460
377 462
68 371
295 337
365 434
156 313
238 486
77 165
32 366
63 110
41 228
242 481
12 94
81 300
261 301
136 454
14 470
335 377
178 256
215 222
76 246
5 425
183 321
114 167
223 489
387 394
115 157
203 338
22 401
15 209
18 64
299 439
249 280
297 452
229 291
70 319
106 219
248 452
189 393
400 496
375 484
197 448
44 180
266 322
385 467
31 246
171 222
38 423
100 195
224 276
390 453
261 456
223 425
156 374
131 249
419 489
149 390
50 379
35 225
234 446
158 305
295 411
90 186
174 372
46 201
71 322
109 319
200 282
3 85
82 373
202 335
109 112
323 425
38 214
22 192
259 390
254 434
290 396
19 288
155 314
309 405
131 377
106 396
167 484
390 485
114 475
23 200
32 334
40 416
74 138
227 318
41 77
67 93
340 448
152 421
359 399
336 464
143 230
184 224
113 174
198 236
289 357
93 112
6 112
263 306
97 305
148 284
150 207
52 88
118 346
412 434
139 463
151 448
246 422
227 251
216 375
440 470
31 77
300 323
243 488
14 235
88 105
40 93
77 93
284 436
70 409
37 98
223 227
93 208
400 426
168 331
140 232
368 387
51 88
235 315
163 375
390 398
261 488
404 450
179 301
51 296
43 82
428 451
165 214
26 186
63 292
98 323
253 489
185 254
138 293
289 445
304 331
15 108
14 280
161 315
126 499
14 87
23 306
376 420
23 139
50 212
78 101
161 355
125 421
209 349
100 440
58 242
126 415
295 427
97 444
299 469
205 439
38 494
53 219
121 299
63 287
114 387
71 290
91 336
41 436
92 184
76 339
392 476
203 234
199 305
85 196
166 371
56 208
349 404
5 481
135 305
174 296
222 317
129 197
39 417
47 345
185 497
51 187
393 450
23 182
293 331
165 466
88 361
374 375
186 418
122 381
165 352
189 460
176 405
120 188
121 253
261 279
320 389
28 107
42 51
94 341
112 377
77 299
90 152
462 499
250 295
366 380
3 404
24 324
12 330
166 237
360 415
376 432
466 485
380 391
134 219
59 119
103 118
37 95
188 488
107 164
13 251
74 356
285 338
8 184
481 491
96 472
46 361
267 340
193 233
132 159
289 389
327 362
114 443
329 474
93 431
31 165
199 219
4 54
189 311
352 492
10 92
9 462
205 394
117 202
184 423
97 123
219 440
98 394
119 165
55 336
145 231
331 400
383 412
51 252
375 381
73 313
228 419
368 407
322 413
362 405
315 347
