500
499
50 151
19 151
50 63
50 75
75 264
19 421
50 239
63 343
200 421
151 299
63 155
299 462
309 343
155 217
19 470
50 312
63 209
5 209
279 462
248 299
73 151
209 453
19 246
264 332
75 323
279 451
267 332
211 462
279 427
312 449
75 271
76 151
19 385
19 452
147 200
109 309
5 390
408 452
137 421
160 239
279 376
90 408
80 421
362 462
209 459
159 462
131 239
166 343
41 376
271 433
184 453
201 217
13 462
165 376
109 314
80 423
45 76
141 217
29 76
163 385
421 498
63 487
161 184
181 184
142 246
147 444
211 244
201 476
151 245
73 482
64 184
154 390
64 70
191 217
52 191
45 228
184 222
115 451
81 309
133 200
69 159
63 364
13 168
169 271
28 459
168 287
186 312
0 69
111 222
19 277
215 244
142 355
81 492
23 309
222 258
1 482
168 455
343 422
24 64
239 420
215 241
29 234
312 353
142 295
39 76
225 248
118 248
103 390
393 452
156 184
80 182
197 498
59 154
294 427
45 46
54 155
209 238
110 115
427 481
141 172
0 21
76 129
86 182
245 297
425 462
59 428
48 186
264 292
166 463
27 444
75 260
221 277
264 302
114 186
59 91
244 257
300 314
18 52
60 427
294 394
54 136
75 336
213 393
75 415
244 331
231 462
69 368
314 474
29 56
169 426
277 458
131 414
49 487
65 314
174 314
145 414
433 450
417 455
89 433
128 362
172 256
440 487
52 185
142 187
240 260
122 427
211 290
255 423
207 271
132 151
60 406
21 237
316 492
15 260
138 154
149 257
291 364
343 363
229 415
65 230
194 231
363 435
222 499
111 398
123 245
56 349
1 198
186 247
330 481
155 369
223 255
379 492
280 498
135 414
383 426
200 495
23 496
246 439
97 439
47 56
0 328
301 452
2 75
360 499
389 495
53 234
67 169
93 154
111 119
146 149
209 296
53 396
161 326
158 433
122 429
374 496
336 447
269 482
186 341
15 193
203 264
174 249
114 460
195 390
133 286
96 166
349 489
203 418
102 182
129 139
62 295
118 333
131 266
419 439
246 380
199 462
311 355
208 311
114 227
137 448
152 166
143 194
49 58
135 373
34 287
13 233
166 354
17 314
24 304
6 200
158 399
168 382
51 161
78 470
265 280
216 487
167 449
58 134
105 458
209 404
22 291
85 299
113 487
62 262
436 495
392 398
103 469
117 207
59 446
231 254
148 481
3 404
38 185
336 386
327 439
148 189
190 469
345 428
68 135
18 130
4 382
116 158
92 241
38 268
129 270
70 484
109 251
179 425
157 311
285 460
110 493
377 418
371 493
209 491
17 350
131 335
258 432
43 62
186 196
262 442
104 331
33 137
89 384
52 121
11 38
167 306
119 218
299 465
250 316
25 229
87 109
397 476
167 334
292 356
161 298
140 330
336 466
37 229
157 346
83 131
254 352
42 191
33 490
56 340
24 337
300 473
86 409
170 334
55 436
173 280
94 168
131 443
78 475
29 464
392 445
275 428
257 367
74 231
16 294
68 252
322 368
96 324
93 224
1 235
382 402
108 114
184 438
67 461
33 261
73 164
150 258
11 120
358 496
183 244
327 375
205 435
310 354
276 421
193 342
7 231
79 116
72 498
189 274
282 487
98 328
331 497
203 263
156 232
61 81
235 479
21 456
95 121
171 432
174 413
357 393
5 36
8 160
325 433
203 214
365 406
99 417
188 301
320 389
303 448
296 321
320 401
111 220
40 102
170 338
24 315
243 256
180 186
180 210
92 381
259 421
26 346
114 488
30 138
272 301
157 226
398 410
243 391
206 258
20 188
273 427
77 447
174 313
243 478
104 454
22 472
92 278
162 198
45 288
74 483
307 466
123 412
100 408
47 305
270 486
290 347
56 411
53 66
264 366
287 485
9 29
175 326
269 403
84 100
15 329
130 351
12 174
177 276
125 128
293 299
14 22
126 429
248 471
370 432
267 388
82 100
168 407
304 378
25 71
176 241
112 243
44 491
131 212
315 318
206 372
107 133
101 172
204 362
178 465
72 202
262 434
361 398
105 308
330 405
219 383
124 464
317 345
339 353
32 451
329 348
253 392
252 477
227 430
144 384
31 463
16 457
395 433
319 327
89 437
60 344
66 153
10 71
250 283
305 468
302 359
56 424
106 432
35 80
105 127
242 487
215 387
91 494
57 258
74 416
266 281
226 467
88 481
400 412
100 289
284 299
236 416
191 431
362 441
242 480
192 380
