500
600
75 406
192 406
121 406
121 471
121 266
255 266
406 442
121 411
295 411
75 296
68 192
68 90
296 386
67 386
434 442
2 121
71 471
280 406
266 302
68 299
235 386
124 434
75 248
134 266
280 399
54 192
235 284
54 100
248 401
266 333
90 348
235 309
192 498
331 471
59 295
59 267
471 475
124 229
303 333
395 401
2 323
134 455
67 193
39 411
395 431
59 392
71 423
29 121
134 305
475 492
238 399
368 401
58 267
112 492
177 348
199 266
2 317
431 443
1 411
386 405
2 114
192 232
121 366
296 493
76 121
333 421
25 299
68 422
215 348
67 147
141 434
393 411
238 362
77 235
119 147
421 467
29 243
229 327
68 72
161 475
34 348
392 444
71 398
34 146
295 381
327 450
48 422
450 496
160 348
294 399
39 408
191 331
317 359
29 233
58 396
87 395
104 331
238 459
154 411
111 191
100 321
2 254
84 396
268 323
84 209
254 380
266 415
149 401
17 149
198 302
446 459
119 291
303 447
33 395
309 428
90 129
81 309
42 447
296 402
147 239
52 295
42 200
60 248
286 392
244 402
161 187
114 464
227 475
81 205
214 422
320 498
42 247
51 467
51 389
227 275
176 442
112 225
34 341
323 378
299 345
248 330
200 278
106 386
242 302
94 411
147 307
394 475
159 359
179 398
198 413
78 380
115 146
275 276
60 367
146 158
333 390
271 280
234 399
167 225
52 135
136 305
241 381
190 227
90 113
87 448
249 254
77 274
18 368
360 471
71 102
147 171
243 365
33 40
373 444
72 466
209 495
268 351
211 366
15 209
219 496
48 279
104 182
35 76
20 136
151 211
244 372
233 412
13 59
79 493
94 325
368 420
376 408
464 472
13 435
307 424
92 286
210 455
412 433
285 367
84 449
297 380
45 396
382 399
339 475
38 104
27 114
35 116
22 389
194 278
28 376
0 219
71 283
280 499
211 270
37 378
4 135
52 414
67 170
42 117
175 296
371 424
151 202
400 471
98 279
111 269
241 319
56 232
40 212
298 373
18 329
284 497
129 288
37 312
241 388
313 414
171 180
89 378
96 434
145 179
88 295
122 209
111 430
335 464
88 416
85 472
370 412
20 287
162 248
149 157
250 274
121 231
29 152
184 238
103 388
256 398
327 357
2 108
23 325
13 481
105 492
33 217
202 417
188 393
235 355
196 202
28 460
58 478
222 386
44 411
39 65
219 436
181 305
64 175
356 388
37 53
3 13
194 314
43 171
294 379
190 391
19 323
83 408
171 272
288 480
50 89
266 418
15 174
165 217
86 152
369 493
30 394
163 370
115 245
126 472
57 241
51 490
32 56
173 355
91 222
107 276
108 259
0 253
18 458
199 260
55 291
265 400
25 143
246 317
208 388
119 440
75 441
206 335
66 368
89 261
106 426
6 25
82 157
293 495
224 235
39 226
41 401
37 153
132 388
327 474
110 490
103 403
170 338
252 380
8 86
5 396
154 292
76 404
248 457
77 311
222 473
70 170
455 486
10 212
321 352
224 290
262 486
105 377
77 207
134 491
79 387
131 200
130 250
16 467
185 459
101 368
420 445
9 10
136 144
173 346
65 263
85 166
437 447
361 380
364 398
215 409
299 358
174 410
188 452
139 411
69 305
253 308
36 219
24 101
111 342
16 47
200 324
2 488
63 430
410 465
118 402
117 133
118 306
11 121
95 255
153 301
192 374
164 299
121 156
17 109
404 453
397 450
122 197
31 478
355 479
165 468
66 186
51 326
334 387
93 211
85 282
281 374
141 454
289 335
150 490
43 484
347 473
145 223
271 429
55 322
104 316
363 459
96 142
226 273
16 494
257 448
111 218
92 127
169 260
195 196
166 237
175 318
155 436
80 237
186 258
7 39
213 406
14 261
459 483
171 216
46 499
32 470
250 462
246 407
21 467
69 463
62 213
32 61
350 386
277 391
12 326
112 228
340 441
8 49
138 471
304 355
156 220
73 366
101 264
310 480
120 249
125 261
308 476
60 204
347 384
25 221
79 236
24 349
108 137
375 496
44 148
315 433
178 408
307 489
385 490
19 439
123 218
281 300
275 354
74 390
183 375
205 451
26 138
377 438
20 477
140 186
253 336
97 285
123 425
108 168
6 99
240 247
295 332
278 461
316 456
237 482
29 128
109 251
187 230
100 201
251 353
277 432
83 427
189 268
52 343
337 486
36 485
383 387
203 446
32 344
437 469
85 419
328 335
172 385
7 487
107 194
5 185
160 424
327 429
54 80
99 445
67 206
184 429
201 451
270 404
103 364
17 63
79 431
185 478
130 326
80 406
36 205
85 308
119 142
303 492
65 113
362 380
60 497
109 493
148 262
87 496
65 359
257 469
185 350
369 372
105 473
168 326
50 344
342 369
376 471
274 492
212 243
72 360
289 390
129 203
98 114
92 135
416 496
55 238
172 199
17 498
67 300
104 228
44 316
66 320
295 338
194 349
443 445
200 383
230 475
310 459
237 430
320 391
237 308
15 303
258 471
258 444
358 376
80 228
303 450
307 402
8 104
177 297
235 239
241 497
297 370
223 389
368 428
89 365
182 434
15 430
386 457
185 495
157 276
7 425
151 412
446 476
199 470
20 458
223 492
363 409
443 477
114 252
198 447
290 404
140 487
163 177
223 353
59 164
87 457
141 351
291 398
243 409
223 414
6 360
230 467
