9000
10000
1262 5890
5890 8323
2218 5890
4347 8323
1262 5115
2218 4043
4866 5890
804 2218
5583 8323
2521 4347
147 4866
7656 8323
804 8655
3110 8323
3110 8043
526 2521
804 5569
1262 4080
4652 5890
5610 8323
473 8043
526 8028
2397 5610
526 892
5115 7143
5115 7337
6333 8028
804 3142
5063 8028
3110 5877
4866 8860
4717 5115
804 971
6697 7337
857 4347
892 6792
5345 6697
2397 7765
379 1262
5877 7184
4208 4347
2218 4894
6355 8028
857 1408
4208 5520
738 1408
1827 2218
3028 5115
2545 4866
798 6792
1516 2397
1262 6854
379 8118
147 7441
6589 7441
2254 5063
2254 3381
1516 5071
1579 4043
5571 6854
842 4894
5051 5115
144 5610
2397 3543
4314 7441
2521 8330
5115 6802
738 6878
5063 7864
2254 4826
4043 6068
1821 5569
7143 7725
2412 5115
3559 4347
1579 2863
2032 5583
6589 7270
3053 3559
505 7184
5179 5890
1262 3945
842 7897
1388 4717
7208 7897
147 7101
2471 3543
2934 7725
379 7269
1881 6068
3296 4208
6571 7269
4399 5345
1727 5063
3945 5144
4080 4734
833 1821
4358 8330
1579 7528
1543 6854
647 3559
2205 6068
4372 7725
585 6333
228 6854
1408 5700
526 8282
1995 2863
4717 4823
857 3783
5571 6930
3594 4358
3110 7111
6854 7569
8282 8681
4399 6090
147 2151
3053 5499
647 1808
2405 6571
4314 7578
5499 7936
4080 6063
5571 7392
6566 7143
1238 4372
379 2588
473 6912
2998 7441
4080 5680
5012 5583
2581 8330
7122 7208
147 7916
379 8446
1881 2755
36 4372
2254 6250
738 3412
4106 5569
1808 4136
3559 6431
6206 7441
1929 6571
3594 8586
204 4314
7612 7916
842 1417
2029 7101
7741 7765
5011 8282
7451 8446
5396 8043
766 4372
5449 7864
1038 3412
3763 6930
5583 8831
4823 8830
7569 7629
1822 2545
653 7741
1061 4106
3 2254
3543 5943
2863 5831
6250 7010
1819 6912
958 2545
4106 4748
2032 7922
415 5520
5179 6211
2577 5071
19 833
1475 1822
2863 5508
821 4372
857 2784
2044 6250
261 7656
1388 8144
7208 7700
6146 8655
4355 7569
2857 7111
3219 4826
2044 4036
4776 7656
1543 7869
5941 6571
1550 7569
7615 8831
2160 7208
1881 7444
2628 5610
3544 4399
647 3131
3936 7184
3917 6854
1929 5061
738 1957
2857 5486
2186 8323
1739 7451
804 3362
6250 8640
1618 7208
2628 3353
4889 7897
6333 8207
2521 4180
709 1238
1822 5862
1123 2784
3053 8539
3219 6345
3159 4866
1966 4748
4014 5396
6339 7337
1579 8155
2500 7143
23 473
5995 7143
4033 5499
964 3936
1802 2998
967 7528
892 7301
4135 5396
19 302
4347 7652
2258 6792
1388 8833
3362 8526
1199 3559
524 2044
6758 7111
2577 5663
2354 7528
2335 8655
19 3163
1947 2784
3204 5520
6355 6445
607 653
1854 4043
4372 5106
847 7700
926 8831
1522 1727
7040 8833
118 1579
505 1216
36 6635
8 4894
1881 6552
1262 6777
4894 6122
7864 7903
4399 7209
23 670
4495 7629
6634 8144
3083 5877
3370 5115
505 1720
709 2437
7143 8663
7184 8576
1061 5896
2254 7777
415 5764
1989 4823
1456 4399
5344 5508
2581 5895
3049 5995
6211 7458
526 7280
23 5265
1929 8052
3887 8028
1522 7091
1516 5685
479 4033
833 3776
3207 8330
1199 1308
4244 7280
7143 8458
261 7692
940 3219
3110 6689
2599 5499
476 971
892 2830
4347 8124
3708 5061
3615 7612
2106 3783
5399 5449
1029 4043
585 2820
339 2599
1077 5571
2615 5890
6431 8912
821 7852
3543 8795
526 1324
4823 7176
1966 3094
1789 2397
6777 7047
7176 8260
1369 8586
2492 4717
6792 8498
558 5344
5396 6560
5721 8498
2265 3094
3028 8361
7111 7116
415 2908
1789 1903
1789 8114
7269 7598
2689 3049
6691 7700
3063 5508
1828 7392
3931 5941
1308 5244
2577 6285
3559 6690
2397 3942
4355 5387
3131 8112
6792 7276
3617 5569
5561 5877
1442 1618
2252 5106
1625 4244
5230 6689
1094 4043
7090 8114
4468 5583
5486 8767
8423 8458
1966 5541
3633 7458
5877 6704
5139 5345
3049 5679
3131 7044
23 2988
1947 3732
7916 8135
2931 8028
4974 6704
6063 8200
3204 7265
6635 8513
2755 7996
3633 5240
4858 5230
1587 3543
18 7265
5451 6930
563 3942
2815 7528
4244 7383
7612 7976
685 3763
476 4722
5139 8280
5941 8374
6286 8681
1235 2521
930 5890
4342 5061
926 4343
2258 7029
4481 7615
612 4481
505 8340
4788 7922
2119 7010
853 4347
5298 6930
126 3945
2265 4460
821 1612
1997 5115
5345 6812
1522 5227
1995 4555
1950 2160
2072 7629
5680 7805
6853 8330
3917 6074
1727 1752
204 7829
3271 7441
4432 8833
284 1989
5680 8944
1727 6938
2308 2830
1553 8860
558 1378
5144 6187
6349 6690
7692 8076
6973 7044
1997 7787
2863 4232
3594 7401
7805 8249
7111 8671
3763 6554
958 3882
3028 3911
857 6668
4866 6426
4897 7976
2072 6138
526 3614
787 8458
4177 5610
1056 8114
1123 2911
6549 6668
2252 2591
2397 3373
7697 8144
3687 6566
5806 8323
2439 7116
4788 7548
1456 8837
2417 3887
5229 8207
39 7903
1133 2998
2532 7392
3036 4866
2032 6273
6273 6335
1579 3013
5520 8161
239 2628
3817 5061
964 4197
3594 4730
1018 6074
7864 7945
1789 5771
2218 4165
1929 6652
3817 5788
1625 8937
7704 7922
5788 8744
4661 7652
3973 7922
4343 7549
5229 5775
3776 4636
512 3887
7805 8667
3098 5895
7301 8020
3485 5943
2210 6549
658 3207
3373 6039
5144 5719
1408 8599
2471 6882
5399 6400
6674 7976
1230 5399
4085 5298
7135 8539
8653 8830
6646 7208
1957 5783
1399 2397
24 5499
1230 1843
4897 6477
1911 6063
2698 5862
3617 5797
284 8016
2532 3313
3184 3296
1917 7829
4347 7221
3036 5255
3633 7724
1821 3414
800 2258
4776 6867
261 7786
5941 7752
3053 8614
6485 7903
1012 5775
4636 8362
7143 7926
2998 7046
4062 5890
3013 4782
1858 2151
2144 4399
6455 8767
456 5943
4135 6886
4043 4980
4355 8268
6946 7615
6846 7697
415 7882
647 2861
19 8562
2424 7864
3732 5550
2588 4621
3109 5550
3508 5797
780 4347
563 1252
1097 4734
2389 2439
1995 8186
7569 8680
1012 3276
2417 3431
7720 8539
2440 8280
646 5387
7492 7897
5835 8498
3982 4636
658 5402
1975 7922
4734 5901
2321 8340
6846 8866
3458 5520
721 1516
1625 8301
2335 5044
1504 7135
1812 2440
1107 6339
5522 6878
2598 5044
930 6303
3302 8831
3442 4782
8653 8705
997 1475
1858 5720
5265 5843
3942 7726
1369 2510
7441 8059
4358 6309
2528 4980
4136 5696
415 1292
1230 4908
5831 7183
2885 5890
4089 6589
261 6486
1800 5522
3159 4574
3615 4793
7492 8313
5680 5695
1640 2258
4090 6250
1402 8830
688 5571
4333 6552
1881 3368
3531 3887
315 7091
1911 2264
7091 7606
29 8539
7916 8187
3508 7930
3594 5243
2626 6802
1154 4897
1730 7996
4090 8677
318 3917
2521 3343
2526 2998
4140 8655
5608 5680
4975 6792
1803 4180
1516 2375
3487 8052
6003 7451
23 4149
5749 7916
1307 7122
39 7421
800 4459
2944 8513
5680 8166
228 6123
5106 7923
2001 8374
3131 8160
4894 7675
2060 7122
308 1012
5144 7867
3882 8731
3617 4508
3028 5459
7 1378
6469 6777
388 6853
4800 5061
4543 8323
3136 5071
4619 8767
1951 3343
2717 8526
1133 3121
8077 8937
4661 6712
4580 4974
1752 6364
2264 2605
4358 5556
1348 6123
4945 5835
967 2650
8318 8446
1821 8719
2397 6561
975 5943
5608 7737
3296 5442
6521 8671
3559 6910
2118 2210
2820 6940
2203 7029
4459 5120
1681 4208
653 5669
3531 5417
3792 8680
2500 3793
7936 8210
1111 5063
2437 8609
3954 7040
4272 5901
4022 5265
2946 6878
4508 8531
1498 4460
4555 4626
5323 5831
766 3814
2739 7183
3486 7897
1282 8640
2999 7578
6668 6770
1911 6654
3110 5360
3562 8614
3381 8040
2646 2815
595 1553
997 7178
632 7976
3882 6290
1950 7902
3973 6648
4208 5753
1874 2119
6758 7436
2072 2530
1038 6166
7101 7117
5860 6486
456 3746
2072 6451
1974 4858
4279 4858
842 4458
423 7852
3368 5467
2003 7692
6122 8337
1077 1373
3665 3793
5345 8456
2532 6488
7697 8808
2103 5227
2962 5061
1874 8407
7176 7199
5749 6210
4596 7615
4501 7301
586 7183
5140 6554
608 8767
804 6362
7601 8912
1606 6910
528 5749
3317 4342
495 7922
4165 7909
2160 8412
2581 4541
415 1357
5171 5298
36 5900
2439 6621
2405 5262
1881 7070
2106 2695
1890 7741
2396 7903
5218 6339
6973 7107
4626 7529
4106 5445
4468 7637
2778 3792
1818 3442
423 507
1903 2026
5659 5896
6654 7775
766 2759
1985 4372
4322 7178
1273 8268
1557 6886
3479 5556
5858 7184
1466 7720
2339 5445
1917 4635
318 3351
1900 2530
7224 7867
1543 8232
2026 6707
781 6469
3005 6187
3165 5011
2504 2650
2302 3204
2620 5171
1369 1698
586 4390
1073 7101
1111 1505
2375 4978
6486 7962
773 6648
612 7567
2437 4184
3390 5995
742 1739
6831 7726
2252 2741
3204 5772
36 5776
1364 7909
3776 7503
1531 3973
5941 7414
563 638
22 5323
5071 7686
1750 5451
3276 3819
2354 5671
2000 7301
926 5488
1623 3083
931 8640
857 3411
5860 8105
6445 6541
3053 7896
505 3268
42 8407
563 7774
2739 8940
513 2389
1431 7786
1553 3923
3142 3228
5306 6286
495 2661
227 7777
685 2429
4767 8020
7503 8590
3718 7070
4324 6812
5860 6847
2528 6647
3562 8957
1989 3507
7057 7786
6690 8484
42 3751
2162 4165
284 4620
29 8779
2491 5140
5380 7909
395 7774
1042 5764
2750 4541
2902 3390
2605 4195
3617 7714
2186 4253
2939 5240
155 3204
2417 3961
1173 4722
2528 8549
272 5719
2578 5344
1716 1950
126 3583
2344 7070
318 6404
4474 5776
6485 7874
4788 6109
4767 7448
4314 4785
6464 7697
709 5760
479 6588
2548 2998
505 7969
261 619
4468 5374
5761 8458
685 5092
7907 8028
646 3717
2003 2257
804 2311
4574 6134
5387 8802
2344 7749
3234 8731
7176 7743
2924 4782
7269 8073
6978 7057
1094 4124
3506 4776
2504 6516
1567 7829
2526 7676
204 571
5666 7598
5671 7368
7898 8280
5491 5695
5248 8340
499 6074
6365 8912
4785 7129
239 5988
2857 8378
7618 8681
5092 6529
3204 3635
1894 8655
115 4165
5619 7676
2470 5265
911 3412
3204 8864
7383 7600
5776 8487
528 5159
5335 7930
7578 8399
4795 5896
4355 5766
44 5298
5104 6566
3507 7876
3493 8458
7140 8118
3814 4692
1302 8576
1605 5120
3458 7904
315 401
3917 5916
6242 7040
8105 8339
44 3298
1822 6594
7984 8671
573 3751
1808 8584
2615 5014
5776 8832
2265 4215
5111 5619
276 7047
3159 7981
3317 7496
1335 4324
1248 3381
3853 5771
4908 5020
1129 4232
2021 5995
1111 6238
7567 8180
2821 7704
3261 4135
412 5700
6224 6242
6290 6478
1605 7654
3650 4080
1962 5877
7180 7720
6521 7991
1432 7436
2396 4796
6460 7392
2752 7724
4796 5607
6253 8680
5380 7443
4974 6743
3947 7981
3823 7922
7950 8586
4436 6224
6063 6958
5158 5179
5928 7976
1890 1927
1812 6217
239 3516
954 1727
2647 4215
2873 6224
997 2534
450 479
5191 8361
5709 7629
5862 6353
1587 1705
7412 8484
1111 6260
1792 5685
507 3186
5766 8848
2044 8935
5806 6779
8090 8864
401 5007
7218 7926
1756 7774
3973 7343
3825 6634
4153 7777
2878 4785
632 5320
5120 8430
7600 7885
7178 7757
4411 6867
1116 2545
8091 8681
800 3337
3131 5299
975 4739
5301 7412
4077 7010
7676 7851
2118 3980
7654 7915
640 8484
2834 8040
3097 7143
5706 6451
2389 3547
6973 8928
6648 6827
2073 2106
3013 5740
4822 8864
1129 3316
401 1984
6150 8663
4629 7749
1431 7394
1291 2118
3327 8957
4342 4373
112 6812
1962 5426
4043 4700
1692 1802
997 7604
943 1238
4982 5144
956 6362
1324 7335
3778 7129
6757 6912
798 5289
5445 8439
5120 7059
137 4399
2412 7483
1516 2449
1159 8795
1792 3293
1470 4974
7209 8659
2958 7916
5166 8731
8374 8390
2650 6002
2021 4284
5873 6812
1225 3204
1067 5374
100 7441
1328 3487
993 4165
442 1522
1130 7548
42 203
1075 5508
841 4739
4001 5244
4449 6068
6074 6245
1117 5106
5197 6853
899 6707
6026 6451
1602 8456
1789 7374
4284 5519
638 1546
1809 2988
7441 8049
1017 8374
4038 8848
1485 1917
2585 6166
6170 7903
1557 5407
352 2103
1056 7312
2210 4306
4952 5399
2252 5959
6 2615
115 5974
139 4165
612 5990
1130 3872
6505 6704
76 8323
4488 8313
4875 5262
3823 4553
5689 6335
3885 6210
1018 6241
4495 5646
2131 4165
5540 5760
676 7907
821 5090
4084 4700
1373 4517
849 6068
1432 3832
7896 8252
3219 5052
1543 6009
276 6066
2116 4399
1503 5289
1235 7541
1364 8841
2834 4070
607 723
4373 7505
2265 8490
3271 8721
2620 8829
2547 3053
520 1957
3142 3428
320 7757
1216 3602
2492 7064
1426 8105
1933 2186
2089 6210
246 2547
3013 8774
5536 8774
563 7439
7700 8128
5134 8091
2143 7676
1528 3109
727 7312
4789 6946
227 1088
954 4768
3447 4432
891 6940
115 4131
50 3508
1418 1720
476 7295
5958 6668
5806 5950
408 1324
1308 6685
3600 7598
943 7358
6697 7397
6345 7493
1945 2264
97 4062
1789 3955
1782 6451
3424 5134
4326 7295
1789 8706
6041 7976
5252 8200
927 7199
3092 4324
2151 4892
5363 7224
563 7960
3562 5750
5534 6138
1985 5517
1543 6444
221 7503
62 1843
2647 2996
2927 8016
2163 2755
2258 3090
1485 6019
1058 7111
6952 8866
1114 6541
4411 8865
5522 8587
3772 5862
5719 8955
6823 7656
6694 6779
565 3121
6195 8744
5536 8593
5162 8166
4254 5106
727 3818
1734 2118
54 1029
4281 6333
204 8146
1133 6669
4184 8226
4958 5139
121 3228
2151 5570
943 4268
4793 5241
5681 8940
889 8744
97 3405
3947 6872
2396 7185
3390 4658
982 2998
4619 5502
1515 6303
1590 5928
870 6571
1357 4805
761 1348
3656 6485
3600 4045
1417 8003
759 6704
36 4906
2778 8089
5508 5774
2257 5444
646 5155
1155 7612
2093 8831
6860 7295
5220 5753
3954 6272
2311 6228
1677 8866
2066 6697
2080 7397
2841 3219
1724 5363
4635 5338
7855 8226
3614 3661
4281 5496
6561 7249
4692 5373
1087 5052
2964 7915
4588 7601
685 1806
6063 8369
6217 6661
45 5890
4981 7458
1895 5345
2985 4062
1442 3501
1601 7676
2265 5635
3357 5877
5356 8586
3980 7378
2628 8602
4815 5895
1013 7700
339 6208
7675 7892
3741 7741
3289 6938
3955 4466
1911 6474
2725 7749
5635 7980
4767 6772
1129 7450
2585 5892
4882 5958
1799 6242
4325 6647
2412 5837
7295 8433
434 1075
4183 7950
1773 7697
793 5011
2433 6285
4370 5092
3403 8430
1792 5030
735 5775
1061 3894
3656 6042
4722 5686
4689 8663
5248 8035
1918 7503
468 3381
7496 8632
595 2664
4229 7960
1017 2769
3782 4952
4757 7378
1329 6958
1474 4084
3723 4474
2081 2103
2955 6882
4200 4689
1647 8671
7067 8433
3955 6696
6204 7867
1553 4162
1790 8526
769 8003
587 3219
2732 4325
4390 5623
1111 1493
6259 7867
4342 4448
144 7227
2729 7059
5517 8218
1735 5686
1280 3486
18 7592
3098 3534
1216 5952
1737 2599
4399 7681
2265 3042
607 4226
6823 8628
4136 7924
7250 8808
1066 3028
2003 6354
1332 8090
3974 6707
3458 3611
1292 1964
4768 7951
2664 8650
573 3076
2969 7183
2534 3998
3110 7972
2205 4512
6888 8323
479 1919
7041 7874
1528 5939
3538 8180
405 3411
2001 5871
5702 8731
3878 4084
3940 6888
571 2202
3980 6902
914 3228
65 3343
1264 3424
2057 5766
4958 6028
3493 8748
3928 8731
7156 8144
6340 6404
7181 8944
4184 8233
2651 4458
3877 5092
2494 7864
4980 7016
4022 6980
6802 8973
285 1827
1352 8957
955 5797
2962 5017
2717 8477
2532 8682
5031 6460
1752 3676
2032 5136
310 5162
309 3390
3458 7873
50 7833
814 5092
6734 8369
2720 8374
2821 7212
6529 8440
1726 1822
3190 5995
1406 5030
1418 5538
1493 8389
1606 7623
2848 7280
7358 7497
10 2504
8161 8329
6561 8195
5956 7787
394 647
1047 7775
121 8772
5665 6224
526 6841
3551 8513
6585 7637
1373 4012
3423 5995
5662 7598
1546 7967
8004 8114
1129 2948
1535 4195
5072 7156
1497 4232
4806 5092
4975 8024
2210 6934
3299 7629
1951 7642
710 5373
688 7589
942 4449
3357 5296
1968 8128
5906 7493
1282 2673
5338 6179
5671 8670
2003 4883
6309 7453
7241 7714
5861 8628
35 7676
413 7724
4140 8781
2949 4272
3109 6430
1095 2264
5622 6273
1568 7675
378 7453
731 8268
2029 7468
6123 7815
7855 8581
1854 5187
1784 3411
431 7397
759 1400
4254 5588
897 5797
5220 8189
1843 3855
2377 5296
5611 6846
5522 6498
3666 5517
3438 4692
4089 7098
5771 7929
927 4774
4735 5402
8482 8779
1097 5208
857 8224
1117 8689
2556 8233
7011 8628
7013 8004
1528 8943
7090 8684
2243 8124
2579 4197
833 2213
121 6578
3322 8210
2073 5048
2445 4474
2380 7209
3637 5444
3366 3438
1927 5554
6864 7098
2417 6837
3092 7084
230 3878
1472 5407
1329 4964
1130 2297
1058 7895
4967 5402
2186 7968
3413 6867
2602 6560
4180 8244
526 7469
97 3077
901 8487
357 4495
2478 6566
2848 6530
3248 5541
4813 8833
2647 6254
1236 2934
2647 8400
369 5417
6003 6727
2180 5873
423 2282
4554 5298
4793 8924
1561 4325
7241 8733
2781 2902
681 5659
5798 6654
40 7443
7313 8955
593 8663
8 5738
2863 8785
5797 8978
5610 8328
2471 7782
4149 7369
4470 8705
5958 7083
3956 4124
2944 5413
1698 5366
5012 6775
5399 5826
4444 7098
1724 5095
239 4202
5210 5958
2322 6930
2254 2331
3207 8685
1438 1472
586 6156
3159 7780
3049 8196
3715 8833
4315 6187
3637 7231
3853 7110
4536 5323
1931 5671
5140 5530
4592 5519
2133 5906
3443 5241
6891 7686
612 1916
4022 7946
2410 6019
5360 6463
6251 7450
2494 7463
5607 6433
4347 8009
2788 3602
3234 3332
1822 5293
6207 8706
2066 6410
2417 5811
1758 4106
5550 7076
5296 8467
2719 8412
5393 8721
1156 4140
3585 7029
2861 7499
1468 5665
907 3792
406 6541
5772 8312
6273 8223
936 6211
1417 7052
4802 8161
4893 5646
3372 4070
247 7775
4358 7990
1471 8076
7120 8677
2815 3937
7220 8340
7057 7682
1993 6560
1494 6902
7261 8244
5344 7420
6878 7865
800 8258
5739 6812
4508 5834
5005 5014
1835 7606
1046 2815
5294 8186
4044 8957
291 8671
7674 7681
4014 7066
5968 7765
3487 4863
512 7634
277 2969
990 4692
1568 4539
221 5279
1151 3961
1291 6268
5770 7469
3957 8195
4344 7156
1151 2843
2597 7924
4111 8105
1468 7622
2158 4553
2838 3381
8132 8330
3875 8490
1877 7420
1906 4448
1978 4619
35 8042
3482 6179
3776 7813
3188 7358
2510 7291
49 1698
593 706
1058 7900
2205 6427
4819 7176
4502 7622
5280 7592
1979 7700
6204 7490
3076 6018
5893 7218
499 1736
1800 5043
5012 8577
412 7119
772 1252
2366 4342
2863 5948
3599 4149
624 8671
1348 6504
1808 6243
5505 8260
4091 8937
4218 5974
5005 6275
4879 7420
7107 7684
4734 6575
1828 3895
1509 2689
3884 7490
7004 7439
1654 2066
1112 2510
4785 6299
354 638
2392 8040
1587 6620
44 447
2292 5798
2678 6654
2243 8958
5738 5784
5366 7437
6807 7116
1752 4595
284 6920
6763 7777
100 5565
7176 8183
6208 7428
1529 5834
2056 8020
4652 6080
1883 3049
971 8211
1473 1989
4272 7517
1615 3228
1305 8706
919 4014
5574 7697
454 6349
5610 8384
3404 4661
1408 8855
39 1004
1467 7805
4062 8022
3751 5933
5880 7180
5714 6529
6250 7539
3366 6101
10 4082
582 926
621 2202
2257 6310
205 8223
573 8567
373 1890
2758 6018
473 6507
2550 5248
5964 7907
1297 1308
6207 8987
954 4063
2066 2839
2080 6359
4458 7613
663 2781
2888 4502
3121 5667
141 6867
2282 6306
667 6090
3633 7883
3701 8705
4757 8264
2869 5659
2336 4897
2800 7569
7314 7629
5541 8099
475 7549
3971 5554
3090 6604
2194 7064
3443 8514
2079 6846
5893 8938
1756 7172
1094 5207
658 2475
1579 3257
5806 7727
1742 5901
278 8581
8258 8893
2437 5590
5144 6378
1419 6122
3686 4553
1730 7826
4215 5288
3412 6684
990 5068
263 2163
3482 5389
3951 7469
589 7066
1916 7042
971 2499
2857 3714
8339 8411
1784 8507
1775 3063
1828 2224
2489 7951
6762 7066
5630 8576
6800 7606
5700 8997
1294 6800
1108 1557
1808 1820
7129 7416
3040 5280
1775 4019
3666 7710
3211 7714
2678 3359
1009 7882
283 3974
1820 8993
5100 8252
1129 4825
2243 6330
905 6207
1618 8616
921 8958
5928 6706
1329 7060
3894 6591
1037 2848
2126 4077
2555 6561
6436 6575
2424 5867
4853 7714
852 8539
2777 8602
3709 7990
5784 7664
1657 4805
1141 7314
563 677
1097 3748
2205 3039
333 742
495 823
2664 3691
1570 6241
6652 7535
139 5308
6906 7826
4201 7618
1789 7283
481 7220
2494 8357
2382 7991
3616 4882
3259 5399
7178 8267
4373 4624
7633 7826
5012 7338
1500 7996
1369 8094
123 4580
4445 5502
3945 6766
1072 3957
6806 8587
907 4988
249 1726
7436 7695
2747 4184
4318 5488
4203 5413
6944 7312
2528 5003
1589 6430
1858 4929
178 6944
4700 6144
1576 4735
7136 7968
3615 6745
3127 5255
2864 6779
1770 6867
1427 7980
930 8149
1302 7711
3867 8706
2133 8408
1038 3247
1835 2443
8272 8374
2186 4304
2363 3083
4178 6211
1475 5629
4734 8816
1947 6048
1074 4038
1732 8832
7483 8158
4005 7208
6039 6459
6157 6585
439 1974
1726 1814
8212 8829
2979 3961
355 1877
6890 7136
357 5642
219 5373
2205 8565
3940 8204
4330 4929
3613 6706
3748 5278
5011 7871
7484 8339
4065 6359
647 5842
475 8991
4171 7684
430 8848
3531 4645
5956 7097
7725 8455
77 4863
1624 4882
355 7317
1018 5330
982 8692
8707 8912
1443 2103
1706 4180
6195 6342
3501 6786
45 96
337 1012
1047 3433
1226 4596
2371 4974
982 8425
4838 5556
6864 6961
3359 3496
152 1657
6849 7780
23 7160
5299 5385
1618 8976
2123 8423
1797 7044
4244 7006
3616 5777
1116 5495
6342 8192
5772 8800
2282 8763
1858 7347
5757 7786
2532 3196
2089 2823
2724 8339
18 1583
1828 5392
2810 6355
3693 8412
1249 5667
32 1402
339 2461
6689 8343
1741 4135
1944 4635
2988 8603
1900 1958
538 8973
1062 8719
1002 7833
7291 7894
2424 6883
4281 7193
2224 7816
2835 6696
1073 2045
205 3639
3196 6715
853 3126
1033 8094
5621 6812
3413 8285
5237 7084
2218 7055
10 7734
1405 4875
1736 2316
5227 6489
2308 5628
688 2200
2042 7930
1422 4149
115 5547
3714 6035
1206 2382
2438 4595
3910 5345
4690 8166
3316 3436
1305 1983
4581 5873
3547 6294
703 943
1515 4397
1871 2996
364 8408
4022 7299
892 5562
2561 5901
2821 7058
1559 4894
4111 7103
3966 5387
473 3758
8172 8264
5858 8766
3694 5373
5136 5703
4769 8232
4315 7315
1692 6768
309 5688
6993 8337
204 8296
5332 7855
3391 4315
4695 5389
3136 3307
1118 4481
398 7120
7626 8682
5716 5766
455 7915
7170 8268
5251 6208
801 4806
7283 7293
18 3511
1046 4743
4063 6550
1716 7123
5045 8318
793 1445
6299 8388
2541 6478
6 5676
1886 2026
1610 8357
398 6838
2371 3238
2140 8035
6503 7902
2517 8318
1784 7320
4311 7675
687 6068
511 1529
2432 8114
2083 7634
5662 6049
4269 7276
1560 4908
646 7242
1476 7111
4003 4964
2867 3121
4149 7920
3374 3955
3485 4455
762 8458
1647 2374
6504 8505
3549 7898
156 415
4606 7421
735 8169
434 1311
4111 7669
2554 3261
3686 6724
3825 8941
8592 8816
308 4867
2388 5043
6914 7117
121 2027
495 4039
19 260
475 4105
6913 8785
1125 8795
1851 6902
2892 4284
2215 3783
285 3483
1612 4507
1364 7384
4620 6467
6549 8936
2907 5159
3734 5943
821 1462
375 4517
3739 5104
146 1951
670 5498
4391 7276
2228 7199
6384 7421
2641 4343
6451 8809
1324 6559
3248 7611
6520 6669
1221 6914
1018 4327
4266 4813
5527 7675
1027 6378
3347 6920
801 7516
4344 4651
889 1355
6697 7189
5257 8671
39 648
1280 3816
3754 4001
3827 6758
2719 5406
1099 1895
1724 6383
2440 8874
2218 6791
2577 5036
5930 6410
4501 6396
713 6838
398 2141
2391 4019
615 2141
2684 2810
4153 7584
6887 7980
6363 7189
3534 4531
5293 8939
2468 2843
3447 4069
7634 8038
3009 7378
1343 6400
5053 6378
6846 7079
571 5041
700 8226
5194 8412
239 2327
2528 6577
7826 8036
688 6814
63 1606
1077 7465
742 2122
2874 5218
966 4826
1724 7005
4569 7903
2857 3807
3527 3600
4940 5669
112 487
1649 3807
5524 6516
1018 2018
1088 6796
1033 8012
2388 6015
1386 3817
119 7996
1624 1672
2126 4133
5448 8160
4732 6427
470 3602
995 2468
126 3541
975 2386
3483 3892
42 4175
4381 6335
5179 5336
5756 7652
6365 7404
6604 8823
1467 3759
5948 6022
2503 7208
6770 8847
804 2196
1216 5726
2304 8028
661 5665
5509 5671
2350 5442
4646 8847
2858 6028
6831 7056
6923 8258
7224 8880
4709 5298
2451 8043
3723 4491
5618 7869
1735 7252
3317 8629
4553 5844
2522 3825
6439 6577
4796 4837
3007 4866
35 4618
2730 6910
1766 8183
2702 5753
176 1216
1947 6937
2768 5308
291 5271
3333 6015
2194 2427
3793 8478
690 6944
4763 7826
4365 7343
1257 8339
4596 5346
3706 7714
2541 3578
1916 8483
3396 7057
2383 6134
5305 6883
5763 7490
8112 8418
1560 6271
2030 2057
1915 8937
2451 3408
6013 7622
2102 6210
3624 5294
1728 4445
3297 6668
7851 8688
1555 3257
3624 4102
2066 8125
321 7548
2218 5799
1029 2365
3165 3655
2663 5459
1560 1901
324 4619
2231 2661
1302 8974
2536 8166
5949 6074
2350 5533
4267 8505
4795 8686
5662 5848
3479 4340
3105 3867
365 6777
950 5041
1797 5846
6259 7348
812 5179
799 7900
275 8603
1076 7058
7946 8846
612 2146
4317 5508
3569 8022
1079 2602
2739 8510
7143 8872
3826 8823
1099 4101
284 8995
5407 5824
5301 5765
1077 2275
1858 5586
2393 8565
905 3202
4312 5948
4872 8020
7233 8149
2140 6046
6273 7489
238 7589
1883 6726
2018 7294
1153 5299
2858 6624
4228 4658
2948 4721
3307 3478
5140 5273
2745 6878
6003 7810
1468 7732
206 5738
588 1472
2746 7634
8012 8164
3215 4592
6648 8153
6076 6179
4342 7186
6303 6735
222 4162
3709 8346
3068 3751
1806 7721
3374 6580
7294 7659
2203 8193
2720 6528
1536 2729
271 8399
196 849
104 5590
6792 7590
6330 7986
889 4015
8301 8419
827 6571
5137 8616
5974 7650
3496 6681
6346 6486
256 4879
2671 5880
1677 4059
8 6548
589 6955
827 5347
5739 6857
2835 6511
1959 2934
5824 6071
8043 8097
3593 4102
3236 6944
4058 5373
398 1272
3813 7335
799 3258
3972 7642
1632 7721
3600 4115
49 786
7505 8469
2615 3175
8169 8542
2792 6831
1284 4311
2779 5774
2452 4730
596 5505
7352 8272
5746 8935
1973 5534
178 2301
61 4327
2720 6905
2750 4331
4414 7066
1284 7391
2386 8206
2018 4225
2911 8856
5210 7509
4567 8955
4223 7391
3505 8012
600 7569
1017 4377
62 4060
4183 5748
603 7184
2249 5323
8530 8936
6861 7220
1778 7184
1280 2319
5753 8214
7053 8599
2787 6912
3793 5781
2683 7066
5720 6709
6144 7624
4083 7629
5834 8066
5279 6513
62 5572
8360 8688
847 5267
902 2412
4837 7764
934 1606
3885 4660
119 6547
884 3327
712 5187
5638 7516
125 3882
5619 8051
4427 8323
4873 5949
5726 8959
5881 7590
1937 2231
2504 4193
94 1819
1332 5070
1958 6667
2080 5912
4646 5388
1915 5992
3823 8853
578 5881
2914 3433
841 6493
787 7918
443 4102
2940 8772
3075 8958
5075 6743
1579 5268
2775 4140
3728 5867
2580 8244
4313 6854
421 7615
6152 8323
4109 5374
4036 5927
5538 7554
2329 3585
5661 8132
4098 6187
2860 7764
5912 6673
7228 8781
3029 8957
4826 8755
367 731
2788 5474
3806 8955
1612 4379
365 7161
1130 1539
6726 7961
1505 6347
2499 4137
7056 7324
1650 5162
6604 7254
1141 3619
2589 6076
4180 6380
64 6838
744 1583
2351 3053
1170 8599
1185 2874
265 8707
2118 6534
354 6926
6206 6305
2078 2588
7824 7945
7582 8484
6359 8922
4813 4925
1517 3184
419 2160
218 3853
2131 3206
1533 4281
1155 4937
5415 7394
780 4934
5927 8556
559 1937
2826 5508
7990 8450
6140 7193
972 2116
814 1222
1004 6366
5966 7348
1832 6268
2282 4576
3954 6895
2271 3656
8528 8831
4760 7782
4908 7731
4535 8362
6901 8020
3464 4162
1726 2665
419 863
4900 8853
7560 7826
5495 8986
1987 5044
5837 6627
373 2619
608 2343
1786 2778
1357 5566
7786 8027
6534 8699
4717 8431
2969 8914
6253 6481
1394 7743
3818 3840
2224 5982
2405 7229
3141 8390
4778 7170
1087 7814
2810 3796
1758 7257
4803 6860
2858 5334
2953 7960
362 4448
4813 4886
8853 8999
8487 8749
421 3498
263 832
7512 8218
4687 6648
5298 6845
6238 6639
1386 8139
1747 7140
527 3289
3618 7143
4383 6035
2127 3931
1504 7274
927 4727
5121 7041
5537 5665
4518 7368
973 1378
1498 3730
94 6215
6010 7301
5755 8655
2882 3097
2195 7220
4910 6455
2026 7544
563 1204
3180 5895
1045 1443
377 3823
4574 7576
8405 8816
2957 3694
1372 1951
2758 6262
3731 3885
995 6877
301 2702
5420 8091
2665 4303
2465 8195
6358 8974
4757 7025
1329 6710
698 5799
797 5623
5707 5753
5171 8283
6582 7391
2841 3011
6290 8994
1955 8329
7632 7726
3289 4984
1553 4099
3766 7900
5775 5850
1610 4265
1737 5116
6035 7891
230 8738
5966 8305
5103 5561
1657 3375
290 5896
23 2472
1264 4194
709 5439
2327 7932
4770 8283
1416 7615
8224 8623
5443 6661
3526 5075
4722 7371
3667 5166
3709 7407
1500 7580
1087 6644
2441 6505
5060 5330
1335 5236
5048 6115
4099 5492
1934 8802
1095 5986
5696 8901
5241 8641
2499 7498
2145 5194
7001 8146
4197 5234
8134 8408
6674 8079
1699 6430
3175 3943
870 7958
6580 7026
120 6745
5027 7774
1067 6943
757 6444
7228 8608
34 8957
2148 7741
2854 5939
1129 6079
2042 2050
8592 8796
390 1386
3360 7392
1341 8864
4262 7414
6957 7786
2506 6814
571 4227
5934 8384
5387 5612
2849 7280
2661 8656
2873 3678
1323 6644
5257 6759
4740 6152
2695 4241
887 4063
5396 6590
810 1851
8425 8637
7242 8126
4133 5521
3665 7292
813 4267
3049 5032
942 6911
4577 5467
1583 3548
1910 8629
3496 5469
3819 8859
379 6756
1945 5006
368 2663
278 7956
2799 7637
4183 7794
3012 6635
2725 3721
3629 6621
5797 8299
921 6021
5338 7602
3688 5043
1280 7807
3012 8597
5374 8454
838 5952
401 3830
1958 5357
235 4039
2186 8615
1186 1553
4039 8115
2757 6046
252 2591
2498 6430
205 1907
6848 8763
1358 3351
3312 3772
5004 8774
2124 8685
4422 8296
5679 5828
3196 6418
2780 3211
3956 7311
925 2203
92 934
2069 5294
8068 8214
2358 3370
3357 6006
4604 5104
5232 6404
5125 8258
1260 8301
4719 8530
4379 4697
2671 4354
2449 2738
40 6879
4551 5537
1203 8264
765 4001
2997 3676
1123 8753
6305 7050
2249 3835
5147 6346
3981 4223
4447 5499
5011 6435
4197 4382
3544 7043
4246 4940
4193 5304
2587 5799
955 6468
1598 2724
4451 7984
1892 6071
4559 7864
1031 7005
1962 6116
5017 5653
3792 5597
612 3209
2808 5230
5509 8966
4427 7065
2366 8365
838 3355
3775 3827
2927 8903
927 3521
1669 6290
34 1259
3818 8401
2742 5393
520 8058
2340 6467
4391 8243
699 5241
2619 3104
2776 4604
1832 2535
1589 5312
579 1973
268 7469
2756 7042
634 6648
992 8510
3077 3657
1637 3436
4226 7255
2465 5249
7721 8821
5309 6585
3347 3518
6222 7926
6520 7755
3013 3409
934 2041
3082 4889
1606 6650
726 4793
5362 8458
1059 1294
2562 4331
1071 4178
20 6022
2167 6926
2276 7956
508 3688
4910 6968
1035 5399
1107 1604
982 7845
5194 7142
5509 7266
2339 5055
4265 7847
1185 4640
5453 7283
3931 6840
2974 8272
2557 5071
3042 4126
3175 4117
2327 2531
982 1884
6245 8364
7837 8628
6853 6917
2585 6742
984 2750
373 6619
1665 8296
217 2650
1924 8874
406 5372
6280 6791
2263 6668
3942 5079
2695 8645
571 8173
697 4984
3280 7578
4603 6404
2889 7079
3238 5117
1513 5136
1317 1742
933 3541
4874 8937
3435 3931
3593 4880
5785 7757
2078 6862
503 4397
6022 6640
2884 7116
8563 8841
4756 6028
2171 5347
738 3470
2113 6571
3464 8820
4049 8637
104 3383
2607 6010
1414 3814
4583 4897
921 8953
3613 5636
2711 6511
1550 3392
3350 8244
7588 8433
1154 6411
2146 8834
5903 8567
4337 5880
2077 8856
155 165
1894 1920
4031 6727
1286 7265
173 2127
2546 5521
6474 8262
511 4476
3759 8537
616 1388
313 6459
2139 3028
92 2011
4989 5686
1952 7414
2211 7046
8292 8753
7204 7682
4891 5179
6477 7740
2698 5644
2671 8892
1705 8235
4295 8206
7116 7195
4894 7426
640 4847
487 6270
6360 6485
4015 6815
2371 6899
2964 8240
1447 5835
6754 8901
4325 6632
2477 7967
1843 3580
234 5007
1297 7552
6211 6454
3771 8419
1798 2354
402 6968
966 6065
779 7681
4133 8406
338 6938
332 1610
1798 6143
3184 5655
675 2577
5958 6304
1737 2992
124 5106
2321 8242
2829 5502
7341 7969
111 8240
3867 5989
135 4195
1151 6382
1383 7091
1131 6734
5079 8075
2874 7688
3269 6993
395 1318
5413 6894
2597 5780
2596 5843
2489 8006
5721 6876
5985 6516
1035 1811
4012 7300
4868 7669
2829 3006
5268 7200
5770 8103
588 5167
3675 8430
1716 7850
1968 6698
3186 5133
1751 1987
607 7839
4583 8133
3441 5063
3528 6639
405 1360
3007 7279
3723 6936
2869 3164
2201 4858
3637 3952
1389 8405
1114 6024
3691 4139
2498 7908
989 1116
303 8767
2148 2226
5080 5702
2082 2410
681 8410
2647 4040
4225 8548
2316 4744
206 2207
1985 6381
1568 7278
216 5956
5775 8797
2308 8310
5826 8087
2660 2996
1116 7023
1963 3372
7353 8966
463 2826
2577 4537
368 8963
646 3018
941 8505
220 2534
519 5330
2844 8285
5262 8524
4318 4464
372 8681
4580 8476
2193 4618
4873 8519
8788 8855
4217 8608
3222 4470
82 5948
4113 4652
877 6734
5706 8151
1065 1734
6210 7447
1143 5257
1823 5244
2502 7782
5050 7335
137 6025
5894 7280
4919 5636
2535 6093
2705 7684
2182 7176
2434 6206
6227 6668
6390 7257
1351 6280
2398 2443
6204 7297
4487 5420
4620 5398
3940 7594
4732 7259
4303 7835
1515 2923
2366 7298
4038 5672
19 2865
369 7393
800 1780
5396 7863
8046 8232
4811 8068
299 2146
867 3333
5115 8179
5675 5901
3244 3436
2257 3631
971 2803
717 7374
2183 6486
5913 7055
1534 7517
272 701
1467 5564
5835 5962
1940 8169
5546 8076
899 3697
6262 6875
630 4284
1598 1768
3885 8123
5437 8267
512 3871
1501 5194
836 3813
2965 7981
902 7970
4370 7248
6322 6464
2934 7627
256 7666
6275 6675
5316 6346
5576 7700
1529 5518
4769 6788
1208 4111
100 4159
984 7767
3170 7627
4870 8859
734 3619
4999 6639
185 4640
3020 3110
959 7186
642 4458
704 1974
1560 7316
2386 7828
1426 8392
8450 8480
8169 8574
1500 6111
3756 4488
2664 7342
3871 5585
1497 3950
3817 5792
2077 6033
1852 7950
3085 8628
3912 5756
1429 8046
7555 7633
4720 8866
4581 5081
1137 1917
4624 5926
2585 4647
4878 5671
2063 2471
363 5439
205 5322
1354 8688
4955 8846
886 7135
6138 7853
4585 5518
4536 7137
6241 8241
3102 7341
5926 8799
5976 6206
2216 6647
2080 6279
8308 8549
1949 8066
180 7320
3020 3214
6383 7118
3083 6256
3374 7072
3598 7103
5380 6096
5346 5803
430 8775
486 1009
390 8373
969 5672
1400 3609
260 382
856 7600
1842 2082
1962 2411
6134 7848
3482 7966
492 6685
1675 7316
6961 7194
47 3039
3381 6954
3316 5712
4343 8496
3261 6900
402 3476
5088 6697
1539 3471
904 1516
4275 4778
1018 2942
3423 8839
3390 5082
2789 6913
7375 8283
1883 4431
1727 3572
1273 2191
1689 2730
1913 6455
839 7865
3431 4949
1682 4012
947 1546
561 3814
1822 6148
4001 8971
5344 6829
3824 6759
67 6290
3261 5718
1764 5230
419 932
2019 6431
3512 8006
1341 2181
987 2949
3691 4462
2443 8536
646 3809
1376 5063
139 8760
1208 6326
1003 5536
803 8576
505 2558
1932 4135
1920 5891
3623 6968
1461 3694
2276 8983
5267 7978
2464 4583
5090 8801
6149 7829
238 2575
817 3234
3663 4945
3284 3885
901 6371
839 1028
450 1740
2030 8461
3526 3930
2615 7382
3000 3163
444 1394
538 767
792 6899
8528 8569
2985 7937
6844 7805
301 2326
1719 4090
1640 7217
2803 4718
520 3690
6439 7717
1340 8212
5368 8681
603 610
3952 7402
7023 7514
365 5091
2570 4838
749 4149
2170 6227
5393 6688
2513 5289
2277 5137
4502 5548
3103 4620
1000 7107
4596 8668
8400 8613
988 8498
3384 5688
2323 6872
6844 8344
1640 6037
7775 8814
221 4996
1270 3381
3274 8049
1884 6587
3962 5492
4351 7050
404 2257
2825 5860
6751 8211
5270 7829
1518 7697
6595 6796
1096 5982
449 8207
592 8586
2629 7567
1724 3468
3715 5699
6887 7009
475 1575
6074 6221
6650 6880
4608 8685
3199 3234
1739 4497
546 6961
2545 4207
903 4140
1967 2768
5640 7634
1104 1657
1599 7837
4262 7386
1128 7178
967 8127
1307 5428
3831 5082
6206 8517
4484 5680
4873 7649
4821 6902
1861 7375
767 2402
6743 8665
907 2169
6751 7997
5809 6299
135 3997
2321 3386
479 3150
1745 6580
2377 3787
4564 5671
772 4871
2522 5582
61 1176
452 2588
4745 7184
834 7016
1184 6157
2147 6849
1879 7161
6218 6474
5034 7936
3204 4736
251 2119
4421 5703
3627 5007
4843 8301
12 3538
5548 7595
3988 5586
798 4261
1121 5700
1000 4308
2006 8408
994 6978
4576 5365
3247 5639
4794 7265
3005 4418
1940 3680
846 8839
3695 4136
7770 8656
825 4201
2530 3864
1816 8719
1235 7575
2417 6281
3751 7705
2350 2701
3787 5532
4478 5210
4228 8464
1819 3647
4919 5904
1311 3932
1706 5242
2966 8912
602 6759
5393 6029
6768 8886
845 4089
1398 2759
5074 8653
2205 6077
2629 7849
2851 8464
1692 7408
1773 6557
860 2139
2669 3609
3916 5536
2353 6093
461 7490
767 7488
3817 8261
3969 5688
6335 7508
2801 6076
295 2739
7884 8478
190 5640
3051 7458
1023 1226
3858 7143
123 164
2912 7483
3661 4213
4649 5320
2748 5280
4014 4733
1402 8745
602 5557
4300 4692
185 4404
759 7832
525 6823
1003 2831
1036 1252
4751 5445
2377 8951
1640 6971
8273 8280
469 8134
1046 6959
144 3979
1640 5631
4632 7873
1044 5171
3515 8802
2895 8530
510 4875
2965 7754
4520 6285
1103 7183
8381 8410
2368 8615
1389 4605
7762 7864
61 6999
5540 8131
2080 8479
1143 6615
4478 4622
1037 3379
788 2277
1591 8425
2731 8412
4915 5798
6901 7574
1760 6571
243 1173
4447 6344
2396 6446
5574 6682
768 4194
832 8827
1968 4829
434 2989
3812 4343
7746 7876
1119 5550
5613 7097
5367 7119
21 5721
1670 2050
977 8212
2860 4582
2795 4261
870 7431
124 4386
693 5848
4358 5971
2900 4559
646 2984
894 5689
5538 8595
68 7408
4640 4913
431 7857
425 7391
661 6723
1497 2330
2656 3817
758 7780
689 5011
780 7155
3614 6678
1014 4177
3252 6346
4422 6859
3036 6990
5559 8632
3552 4175
1284 8445
1591 5436
18 1662
1479 6648
4182 6221
3701 8588
5509 8555
1953 3482
437 5518
16 8820
97 2409
7701 8410
5545 7254
2825 7707
213 470
1654 3035
3778 8911
4408 5757
2536 4783
6985 7613
7778 8461
3483 4366
3834 4447
3081 8384
1653 4062
411 2257
6048 8948
5366 8370
5663 5782
379 1217
2236 4743
6223 7584
2364 6505
2248 6208
249 2919
5840 6002
3857 4734
2388 3519
299 8338
3853 4352
2253 2499
3115 3695
7292 8086
4340 4923
1132 8135
201 6046
948 5229
6528 7346
3278 7122
1983 6664
3670 6952
1786 2360
1670 8327
506 2745
4621 5206
4468 5342
263 3145
761 1082
389 821
3362 3733
1877 4833
6580 6951
3018 3488
2455 8103
3085 8288
2327 4694
562 3647
3561 7137
2429 3946
2915 3372
2351 4122
1389 6686
1167 3498
107 6455
93 4300
1623 1666
1228 3809
2729 3025
1263 1335
2089 6320
307 5509
1490 3872
2554 5553
263 7533
5689 6070
677 3480
5189 7629
687 6740
626 8077
2210 6492
3968 5766
827 4255
1343 2850
560 624
4066 5686
2116 3850
224 3971
436 1466
1730 3517
6899 7399
16 8902
379 5160
3367 6770
2199 8663
1278 4626
7774 8501
1298 6093
5485 7850
3421 4397
6222 6483
133 5050
3321 8677
506 2559
1579 4407
1400 7694
8628 8933
4043 4169
2199 7442
1173 8129
4503 8392
1939 5666
804 5177
5106 6765
477 1388
2412 3138
2299 5346
4327 5156
2435 5738
640 6126
3453 6844
4353 6952
2705 5471
3863 6815
7219 8132
3856 4624
2647 4209
3430 5638
3013 5813
4937 8491
4067 4652
5466 8655
146 6509
5257 8694
70 8193
4585 8850
4275 8398
588 5013
4854 7996
1843 1855
149 7394
6674 7825
815 7900
1510 3103
2521 7287
1727 5924
1632 4220
2409 8319
2330 8054
685 2283
2024 4592
3198 7732
2691 3697
1065 4669
4383 8063
2944 8391
3680 4775
4796 8227
3062 3442
5249 8148
8404 8766
2429 5973
2611 2747
1823 6490
164 778
686 2452
869 8753
1648 3807
969 7520
1959 4480
3675 8873
2864 7002
424 3222
1771 7552
863 3099
4142 7700
6410 6915
4814 6792
1393 8880
1340 7230
1439 8548
3960 8748
870 3101
8629 8934
1760 7162
2190 5244
5512 8588
5206 8121
4763 8861
656 8567
1401 5392
6081 8659
4163 5811
259 5320
353 5831
4528 8640
1727 3249
3294 5388
2540 5034
74 3379
5781 6656
1025 2907
3428 6040
634 775
499 5465
1588 3097
1742 5493
6400 8717
815 7361
3231 4460
1459 3269
4751 8710
3825 4931
1139 7060
6285 7470
853 4947
4540 6791
500 4503
5230 6676
5371 6042
685 4096
7545 7602
4219 5474
324 3137
1934 2049
7895 8709
1382 8364
1848 4284
3755 6354
5920 8388
733 1292
734 1106
3106 7986
4047 5699
4981 7127
1803 7901
2412 7355
981 6707
6710 8352
1067 4242
497 5699
693 3576
637 1186
312 2545
6898 7458
4723 5208
2247 3507
1790 2832
2221 7342
954 6220
3602 4917
1509 3133
4827 5505
6568 7936
2126 4499
3723 6317
835 8733
6681 7471
3710 6380
662 8853
2073 8527
5958 7722
2452 6182
1510 5717
1414 6916
8252 8804
1057 2253
6950 8042
3069 6604
531 1820
8677 8747
234 8890
1966 8960
1005 4788
2649 6758
1346 8418
2598 4817
6868 7312
2806 7694
5168 7407
111 8451
4314 6616
2232 7649
997 8716
4966 5903
2972 6279
2296 8847
2049 4222
2815 3791
961 2562
4572 7920
2944 8868
1057 6764
5522 6739
4262 5333
7260 7600
2892 8109
2555 5126
2376 5912
2034 2649
209 5322
5534 6992
4347 5975
4140 4494
7287 8248
907 3227
5317 6309
36 7940
2874 3254
3001 8195
5045 6112
4067 7487
66 5685
3391 4887
2238 4001
1071 4683
5617 5623
2192 6040
5370 8866
3290 4330
3286 3298
817 5979
4320 7127
5187 8256
9 6582
1626 4184
4218 4750
1013 4400
2650 3364
908 7940
166 8864
938 3190
2173 8094
4119 6068
6697 7881
4254 7557
4707 5139
4945 5735
1786 4457
4008 7029
939 7072
3345 8846
5351 5720
5235 6013
5830 6640
3651 3998
2591 5963
3578 5615
512 4682
4545 7755
2056 3883
3419 4008
3887 7021
3780 7274
945 8407
2342 6326
2493 7544
3534 4479
10 3744
3978 6046
7725 8438
1709 8706
2498 3597
506 3397
1943 2024
5294 6023
5212 7704
477 6388
2413 2998
1668 5106
73 6459
6174 7554
5922 6451
499 7806
1869 4033
1546 5791
5964 7434
1736 4962
4734 8954
4014 4289
1094 4453
1863 6455
161 3826
3934 8848
5406 8106
3152 4793
178 1781
5541 7572
7003 7578
4296 8513
6237 6894
2418 8501
2165 4487
3643 4931
5418 6488
3228 8460
74 1120
4590 4782
3047 7732
3016 8087
2972 3513
1747 2697
4063 6466
1361 7280
4806 5889
864 7265
7157 7752
2052 2405
1323 5800
3160 6656
1546 8154
428 5922
11 4940
1381 6754
1527 2282
1827 2518
1118 7953
1404 7023
667 2913
5590 8857
2586 5913
37 1493
3157 5104
5184 8154
834 1711
739 3598
4220 7068
6024 6631
981 8366
1138 8123
4438 8390
2028 7892
1438 8905
2100 4868
4036 5062
574 3968
1724 5967
172 6759
4501 8845
8227 8737
4090 6500
1994 2489
381 1883
1703 5248
1026 3252
3731 4278
1590 4128
4315 4599
3560 6029
30 4372
753 6549
4078 5982
2988 3555
1919 2320
3947 6612
3142 7175
3322 3924
1289 5251
5655 6628
1729 6093
1000 2897
7512 7899
3052 8779
1026 1339
2226 3341
1895 6011
1871 6453
1119 1325
3343 6409
4000 5873
3210 4796
1628 8004
950 6429
2696 8905
7472 8855
5387 6301
6294 7844
5948 6475
1672 7856
1032 8040
4986 5669
5514 5615
735 3445
128 5316
1553 7275
270 867
1413 8365
784 8362
1398 4395
641 1576
1491 2780
3047 5263
7107 8368
1938 3937
3259 3668
859 8043
1311 2904
936 3839
1239 7431
1529 5501
2987 3383
5428 7332
2788 5936
1626 4118
2737 8024
66 2639
5117 5285
67 502
4549 5279
3047 7989
5511 6123
2409 2943
7657 8562
5361 8490
7176 8246
1381 8998
1362 8868
1394 7438
1298 7769
300 3040
2299 5925
611 8577
5024 6859
176 7182
441 3040
604 8592
482 5545
3584 4829
4488 6458
240 3284
4803 6395
150 6694
96 8907
8565 8571
2801 6200
8114 8415
3688 5056
4945 6924
3236 5729
6445 7282
5850 7456
155 3469
5181 7098
842 5161
2029 7536
3895 6377
641 6288
1712 5617
1642 7548
3199 3336
5470 8941
2093 2676
1202 7123
4172 7294
1002 2084
3898 8003
128 6298
3531 6884
4467 6485
4534 6460
4983 6474
1132 6617
676 2723
1387 7997
2344 3490
1611 2964
1966 4316
1087 7783
2822 7200
4951 8211
1278 7890
8476 8669
1768 4428
2108 4470
2866 4763
3178 8166
5909 7434
3036 5287
6003 8500
3491 3633
2057 2482
1028 1893
266 6582
2079 7147
6446 8618
4373 7031
3407 4379
293 8524
2183 5047
4221 6430
2520 3792
5622 7971
2215 5019
1726 5152
4106 8466
3384 4684
8062 8688
6423 6624
1 8808
5301 7253
3718 4127
7033 8415
406 7556
4238 6561
565 4846
5097 6739
4277 7626
716 5610
2926 6985
219 5620
2826 4607
7535 8638
267 6435
6346 6665
3860 4684
17 3860
731 4181
1244 7882
3655 7149
4605 7524
4885 7869
4821 8136
4821 7188
5527 8175
672 2029
824 6917
678 5671
2429 3087
4655 5679
6497 8689
2695 2753
1350 2081
1823 4762
5982 5999
5408 7052
365 5497
1111 8771
1236 1753
8172 8956
5663 8930
3823 5424
1930 5270
5641 6187
968 5982
693 8379
6526 6697
250 2823
3490 3876
3393 7358
2661 5591
3540 5408
3325 8308
3568 3614
466 8020
3188 7296
7678 8218
3941 7786
7179 8132
4474 6733
5222 8391
2450 6853
7858 8719
7020 7601
3275 3624
5221 6634
1995 5743
4143 7517
4193 6601
3152 5039
7654 7959
2461 6703
2257 6731
1831 2723
3411 7748
872 5370
2110 2801
4738 5451
6404 7640
47 3315
7653 8602
313 2462
5601 6187
2688 3568
4391 6679
5488 7519
3554 7186
182 5370
6721 7292
6440 6936
2032 2285
6353 8598
308 5260
4879 8385
2114 6492
5984 8058
6436 7661
4246 7345
3765 8650
655 6217
935 4355
6388 8463
1919 6129
4067 7286
3142 8485
541 3978
4070 7804
908 2175
306 4730
4624 5228
542 908
5766 7310
3051 8065
5760 6789
3497 8445
4533 5995
5395 8598
911 1586
5963 8713
1593 1895
1225 6462
49 8284
6219 7137
6457 6838
172 4881
1804 5361
3230 7412
6642 7865
3144 3210
763 6116
1608 4624
1164 7598
5852 5973
2188 4520
2548 7859
2704 3381
3095 7013
1256 4015
5313 7936
4040 4144
296 2607
3001 4210
6662 8062
8 4862
2405 3591
1010 8973
3483 4641
600 7238
3014 6410
4875 8120
1297 6075
2842 6371
4813 7660
2732 7948
3304 8090
1682 3672
4759 8795
3102 7917
1791 7555
5636 8626
202 733
4266 4547
749 2208
3397 7798
1061 4290
90 904
1359 3453
4151 7195
2542 8680
6070 6725
3947 8023
1871 2887
555 6936
3927 6685
7601 7761
3667 5258
39 4198
2906 3853
2408 3787
6667 8690
2927 8159
3166 8496
3368 4299
6792 8208
4438 6374
3053 3064
2420 5590
1494 6518
4665 7839
4855 8280
420 2408
3739 6036
1068 6474
4872 8582
5057 6101
3043 3493
3810 4825
3820 6009
6511 7114
3987 4567
2071 7524
1097 3596
6830 8997
5440 7615
1165 7897
2002 6673
2311 5314
6723 8174
1145 4140
1238 7911
1205 7576
3567 4203
1235 6925
131 3818
4767 6476
6666 8963
4089 6319
5110 8123
3060 4590
2453 6936
6954 8298
2779 6608
5029 7386
946 4690
2444 4304
368 3010
1814 8434
1694 1786
298 6621
3479 6822
5480 7143
7506 8796
3412 6038
3823 6986
1728 7049
1893 2059
3379 8625
4266 6801
7378 7842
6611 8246
1753 6794
6927 8595
4153 4933
4013 8738
4332 5212
5578 7103
5147 8817
4921 7932
1113 8864
5035 5052
5002 6123
346 3099
6419 8907
5469 6584
900 2000
6 7105
3726 7871
2434 8711
2108 8108
250 2287
2000 5001
2776 4914
1083 6876
4266 6056
2985 3842
396 5546
1368 5451
5168 8457
3226 3723
465 1500
363 4920
766 4103
5373 6537
4204 5572
2230 7509
2915 7440
5339 8788
4317 8443
4600 5613
2972 4755
4371 7881
50 5955
1465 3708
234 3022
3789 6846
6765 7800
3507 4374
2500 7491
531 8676
5280 6671
551 5797
5019 6402
1600 7260
140 5320
1318 1935
7137 8495
8038 8727
2100 5807
346 2361
1441 2864
172 427
755 8016
8257 8938
638 4747
3445 8863
698 8894
6140 6749
3354 7695
1876 6611
1523 5680
357 4623
3570 6126
6110 6547
315 2401
1220 3029
3711 7149
2090 3943
835 4781
4774 8162
363 2051
410 7829
756 769
2848 6783
737 1186
4266 5411
6893 8801
946 6407
6221 8053
297 1734
656 5143
4349 6530
1804 4236
4313 8961
563 7034
7002 8372
3920 8745
8363 8911
4784 8388
5090 6376
1388 1872
2852 7287
2088 3871
1654 3582
3092 5209
1381 3474
1975 3648
1509 7523
4451 7840
6842 7437
4351 5708
2945 5418
4751 5872
2547 6128
234 7306
4822 5462
1419 5624
1999 5480
3519 5199
672 8869
3108 7003
1891 6554
1745 2381
607 6553
2245 8939
3318 5852
2893 6374
803 7687
8204 8741
942 7309
3973 7965
6670 8068
3093 8151
633 8455
1183 5527
2545 3055
1683 2531
1618 3622
3810 7206
221 6392
1863 5422
169 4539
2638 6959
1282 6885
3678 8019
3577 4814
6005 6985
1680 8936
1821 2225
4434 4727
4536 6817
3114 7371
2701 3149
1231 7162
5543 5775
5277 7434
5152 7992
671 8868
822 2520
4741 5597
1748 2562
1311 4987
3167 5030
3565 6320
2060 7878
4033 8635
1958 5325
131 879
2289 5527
5162 7475
1421 7929
6466 7821
1615 3764
1982 5699
1328 7744
1382 4693
5376 6575
2377 8165
1020 1230
710 4808
2209 4806
746 4254
4278 6004
142 4195
4437 5374
1664 1803
3139 4494
1823 8266
1801 5511
1014 5455
5599 7412
441 1242
1936 5092
5367 7406
4845 8628
6908 7704
1805 7053
1888 5837
1971 7523
2182 8015
573 7340
2270 3593
2386 2765
142 5919
80 1599
490 1242
1814 7651
6634 8546
3467 8179
6276 6934
4253 5885
2198 7857
3543 6907
2392 4493
880 8581
4554 5487
575 2335
2377 8092
446 6077
1748 2960
1006 7111
1073 8475
1144 4940
4964 6659
1340 2565
4381 5558
2084 7256
4508 5886
885 1843
2989 5656
633 3503
417 8640
1800 5153
8121 8870
3444 6992
4187 8831
2269 6604
975 4510
3725 6037
4055 6207
2087 4220
6560 8573
545 1637
2934 8304
2437 3220
4511 7352
5834 8449
1019 6763
2068 4967
590 6077
4499 6192
1198 3366
762 5954
799 4402
630 3760
852 7525
3967 7904
7694 8554
6341 8632
5848 6052
4071 8491
5206 6323
1002 4851
1685 7651
4698 6355
410 6203
905 6702
3083 7645
4260 5368
5340 8608
1674 7516
1911 6996
3289 4529
933 5805
3565 5490
757 5425
7676 8351
589 4790
333 6828
3472 4982
2161 8451
2281 4183
3371 5056
2377 4240
297 2744
423 1571
4229 8523
5607 7610
492 1566
6175 6330
1924 8697
2564 4788
5992 7151
6996 8163
2367 4366
2222 6674
2197 4822
6223 6713
4605 8416
775 4235
3284 7658
7482 7602
2720 4011
4931 6162
2761 4512
4849 8266
64 7130
4589 7740
5883 6243
3995 4118
4189 8036
7298 7362
2524 5941
5142 5465
4347 7949
5429 8956
6670 8687
3561 3805
2860 8794
3221 8028
1044 2272
1202 5384
327 3675
1192 8886
695 5508
5722 6980
7712 8200
3418 7687
7877 7897
4195 5779
614 8523
6574 7212
2356 8280
3998 4270
4813 4850
7 1288
3330 6025
443 7495
3926 8976
3083 7150
812 6663
7418 7611
5099 6376
3061 8052
1577 3691
5956 7750
3232 6772
2263 7223
351 3443
5790 8766
488 6575
3329 8195
7796 8118
914 1846
1206 2963
1447 3387
2023 5835
3063 8259
1806 4637
594 7863
5660 7807
3913 5362
6400 7302
1191 6242
2382 4176
1040 7043
1196 2745
580 5521
7739 7777
481 4530
3177 8517
3087 8137
811 8015
1019 1754
6778 7186
7437 7562
2788 3889
1545 6294
1916 6592
587 5482
6432 7053
5188 5562
1122 8983
1735 5734
72 8445
1546 6593
1579 2178
1441 4297
3159 6091
2531 7647
2161 5183
491 3354
3046 3867
5083 5320
3200 3327
1091 2503
5509 6391
1207 5171
1658 6204
3973 6693
325 8850
3312 4584
949 3809
3385 4687
1519 5959
7022 7945
5607 8202
1945 2154
3126 4772
2723 4935
5270 6051
3654 8258
3487 7563
172 1530
4672 6182
707 4900
1327 4919
6567 8974
4229 4903
1126 3508
1992 7578
4154 7853
6533 8684
2386 3888
1985 2929
6713 7071
714 6427
1648 5037
268 5337
22 3459
1809 8984
3574 7098
7985 8461
274 2691
4459 5329
4929 8610
513 7526
1994 4452
3017 6390
6979 8158
168 3962
3522 7059
2795 3003
1257 4064
1869 6293
6582 7388
4610 5774
1081 3275
1140 6688
1347 7320
4878 5733
395 951
408 7760
1618 7153
4041 7155
4780 6353
2785 8873
1830 4203
7477 8539
2476 6792
359 3330
2433 3086
6056 7522
3172 4381
2882 7411
5355 7541
3983 4646
3949 5797
1631 7780
629 4512
1268 6588
898 6485
3495 4031
2714 8149
2378 3830
616 6586
1333 5179
2403 7025
3351 6257
1424 8880
4023 7517
7699 8774
963 5306
2929 7577
4474 8011
399 3075
152 4388
5978 7805
2704 4628
6765 7051
3210 3794
7812 8960
4112 5536
566 3754
2238 8071
1692 4147
8046 8634
1051 6838
84 6245
6599 7249
3363 3479
4277 8750
2245 7336
1706 4527
156 6044
6629 8623
281 8162
3844 5248
1051 1977
5611 6161
5571 7672
1539 6188
5209 6255
2010 2320
150 6816
3942 6972
4352 4454
8205 8907
1429 3890
711 4176
3993 5834
316 8183
3112 4065
955 7145
963 4016
2875 5978
3503 7690
3462 8370
802 8262
2620 4415
3143 3580
5382 7704
2095 3998
1669 4961
2879 8256
3474 8074
1632 8732
258 5206
4025 5305
6386 8744
3304 4860
2124 3919
4885 5174
332 7802
2488 6319
1707 4933
3071 5530
3176 8961
2811 7212
2472 5677
86 5189
3301 8154
4875 8222
3456 8127
974 8440
6819 7612
3941 6030
4940 8553
584 7402
4128 6687
5740 8116
4610 7831
2423 6028
254 5985
7077 7582
5180 5207
1955 5822
6393 7259
4439 8719
1714 4780
1764 6105
6340 6514
3467 7868
3894 7607
7623 8811
3366 7830
4056 6862
4826 8503
619 4132
396 7530
3637 6103
3350 7718
2169 3716
1264 1849
871 2775
3342 8148
1726 2876
142 8988
6281 8579
3217 8978
963 4285
5993 7320
2377 8535
585 5386
5900 8436
957 7016
1493 8756
703 2743
1857 2427
1349 2003
6681 6825
2086 5722
33 3387
2948 6994
4016 5905
4256 4399
343 3783
4456 4751
4107 8801
916 5017
5813 6728
669 8361
5990 6338
5639 5825
2170 5456
5633 8323
2141 5076
4425 5249
2798 4897
707 4905
1188 8075
2236 4148
2813 6410
350 2602
1345 7720
864 4417
222 5484
3822 6560
2938 5396
8367 8816
4975 5190
2074 7829
3562 4932
580 8564
1775 5854
703 7481
3340 7447
4344 4442
4623 6653
35 5284
2395 3872
2846 3782
94 3829
3048 5333
1466 3291
4458 4753
281 1425
3334 6330
1429 2840
1827 5674
1193 1235
4429 7762
2577 4513
6822 8472
5252 7000
1342 1346
4461 7844
2820 3870
3375 7531
3008 8344
4101 4899
8297 8814
2470 2982
469 2347
39 387
1896 4289
1228 7174
1225 4578
561 3566
2275 8152
361 5068
15 5440
1286 6145
1388 6866
2405 6119
2227 7223
199 6079
2189 7695
961 1660
394 5869
990 2306
5618 8453
516 7431
360 8412
4724 4854
108 689
1433 6694
6591 8840
7216 7600
4091 6651
5739 7566
304 846
244 5111
647 3091
6559 7263
4228 5917
1273 1765
1255 4122
518 5075
1503 7365
4539 4613
184 6541
2212 4275
697 2237
3624 4566
256 7793
3261 3729
247 1923
705 6182
378 922
6889 8109
3651 7018
6761 8496
6374 7795
2596 6205
3513 7631
7078 8479
6777 6865
768 5256
2474 4595
983 1886
286 916
2436 8206
3855 8171
3420 7996
2293 2663
623 3035
8414 8705
3466 7806
4241 8758
1763 3521
1431 5397
438 6721
796 879
1939 6730
1822 6235
5454 6451
3645 6288
5119 6730
0 4613
4240 7400
8328 8550
5538 5560
5073 5268
255 6578
6285 6755
878 7156
827 8278
636 2068
2035 2499
1510 5960
4576 4888
2018 4594
119 3933
4027 6469
4983 8275
6028 7955
3201 7042
4381 7893
7845 8722
213 8780
4092 5125
1690 4893
2735 4127
1482 5088
351 5405
2388 6434
6334 7002
5779 7356
2934 4186
1776 7951
779 8964
4060 5691
1882 8676
445 8519
7535 8897
2956 5316
2485 5052
469 4859
1755 2087
2446 3995
3942 4671
3826 5175
4750 7112
874 7497
7420 8185
6120 8284
923 3733
4940 5542
7926 8617
6870 7528
4192 7337
258 6658
3649 5653
1500 7680
3699 7253
2337 4447
874 7272
3216 7512
381 2132
470 7251
1603 4012
2396 2740
947 2099
4977 8686
1651 4065
1416 5419
7812 7977
2086 5349
5012 7685
3083 4556
2176 6533
7643 8997
1361 5101
3226 5141
7 60
4392 5930
1247 8588
7829 8277
6305 8917
1344 5501
4170 7770
2339 7167
603 4764
660 4825
2862 3755
58 5408
2906 7768
5580 5930
1880 6013
621 6748
497 5625
4830 8076
767 1639
3631 8810
5233 8609
4505 6376
259 3399
2113 5657
1023 4032
1125 2372
3916 4179
9 5632
1117 3242
1675 5897
4330 6953
1599 2617
1242 4100
1127 5835
5461 7023
125 6328
1794 5467
7660 8835
347 7297
3095 3921
1425 6933
7495 8355
198 5764
4085 8078
3405 6716
1588 7889
6237 8900
405 2136
5734 8231
7998 8378
1881 3674
1697 5852
732 8528
2069 5815
3931 6448
3243 6676
4851 5404
4298 8308
509 7010
786 4465
1443 3281
3675 4034
569 3647
213 2814
3380 5896
4382 8375
2770 8124
6403 6806
2951 5688
70 752
1925 6015
1338 7857
1977 6579
837 6601
703 1241
7403 8022
556 6339
523 792
2320 4068
1080 6483
457 1004
4191 8144
5428 5710
945 4657
5709 6613
1680 2654
2131 8358
5048 8754
3637 6746
3379 7177
846 1458
3240 6237
1040 2653
3557 5824
2203 5151
6834 7566
2581 7993
2285 8387
74 2582
1161 6733
3021 5591
2919 3908
4526 6911
2674 7826
6100 8638
5469 5531
138 6819
6286 6495
2411 7943
7021 8221
6504 7099
5790 5998
3713 3969
4968 8577
5434 6926
2260 2651
3735 5395
2240 2474
6202 7188
1994 5887
2323 3638
3544 4864
3730 7957
2770 4548
6115 8559
2784 8199
3659 4465
1209 7961
1288 6447
3019 8490
644 7064
6253 8421
1382 5812
236 2210
2391 8826
2425 4402
1180 7746
7 1673
2138 6553
2442 5270
89 3863
3163 3465
452 3080
947 2033
4879 5882
6727 8723
4288 8016
5720 6810
496 2629
2421 7227
491 986
4956 7578
3934 4895
5529 7110
3654 7405
1992 7322
6643 7453
5743 7093
184 2573
3970 8719
4235 7467
1600 2234
468 1197
5732 8246
450 7779
4071 5084
2917 4588
1044 2680
25 5492
5893 7975
5642 8213
2020 5333
1357 3880
483 6898
2545 2980
1172 4920
5367 6720
2271 6193
3191 8297
2391 3682
6734 7027
2179 4821
629 8348
3790 4331
4021 8433
607 4335
666 6575
2634 7336
3789 5801
4065 8651
3146 5467
783 4838
5934 6811
7012 7161
158 4657
3342 7035
3763 7415
1605 6012
2040 6046
5589 6065
2564 4992
3008 4856
1875 4632
4688 7230
1966 5182
6535 7316
254 5987
1400 5937
2712 4782
6871 7018
2791 8903
1523 8512
2298 3367
3900 5826
526 7565
1963 2560
1912 2228
2672 4932
4933 6540
5623 7214
7252 7836
1732 3031
3662 8554
145 7661
6839 8974
1983 3879
2439 4631
3027 6694
1049 6003
66 5593
4623 5584
2309 5335
2353 8044
1060 3744
2926 8762
998 5520
486 5010
1794 3514
1768 7385
2544 3557
4709 5164
283 5737
1299 7984
3082 5173
6447 7417
106 2453
4772 7644
3410 8249
1042 1772
734 4048
2020 8444
6049 8679
1327 6176
8762 8972
408 4979
3905 4992
2688 7048
548 1273
868 5521
2894 7656
277 7819
424 8683
4722 5731
6139 8832
3545 8460
4088 7548
4971 5180
7892 8050
5242 7591
2862 6331
2274 5388
5230 8201
2486 3198
2119 5723
3213 5280
118 8975
177 935
2176 5773
3711 7532
8 2219
1227 1256
1458 7887
3508 5946
134 500
4689 6929
2629 5823
4805 8170
298 7363
1237 8650
4132 8473
6336 8261
3558 8635
114 5665
3191 6177
902 7809
1223 7918
1205 5178
1341 3124
607 2594
1142 8972
3763 8271
4723 6637
3158 4254
1163 3230
7164 7296
3410 3704
1519 6967
5653 8607
3303 8523
2657 6837
2582 3781
3465 8726
5724 5979
1880 2890
349 1915
1397 4501
3487 4810
510 1868
1558 2051
4472 5569
21 8946
7095 7672
2459 7876
6269 6514
2216 7364
6168 7618
814 2933
1943 3692
2613 3386
932 8792
1809 4662
539 2588
2565 4960
6499 8576
4818 6927
2608 7312
36 722
5392 7706
2485 6896
450 654
3523 4047
5077 6652
494 7998
5072 7693
1760 4046
514 8467
504 2327
6367 8510
1321 6022
2305 6684
3360 6641
5382 6160
57 3950
1344 5762
1172 1972
2824 6837
2055 3908
1476 6836
1787 2780
555 2338
5247 6011
3028 7166
2203 6422
378 6300
2430 7269
4083 8255
4088 5204
2309 8693
1945 7007
5912 7285
2632 2732
1532 5584
7393 8547
620 3701
1015 1879
1707 8642
4713 7451
4041 4440
1178 7909
3741 8521
1619 7060
1440 4827
3441 8977
51 4695
4158 7725
2213 8441
7641 7744
487 7032
4848 7712
259 5759
2359 7649
658 3843
3511 6421
1342 4959
630 7373
1616 3970
1771 7558
1578 4043
1602 4336
603 5123
2835 6147
717 3169
5707 7619
409 2585
7459 7731
1909 5561
1414 6069
31 2139
750 905
751 7857
1520 2027
664 7556
1634 4580
1136 4914
460 1298
999 8797
4267 5874
866 1520
5447 7122
2710 8285
6037 8452
6439 7074
872 6045
3622 4773
1279 6195
6683 6958
5058 8953
3418 8197
110 3249
79 8500
617 3307
715 5313
1941 8476
5697 8688
1261 6037
532 7575
1677 3058
1494 6062
943 7370
3247 8695
876 2409
1052 3094
188 3756
929 4497
4168 6739
4107 8335
2485 5457
694 5480
1879 5692
3685 7810
682 7760
2184 5243
2307 8390
4004 4487
1580 4154
4525 8431
4011 5996
2836 6011
1084 1163
2802 3551
4875 7304
3477 6938
1851 8182
3004 6530
2749 6338
3073 8582
382 2214
2297 7457
294 2969
825 8511
5425 5945
5454 7841
1470 1635
1881 3118
886 2479
157 4404
4699 5091
87 3368
4931 8181
1070 2272
257 4452
4516 4736
2727 6179
4470 8377
2276 5819
3752 8123
3870 5379
2235 7812
331 7530
2764 3027
45 8606
2378 3677
1349 6544
2225 2511
5688 8696
2800 6858
426 2472
1367 3139
2052 2609
2323 4010
192 6907
4263 6789
5126 6645
2084 4205
1401 1573
2070 2982
2991 8924
2434 7788
389 6824
647 7109
5661 7121
6494 6779
3758 4052
4938 7669
3987 7069
6633 7623
5227 6563
2627 8208
2140 5195
1614 6653
3758 5479
1073 7339
1224 3678
3224 5279
1857 5549
6608 7461
5112 5366
1105 1714
1451 2646
564 2985
3030 7394
696 5699
505 7205
2816 5663
4643 6792
3276 5503
3258 4028
5881 6351
6074 8990
2634 6226
998 4685
5617 8032
2277 3612
565 2968
5637 7018
3982 7351
163 7824
1396 4021
3906 7819
3107 7633
1456 3873
2746 3120
1110 6828
322 1292
5758 6378
6152 8949
1201 6743
2755 5438
928 1736
2043 3144
580 5652
2303 6298
8317 8623
1677 6873
4524 7998
4601 5708
5963 7234
1809 3356
5065 8576
4527 8064
970 1660
756 3401
562 7138
7957 8815
1309 8656
494 7321
831 4955
2484 4427
468 2373
3303 7888
8735 8949
3891 6241
5638 7616
4399 4779
2584 5469
5105 6755
2973 3970
540 5444
2519 3013
1010 1744
1233 2213
1663 8565
2922 3835
2566 8158
736 7040
2715 5779
432 3341
71 3552
5545 7197
702 3048
4620 6352
7776 7955
3827 5539
289 3444
6576 7400
6587 6795
5016 6827
5000 7949
2245 2590
3986 5895
1069 3970
2012 3222
3468 8376
2592 4103
899 3369
857 1234
1620 6290
4710 4962
5164 6058
1360 5253
364 7691
2740 6234
7045 8028
2239 8873
184 8805
3627 5464
3988 4648
2661 8499
7665 8174
2364 5684
5099 6135
1358 3628
4438 7791
5338 7030
2179 4239
3148 3908
3175 6064
1283 6589
2619 4519
6768 8979
6366 8678
1362 7379
416 3734
1705 6562
1280 5108
2460 6710
5308 8067
4333 5343
3662 8382
6410 7474
4278 8309
1157 8972
623 3218
1749 7544
2514 3831
5275 5772
585 6233
3344 8249
4983 8825
2943 8985
2977 4467
3372 6372
5531 6918
6302 6980
29 8631
6617 7088
1317 1777
2015 3414
4201 6711
510 4341
1090 7117
1754 3267
177 7173
1784 2670
7996 8178
6694 7635
3797 4028
2124 5859
3933 7124
168 3705
3456 8088
3422 7183
1051 3449
5834 7698
1704 8284
1339 2891
6027 6433
1024 1615
3295 7722
1859 7598
5826 8082
5821 5912
6741 6837
3767 8530
348 8914
1179 5763
2456 8873
3536 7590
3565 8468
1425 3015
1262 1313
7716 8880
3182 6924
1428 3519
4889 5219
2349 6509
7440 8967
1833 2912
3293 8899
4394 5308
3720 5755
780 5944
3925 4894
3727 7121
4545 8322
2851 8494
2048 8623
8166 8822
2846 4018
6486 8481
1946 2493
1247 3683
3049 3168
1070 5046
5616 6659
2313 6899
3162 3317
5282 7175
4681 6351
3902 8192
1049 5315
162 1919
605 6749
4454 8448
8364 8968
288 4619
995 5146
1839 4049
5322 7983
6569 6891
2027 3174
478 5399
4609 5456
28 8187
417 3122
48 173
1914 5221
147 5605
850 2562
1175 2974
314 8869
3034 6712
1698 7360
7932 8790
3294 5902
5257 8359
143 4491
5282 8254
1763 4243
987 3358
533 7364
303 7462
1118 5981
5993 7817
2601 3158
1962 4482
749 8315
930 1319
89 4561
604 8093
1668 8769
6606 8028
2013 2308
222 6232
3608 6571
207 2714
4397 6428
4372 7703
5390 8494
2751 7814
1592 1955
6417 7257
1507 7991
4781 7187
3297 6308
4141 7741
4695 8041
1254 4456
7075 8178
6732 7965
462 982
5276 6430
1681 6264
4781 8069
2868 3544
1437 7074
2054 7428
1424 6680
1251 5081
1932 7671
3782 8759
358 7116
2604 7006
541 5938
6093 7087
1548 7306
2270 4125
6988 8668
336 682
4340 4890
1651 3621
1169 3224
415 3588
7742 8444
1855 5040
3571 6537
1980 5411
552 647
1155 6787
684 1764
6267 7371
1799 3179
311 5284
2043 7433
912 2587
5171 8852
3912 3922
238 3841
4052 7751
4245 6740
1041 1749
1644 7830
3884 4079
1979 4544
533 708
337 1655
3235 7255
850 8291
888 4751
5519 6413
5279 7861
2332 6335
2346 5826
5825 8714
2333 4119
3262 3728
5693 8038
958 5857
1244 5577
2101 3325
2911 6196
2681 4923
4395 7571
1502 5230
544 1753
4002 6569
1301 5633
944 5153
3555 8965
5223 5230
1707 6722
1826 2057
5244 7307
751 5430
1055 2349
3679 4796
4439 5701
342 3401
1255 3239
7201 7775
5132 8053
85 2601
5195 8898
6558 7643
7233 8589
905 1552
2278 8077
3089 5445
7634 8981
2710 3406
83 2927
4431 5654
3352 5576
3228 8119
6034 7567
5125 5352
1678 5807
2537 3408
1936 5129
4559 5817
4673 5954
4342 6781
3463 5309
2115 2729
5476 8668
1944 6512
1236 2016
4904 8762
6217 6809
8034 8487
4016 6089
3292 6540
3045 4497
4495 7603
4083 7190
1450 7545
2709 4168
2305 6167
735 1969
565 7974
1417 2379
952 1747
7283 8980
4132 8622
4545 6677
370 4336
127 3381
5021 8460
5246 7157
1766 4678
1693 3675
4057 6711
1667 8686
4660 5849
597 4438
2623 8069
5836 8317
1815 4165
6584 8130
3745 7459
808 7459
1757 4070
366 1458
6546 7990
2650 5579
5466 7427
4782 7080
1460 4058
839 4292
4164 8187
6865 8229
3232 6622
5604 5653
429 1980
6489 7621
5188 8538
3007 7792
3153 7574
7139 7844
386 7966
4736 8332
1546 4376
392 834
5588 6055
2569 8296
4227 5250
1420 5539
4446 6592
701 6941
6312 8028
3675 7390
730 8158
1540 6930
341 7505
4321 8241
451 5243
5725 7603
5339 5603
2352 4098
6194 7916
5873 8806
6185 7393
6771 7856
3467 3965
4480 7507
2633 3028
854 2194
4024 5712
195 1164
4017 6751
674 4460
3721 6983
3564 8249
803 6172
3492 6786
5130 5387
767 7818
1622 7382
5777 6184
1109 4833
2624 6878
1143 2314
1646 2988
5166 5269
1041 4475
3229 8817
5151 8417
4357 8456
2033 5752
4711 6953
4612 4783
3807 4319
2625 4314
5364 7356
2381 5435
3495 7910
4258 7412
6564 7269
2079 6623
3172 5796
5403 5679
3935 7672
480 6743
6313 6354
340 2210
952 3311
1542 8425
4068 6343
1961 8526
1158 3424
2995 3164
2017 3885
2771 7869
536 2846
2141 8612
5653 7670
4183 7561
3669 8377
3185 4539
6916 8752
1823 5394
3724 7949
1626 6856
5023 7351
1271 8222
4744 4943
1582 2363
44 4076
816 4176
1371 2234
369 4247
987 4834
8112 8341
6556 6853
2735 2859
882 3727
1368 7308
2236 2553
6826 8767
2585 8871
317 6764
8173 8286
248 6200
3646 4083
1219 5731
7371 7628
1454 1462
3333 6357
1344 3610
1449 4147
6066 6287
7044 8141
4912 7632
1267 8193
341 5596
2960 8712
5825 8048
5586 8005
4384 5549
1489 3068
1910 4081
3691 5086
5214 7804
1544 5171
640 7019
568 2565
6903 7122
660 8236
3760 6424
226 6260
5282 7425
1680 3151
2677 2879
38 8839
103 1665
7643 8442
14 6862
6496 6986
782 5933
3056 3478
5592 6624
14 484
7956 8761
5091 7581
3386 4965
167 6772
65 2111
4291 5677
770 3477
1823 6158
3700 7185
2782 3337
668 6924
705 8508
2676 5302
2877 3911
1856 3730
1643 7138
834 6718
2134 3020
1511 4358
7086 8991
4093 4421
2491 6348
3525 6999
5793 8774
2619 7599
2909 3920
21 6700
785 5106
1499 6490
2812 7208
1134 4660
1771 3886
5705 6746
3123 6661
317 3338
3173 6344
3997 5614
5012 5742
4001 7323
3305 7990
771 4337
1012 8492
5080 8672
672 978
1389 5969
6625 8155
5319 7183
4811 8784
291 8122
1469 8452
857 6216
2321 4927
2038 4503
1594 7711
750 6001
1320 6732
5983 8078
7330 8412
1670 4339
7587 7783
4635 5028
581 3180
977 980
3687 4812
2531 7092
1205 6180
5833 6483
433 1577
5255 7460
55 2923
2576 8659
4807 5187
5581 6914
3806 4420
1803 6277
1181 1529
1983 7527
1051 4161
4262 8287
1832 1905
2707 6126
2761 7486
2122 5526
5711 5771
4410 6233
717 2538
5041 6869
888 5421
7139 8920
4139 7268
1092 6359
5776 6261
1136 5768
3529 7891
696 8018
4750 4896
3017 5845
225 7548
4099 5961
2064 7817
1057 4667
1116 7344
5790 5888
535 5701
2650 2903
1454 7846
7099 8095
1211 3043
2814 5786
1754 3904
346 8502
471 7402
562 5327
4579 5579
421 3673
4681 7381
181 5428
707 1403
529 7883
1653 6818
4841 7956
4072 8496
1116 8849
4845 7931
3770 4645
435 2719
2441 4704
1024 2204
3811 4932
1834 5470
1343 4538
2337 5283
722 5751
5878 8573
2853 6916
3000 5899
1866 7206
2254 7860
858 7863
294 2568
4385 7557
1950 3897
1181 7329
357 8545
791 1033
1054 2569
1451 4742
1381 6482
2022 4289
1644 5754
4596 8270
4784 6963
2122 5678
631 1422
2925 3028
4426 5531
2622 3228
5425 8017
901 2986
3032 7681
3353 3533
2086 8918
2981 2992
5789 7346
2142 2987
6883 8168
3171 3257
4714 5366
5138 5252
1367 3273
4758 6135
6994 7017
4601 8764
2586 3377
373 1574
1261 4653
4515 5407
4557 5574
3395 8697
3595 8517
3236 3958
5015 7611
170 2908
3248 8145
1198 2431
101 352
1190 6644
5392 6570
4965 7207
1737 6964
817 1850
2009 8804
1793 5564
7036 7631
316 1838
3146 4050
215 6727
5498 8929
1964 6609
2199 8624
1869 4489
337 2014
334 3933
3218 8843
7667 8035
852 7455
850 6931
4670 4755
1598 5025
2179 2407
1088 6031
6286 7799
3155 8252
1089 2123
7646 8182
8522 8684
4364 5508
2786 3177
4635 7736
1194 3238
2157 3752
3314 5890
5432 5550
977 4898
5829 7018
741 7782
764 4988
6424 6804
622 5072
3230 5698
3105 7696
3260 4060
1457 8829
205 8303
125 4586
1642 7963
1772 2426
4591 5696
669 8942
5736 6599
2071 4146
2543 7185
5284 8867
1554 2412
5762 7502
6612 8931
7807 8818
1380 4770
6770 7854
6183 8637
2961 5336
6858 8888
634 2760
1692 2872
904 3976
3973 5794
2168 4353
2145 6769
307 3135
6197 7949
1525 2511
5674 6515
7955 8209
3442 5093
3875 8639
3326 3764
4019 5238
640 740
2354 7789
829 5877
2505 3727
803 2593
7579 7799
7028 8164
1871 4409
5049 8987
2338 2881
2985 7245
728 1472
4094 5421
1409 7628
3278 6618
4671 7620
2751 6171
3287 5878
4045 7094
137 7387
5310 8907
4483 4814
1626 6314
3286 4575
1715 6684
1315 7490
6003 7267
3916 6296
462 2155
968 8085
831 5727
1456 7771
749 7333
391 1096
578 6420
912 3653
11 2266
2037 4135
7219 8879
2818 3142
2392 5595
2937 8870
2076 3269
3740 3911
5385 5972
5316 8504
3287 3376
7719 8052
4604 7630
2694 7566
5165 6845
197 7016
1480 4186
4644 4885
1769 7028
210 1185
3885 5481
1344 3537
256 6370
595 6098
4125 5145
1077 3266
305 6746
73 4282
3260 8140
6562 7284
3606 5881
4125 8331
2591 7827
1546 2845
4534 8742
5509 6097
5011 5884
3225 8642
3455 4956
2455 8295
5810 5922
631 5510
6357 7939
2954 6381
968 1954
5871 6258
962 7701
777 1459
4715 8479
723 807
5050 7538
2272 8156
4652 4836
411 883
4928 8632
344 3594
2908 3134
4690 5468
3628 4251
6614 8517
1438 3078
4633 5510
2450 4969
4593 6331
3996 6270
3921 5804
3976 6397
851 4207
740 7596
2391 5452
3553 4478
4842 5040
7183 8101
4054 7294
4798 8259
778 1988
119 8326
6215 6602
2095 7730
7472 8184
105 5812
359 8047
8183 8619
2578 6753
5463 8690
3437 5590
3949 8083
4160 8064
5245 7587
2061 4270
750 2259
3341 7331
2633 5931
2295 7302
7171 8372
861 6562
2231 8269
464 584
1194 3454
7198 8731
3734 5747
2423 8798
8499 8739
1930 1976
6790 8588
7280 8107
399 4942
1450 5994
725 5119
844 6215
1747 8544
1840 6090
2384 4872
86 6213
2715 7551
2937 6508
3545 5664
447 5814
1379 3955
4404 4792
3489 4667
307 3821
884 5135
924 8938
2092 7335
3125 6026
335 7139
2229 8616
2796 4147
6467 8465
6111 6178
6847 7838
1075 1258
3722 4767
6772 7226
3902 6085
1680 4433
1022 2785
2447 3986
3226 8217
777 5410
1172 1902
3859 4140
4979 8055
272 5149
5469 6321
840 2237
4294 5347
2549 6203
4264 8966
960 4988
2140 7715
88 7122
971 7146
7321 8904
2256 7606
2243 5506
1166 1580
2190 8311
1686 6070
370 6797
5507 8064
1280 4799
8743 8841
6463 8336
1022 8008
6044 7196
4921 7305
289 8757
1170 6776
577 2108
2870 4313
2036 7623
1584 4034
4844 6696
3203 8243
3432 5368
5292 7716
1005 1306
6441 6941
672 8926
1986 7351
7182 8906
4980 6263
1312 6129
8018 8858
3939 7033
1145 1177
50 7273
3293 7935
3599 6186
7162 7673
547 1165
4865 7099
5022 6670
3970 6803
2320 7141
2552 5775
5473 6756
3027 4552
1683 5802
786 2058
613 5402
2 7194
7550 7761
5910 6853
1115 3102
2637 5438
308 3833
3903 4544
990 8662
5652 7747
4561 8551
2428 4867
811 8350
5531 8142
2280 3222
3962 7396
1533 3473
4750 7928
4430 5603
1245 7739
4439 5866
6153 6402
4709 6922
3824 5064
3917 7244
3935 7534
751 8520
5573 7026
6976 8713
213 1300
294 3067
1366 5466
4348 5405
6022 8583
1887 4849
4667 7689
728 2970
3609 4367
6555 7946
384 5123
4301 7034
538 8925
4611 5877
255 7328
1855 6389
4922 8369
2158 4305
3663 7422
8422 8742
6008 6217
1553 7113
136 3648
6356 6400
594 1817
1088 5575
525 1160
1596 3486
4185 7137
3962 6717
1809 3256
1495 5571
3411 8228
679 1044
6115 7625
3573 4295
3011 3707
2515 8714
7230 8529
3685 6832
2422 6526
3150 5838
2231 4509
3012 7096
7031 7862
6799 7809
3747 8690
6688 8876
5060 7485
1034 4241
4450 4612
6357 8239
3771 7271
3494 7282
2993 4583
513 6405
517 3190
7669 7942
4252 4682
5840 6252
7668 8483
738 5472
790 2254
3911 5433
486 3738
4496 6518
2691 6324
3992 7043
90 6610
8435 8929
6602 7081
1526 2801
2762 3553
2763 8817
4038 4214
6295 7352
876 5369
2288 4661
6102 8240
6486 8725
3969 7729
4471 5081
2152 7588
8592 8740
3712 8608
5761 7289
4588 8636
1535 3323
2892 8489
1539 6692
5150 7516
1538 1812
2817 7330
3963 8385
4023 7822
3566 4686
95 6023
2642 7764
3250 7184
927 1326
197 1948
4509 8746
3875 6843
279 8132
5198 6038
1171 3787
117 2230
6678 7500
1621 3412
5984 6506
2903 8493
5176 5642
3154 8435
5707 7999
577 8045
3651 6989
3617 6032
912 4746
1189 4782
775 5416
653 3070
3436 3457
251 2686
6207 8013
5451 6225
2185 8275
4728 5912
4234 8619
4259 4732
4588 4839
621 8561
3785 7661
5820 7099
6281 7521
2466 6477
5956 7359
4858 5980
1512 7620
2053 7461
1853 2498
4544 7354
862 1612
6893 8347
2312 4578
85 3308
5875 8443
776 2555
5106 8673
673 3291
5400 7381
1847 2536
1168 7390
6303 6598
8111 8567
4216 8823
1397 1796
1030 6391
1607 7528
3522 4679
5028 6808
5206 6133
752 4037
3914 8186
789 6803
5868 8564
2165 5475
5026 7802
1325 2994
5980 8791
3203 5377
2645 7562
270 1050
4875 8167
3846 5198
2702 3901
8432 8753
5 5338
5217 7651
5336 7430
499 7870
1101 1473
7300 8927
2942 8851
1193 7683
2350 3804
3567 8080
7834 8282
543 578
3439 7025
2252 7239
1824 5126
772 2856
122 1286
3311 8230
7587 8950
1390 2965
4319 7886
2991 5918
3584 4902
6246 7918
3088 7959
4419 6090
380 7796
3339 3667
1182 5287
6020 8754
280 4068
6706 7494
6995 7796
1610 2716
211 7032
766 6416
233 7050
2630 4610
4348 5094
2172 2740
226 6892
3057 3114
5122 5240
1528 3306
2507 8044
201 1671
804 4075
245 7156
1330 4018
6443 6761
896 5676
2350 8474
5162 7158
483 5477
4054 6638
6630 8135
2694 6078
1240 6890
7039 7909
1430 4031
1412 4933
3434 8503
484 1290
6744 8128
235 8427
4547 7987
3044 3569
3008 8891
5414 8493
6060 6206
1718 7557
6573 8196
2466 4884
362 501
319 1087
1828 7410
123 3848
4184 8768
1148 5490
1275 4292
4248 6483
1048 6336
75 6182
2342 4625
1452 7659
2287 7511
6942 7533
1057 1152
371 7300
2648 4513
6024 8778
3298 8251
7214 8110
2665 8403
3861 7720
3192 7286
2656 6636
2537 8708
119 7211
294 691
2408 5744
1878 5902
3894 8245
2838 5341
5877 6945
3556 7253
534 3927
6852 8612
2539 6232
2952 2958
5150 7168
819 4417
7605 8738
3279 4050
3440 8387
4759 8263
3113 8569
59 1396
542 7258
3743 7538
917 8688
2548 4167
6574 7277
3915 8479
6042 8290
1206 4152
89 8320
743 2812
1723 2224
1564 6028
3400 3834
1216 2595
3406 6141
2935 8221
111 4954
5981 6067
3149 4006
630 985
1717 3925
7501 8722
8341 8704
8846 8862
3076 4231
3710 8945
4737 6999
3323 4150
1434 8905
760 8856
3230 8515
1473 6672
1623 4835
3117 3901
5813 6315
1684 3443
1627 7321
3270 5610
7823 7853
3660 6880
403 2556
3116 4728
7395 8071
2839 6061
4631 8147
6094 6100
1279 7106
3636 6451
208 5894
1818 7350
7198 8219
1008 2059
3601 4575
1124 5302
4541 8698
2910 7557
6327 8053
1779 6423
982 8952
2220 2683
3475 5751
1337 6694
3950 7709
547 1652
1710 6894
5391 6441
1885 3775
6996 7419
7131 8999
461 2682
567 8780
1231 2855
316 4424
1043 4496
5941 6385
323 6615
1724 6919
1624 4930
4369 7312
214 8804
826 6417
1487 5534
2527 6762
1688 2040
1214 4962
5928 6332
7162 7934
1250 8897
4725 6665
3385 8644
4014 5856
1155 2905
4705 7873
4988 6729
3744 7303
31 8397
7534 8666
1846 5354
3749 5771
940 4361
2675 8067
6289 6790
2881 8037
4787 8761
213 1825
7008 7576
2120 2552
2702 8884
1043 3499
391 2640
1179 1845
69 6376
154 7251
3194 6403
869 6784
3013 8648
3523 8486
746 2406
7290 8510
3288 8619
175 4887
3542 8063
1327 6719
1934 7609
6576 8274
4327 6398
4323 5696
3699 3719
3260 7784
815 4712
788 5307
1488 2723
4383 7570
2706 4383
3188 5328
1246 3890
3810 6053
4508 7213
3696 7146
3288 3815
2268 8320
6699 8869
3530 8053
5602 5691
1084 6284
7564 8361
2686 6159
1563 6040
195 5326
1305 4997
3837 4222
4701 5228
718 8680
3350 6975
6932 8610
4206 7882
3375 8386
5161 8664
4356 5386
512 920
5886 6394
4573 6567
754 1539
2193 8919
618 7748
3048 7995
14 8541
5196 5859
2734 3699
4708 4949
6902 8730
4030 4484
4430 8371
3565 6472
1305 8279
1753 6539
8038 8342
879 4130
262 6440
3430 3581
4634 7575
132 6243
7114 7389
3219 4196
493 6636
4328 8602
6250 6813
393 5996
6538 8857
3984 6688
6364 6603
3246 4906
3500 6849
316 3365
3103 5261
976 4773
571 1149
5611 8787
4215 6124
4830 4944
1793 2091
349 2121
5767 8436
1802 5551
1630 5233
5217 8842
2967 4422
3774 4673
1865 2962
3836 5422
2631 3288
1508 4633
1759 3622
7246 8940
2985 6121
3652 6162
2033 6329
2959 8522
410 6991
3166 8803
2260 7380
856 5827
4679 5728
6438 7565
1574 7132
557 782
5671 6307
2462 6325
1150 3338
179 5959
2796 5648
2387 3553
6345 6695
2573 4350
4560 7534
2135 3839
3381 8056
1096 6248
47 4477
3182 4691
2685 5214
2008 7430
3590 4860
720 3708
323 4602
1638 3823
4342 4702
2448 4096
2476 4831
1232 1602
7159 8411
5967 8070
5899 6752
565 3389
5978 8506
5919 8324
2658 4892
492 8010
5599 6142
2938 7215
1100 3590
7464 8272
909 2777
2328 2383
3589 6135
3026 3554
2486 8424
5 2261
2807 5553
5239 7819
64 459
830 5854
485 4540
685 3072
4801 6715
4970 8082
377 2294
2046 8135
788 3989
1362 5787
887 5634
1057 8060
2688 8838
6399 6651
376 6557
3849 6945
1010 4857
2142 5908
684 3929
743 5921
1570 8393
1314 6156
4451 7781
609 8262
875 4010
2024 8596
1995 7015
3605 5595
4120 7275
2435 5059
1443 7553
3045 6532
6647 8770
2909 8525
5136 8620
2642 4571
2668 6258
3132 8762
3849 6479
5307 8675
2636 7826
193 3923
1934 3059
3548 8654
1669 2414
2096 4505
1094 7808
1279 8643
1708 5820
1656 3305
5707 5769
6483 8488
159 1440
1720 2246
1447 6283
3742 7604
1146 3735
5858 6597
3810 5290
2518 2896
2474 7921
453 2086
3310 4713
3499 6244
46 6809
921 3417
3144 6247
3223 4763
1777 4614
3484 6263
2523 4317
2468 3684
7265 8910
3141 6104
2660 6793
2899 4143
1441 5953
2056 2733
2508 3583
1187 6123
3037 4778
6455 8783
6835 6901
976 7014
3866 7175
2153 7787
1873 3682
1233 2206
4620 5951
6387 6564
2066 3415
6461 7633
4895 8203
5353 6183
3881 6115
543 8420
2072 2667
1287 5005
3274 5427
4998 7800
1293 6509
6594 8630
1407 3943
6437 7251
1622 3245
2558 7466
8311 8982
471 8578
2652 4920
1266 8988
4140 5504
4677 7427
339 1722
4993 7985
556 2458
2850 5609
843 7290
4424 7912
2190 4345
2474 6278
2621 2691
2501 8257
2911 4110
826 2516
718 1746
1898 3600
8158 8895
556 890
1539 6379
1585 5884
3770 7608
3216 8072
4412 6015
5627 6815
5225 6990
2114 8657
3630 4331
2468 7061
774 5904
2495 6174
4176 8061
3437 3539
4060 6229
537 1957
226 1464
1074 1336
4061 6797
3854 7527
977 4174
1254 7318
2614 6630
53 8588
3994 6667
1492 4792
5508 6198
7543 8680
4923 7803
3686 5127
76 2529
2306 4121
4099 4597
5552 7068
5389 7753
2794 7628
2039 2482
1930 4359
4088 7104
2164 6807
2454 7823
5286 5928
2011 2324
4212 5337
3959 5287
4155 5080
2692 8717
1446 5684
4359 5170
2769 4035
871 8660
7905 8578
6576 8117
2933 8585
2062 4254
2274 8600
3367 3737
6189 8565
2578 5033
4143 8471
2558 6600
4824 8573
1595 6261
3745 5264
4595 6368
3626 8631
7262 8912
5898 8252
913 1571
6389 7413
4596 7054
3520 8597
4055 4765
78 8963
7691 7914
2457 4088
1185 3991
138 4901
1761 3534
1306 4828
4443 4624
818 8267
1535 1617
2580 3899
683 5171
701 3620
3057 8157
1552 3918
1609 4487
2598 8718
3565 7733
1884 6471
2612 6658
418 6512
156 6401
427 7222
4398 5703
5329 7941
3670 3803
1409 3909
4275 4761
2628 6239
4797 5370
1998 5504
1864 2392
1701 2775
61 8533
2480 6515
4280 8241
1085 6598
3780 7398
1157 7423
521 8169
5088 8356
5906 8786
6007 7671
1556 2878
6087 7845
748 3745
2273 4505
3232 4521
2177 4847
3108 4990
3478 8470
8213 8916
3736 8609
5876 7914
3699 5649
270 7638
4732 7872
952 7024
8718 8883
5650 8472
7981 8605
4913 6057
1858 8854
2097 2299
892 7766
2031 7050
4283 8282
4642 6696
3658 4970
458 8650
2060 6536
650 8485
5823 7148
3351 4405
6072 8127
3371 6935
1020 4380
4532 8313
2223 8421
550 4450
4156 7986
2699 7132
809 3411
4988 5131
7667 8447
167 269
2775 7979
2978 7729
1659 2427
5724 6073
1711 1870
969 7357
4293 8064
1865 8316
3485 6415
6708 7691
1051 6928
6113 8941
6881 8055
99 6203
4502 7424
1451 5231
7275 7476
2259 4664
1439 3762
2671 4086
2920 8207
85 1613
2449 5324
979 4527
6465 8083
605 5970
1048 6373
4822 4985
2279 8676
1229 7649
1837 1959
1691 8170
2533 3281
538 8100
2804 7622
7092 7879
4086 5478
116 2258
3111 7198
1155 7349
3964 4913
380 1436
3948 6933
1665 4302
8294 8316
1385 4017
2335 5311
3975 4530
462 7586
236 7089
951 3096
3066 3102
3148 4287
2574 8311
4554 8570
6224 6984
4809 5886
1276 8803
5274 8978
1023 8349
1395 5437
6040 7372
5066 7722
1116 3907
3324 6514
1420 4233
836 7128
3051 8751
860 4166
1167 5907
388 2983
2125 7656
98 8774
8139 8896
1215 6312
8923 8983
2614 4777
32 1733
6970 8974
229 5665
1867 7171
2457 8176
2107 7209
3147 3872
2961 7038
2394 8167
3712 4976
1200 8439
1053 4306
1136 8875
5065 6596
5630 6092
4381 8302
108 2415
5515 6257
3603 5624
2265 5841
1402 3893
2496 7781
5192 5565
4650 7187
1296 3968
4582 5864
2512 4845
1820 2385
5728 8220
2731 2971
859 4616
234 3038
6205 7210
1969 8096
2581 8543
2339 7952
1863 4274
917 1212
1025 1147
6236 7566
292 4090
1323 4869
2255 5502
3674 4654
265 2112
3624 5730
1379 3689
903 7801
5709 8354
3642 3706
2249 5645
2419 4014
2805 6889
2129 4226
6201 8022
1983 2004
6164 7381
4026 4884
6862 8098
7366 8614
2832 3753
606 2351
122 5682
1740 5259
2703 6461
111 8102
2166 3488
7564 8703
1222 3953
5134 6517
7823 8234
1988 7479
1162 1768
2384 2783
5378 6426
3382 8378
1748 3002
1384 4955
5562 8580
915 5285
4612 6484
137 6173
734 4749
5288 6760
3276 6209
2150 4589
4610 6939
1195 3032
848 2624
1016 4847
1055 6450
3510 6244
3604 8221
5321 5585
720 5154
4190 6119
5461 8177
5870 6006
3272 5644
2976 3574
8286 8836
434 6297
457 5940
2213 6736
6475 6785
2836 3263
3517 6649
2399 5913
489 7834
3696 5947
6780 7584
3938 7198
3592 7775
194 8853
4442 5855
4375 7996
1123 5300
2079 4972
2177 6361
4884 5863
991 8931
4401 8600
4792 8395
6885 7236
2130 7498
5610 8909
6414 7468
576 3745
5165 8633
2069 7062
3851 7755
4257 4782
1169 7102
8254 8969
5544 6807
3256 5587
3964 8057
4426 6132
56 4709
572 1866
5915 6511
1701 3786
876 2005
1304 2027
2905 7445
822 7537
7144 8668
172 8996
1088 6863
3666 4948
1368 6583
910 1722
5254 7491
4097 6944
3779 5790
1448 4043
5927 6527
1981 4707
3185 3634
4941 8603
5600 6414
219 2007
2389 3761
3777 4269
1998 4731
1131 1695
253 2102
6322 7327
530 4544
2016 8604
1086 3612
2643 3486
2865 8333
7457 7547
4128 5839
4225 7677
3654 3868
1435 4301
1960 7865
5681 7165
5923 6754
2759 3023
3750 8832
648 1322
3873 7480
2925 8777
2403 8889
2832 7073
2002 4188
4522 5852
3189 5370
4628 5358
2552 6470
6262 7237
2839 4926
4782 6086
6 186
3033 8644
257 7797
745 8330
3813 8426
3865 7569
5124 8610
4663 6644
1363 7721
2047 6489
4169 4995
2662 3898
187 3880
1167 7745
3348 7857
3005 5997
4674 7804
4911 5811
659 8249
4123 4524
3010 5078
3225 4994
1135 7393
1836 2926
4232 5069
237 4085
513 5213
1547 8315
3361 3873
3426 7491
2028 7988
4926 8194
4752 5237
3140 7436
805 2953
7432 7684
5337 5598
1411 5360
5375 7026
2778 3801
4287 6249
2736 2861
6550 6798
4363 5003
27 506
2362 8737
3277 4600
602 1455
5136 7154
1880 7568
1285 3961
3681 7210
2818 7573
6767 7578
2345 7844
1715 3800
3114 6199
5459 8882
1231 3309
3106 8765
1844 7503
1587 3212
1255 4362
4387 7693
1861 4114
58 2603
5211 8582
6240 8305
977 5186
4098 7866
1470 5626
3721 7247
5441 6903
865 4540
5163 6692
2975 3614
3787 6311
2616 6100
2284 6005
2179 4909
7376 7729
3425 4080
97 1783
3113 6154
16 2883
1986 3346
3200 4506
3031 3285
6016 7865
5547 6369
3803 8247
1303 8101
7085 8790
1463 1640
2370 6227
3147 4675
906 8939
1731 5187
1788 7791
808 3241
794 4802
1011 1543
7386 8881
5896 7772
4973 6138
3100 7895
1078 7499
2439 4403
3413 8353
7445 8647
1922 4607
3115 4020
6095 6332
4558 5125
2325 4675
2033 8992
2991 8700
191 2394
5232 8558
8578 8734
3535 6226
766 4627
1015 2880
5113 6957
1365 3994
1817 4791
5118 8721
1277 2057
242 5347
3828 8980
4390 5525
3698 4978
2583 4058
5025 6151
2390 7249
2490 2500
1967 8345
4338 7595
2028 6127
1700 3708
680 2750
2828 6215
4598 6003
260 3985
5116 5172
643 2115
7699 7927
4680 6713
5958 6981
1038 5412
264 1698
3300 7927
2094 7511
1096 3195
894 5513
1392 6248
7293 8437
4218 4360
1725 2645
2709 4087
2842 6083
1088 6998
3293 3784
1243 2131
3339 3640
6738 8252
2837 8974
339 2618
2790 6552
2809 5850
102 8158
4568 7395
3241 8276
3896 3949
442 3187
230 4435
2693 8473
710 4876
4343 8104
1351 3446
4816 7970
3773 7439
2712 6774
5995 8190
1073 5832
5600 5965
177 2357
5008 6809
522 8840
1810 6826
2659 4722
5808 8851
148 4149
6594 8887
1813 3646
2292 8238
260 2606
4204 5200
2826 7994
6473 7428
4907 5867
3788 7562
8321 8590
2250 3443
1063 6806
3021 5383
3394 6585
6406 6698
153 8224
1696 5852
3335 6788
41 4375
2233 4362
2334 7654
2881 5555
667 1484
793 7452
3265 5237
4953 5857
374 974
3549 5500
4108 4719
2267 3707
7511 8293
4478 6375
31 5643
4721 6118
2251 3312
3327 3579
7172 7663
1185 6231
357 1762
3874 8062
3384 4696
5388 8396
400 1905
6097 6545
94 5687
1193 1996
5471 6502
5545 6997
1380 4416
4211 7184
8195 8462
2483 3009
6979 8150
2137 8598
4676 8370
3834 8325
6501 7463
953 5448
5665 8380
386 3550
7473 8837
6267 6855
649 3437
7232 7526
1384 6084
5348 7426
5703 5911
2104 6740
1109 6117
1139 8413
509 1506
183 539
3282 5791
3461 4859
2473 6247
6137 8945
1584 5216
3639 7597
2767 4102
645 4088
488 5942
7878 8030
4034 4199
3128 4859
111 828
7225 7453
4594 6655
1709 8877
5929 8422
1732 8002
4991 8235
2404 3831
627 1472
6107 6168
4989 5350
5614 8789
665 4842
1693 7510
3999 6336
1017 7504
4755 5658
3285 4500
7063 7329
2882 8724
2369 6089
150 2065
1549 8848
1377 5838
2422 2871
4073 7830
454 6491
599 3842
5853 8543
2016 8250
3850 8932
3491 4877
5318 8101
4678 7319
287 6582
6593 6833
5847 8664
4804 7034
2928 8843
4378 7823
385 7998
4852 5370
1440 5528
4300 8289
2796 4134
6050 8169
820 4336
4221 6014
4760 7540
3385 8021
1991 7649
652 5327
4615 5832
6673 8878
258 795
1509 7125
4959 7454
3237 3953
3534 4224
5523 6639
53 113
1526 8652
1310 8760
4142 6282
4956 6947
2930 3474
425 1829
1846 5977
1306 5489
3879 8728
6108 8789
4884 8225
7377 8907
1899 3911
2428 4237
3188 6962
1838 4963
893 2319
1977 6921
98 6581
2413 7964
45 189
6008 7449
2133 6291
2109 8309
4142 5226
2635 6107
200 7041
6626 7900
1661 4489
2558 5673
1353 2612
2673 7617
1743 8020
502 6524
685 2679
2941 5687
4733 6909
4276 6201
570 6791
7875 8141
5607 6337
5096 6092
235 4668
2469 8330
1438 8702
2947 3577
1607 6292
5563 8777
1324 1521
1076 8568
2538 4946
3460 8635
724 2912
3079 7317
8038 8191
2262 3910
1288 3769
1265 5049
1376 6523
26 258
7995 8215
2872 5568
1963 5935
89 6047
3852 6907
5347 8908
3632 5032
440 1403
4454 8000
5379 8429
1174 7331
3680 6452
4720 6956
4639 6378
4824 8658
2663 6551
2187 3716
4355 5215
2105 6223
5698 6350
1569 8582
3977 7875
7593 8632
1775 6165
7738 8103
3481 6922
1134 6456
6293 8532
1636 6368
2673 5647
2610 8008
5769 7820
81 8076
4865 6131
2525 4480
4009 6070
1477 3027
1939 7152
3331 8993
780 3869
1473 3024
1316 2853
3701 5038
4936 8365
2819 7321
2532 3283
8094 8828
13 6098
3469 7546
2708 5624
2321 6487
6259 7515
5670 8839
1588 2317
4572 5067
1481 1999
881 5872
2919 5458
2128 3510
2286 8636
8824 8889
3680 4924
169 2726
2687 4344
467 5340
2695 8793
4013 4413
4883 6977
6897 7915
1767 7358
1627 8306
3838 4816
657 8327
4918 6003
4281 6572
5620 7906
8684 8720
6114 6620
4138 8504
3990 4748
7759 8163
6542 7972
7126 7829
2302 7478
1690 7192
356 5986
3050 8731
5661 7648
2666 7271
1034 5018
5385 5865
3553 8921
1097 1641
5516 6444
4580 5483
8571 8601
3522 6904
2600 6071
129 5628
2825 5879
1713 8284
4378 8674
554 998
669 6191
5258 6099
4803 5291
2873 7655
510 2290
837 7785
3054 3663
1889 7185
515 543
4273 7885
4401 7662
2133 3575
1285 4230
3452 5968
3864 8409
1486 5302
4406 4796
468 8253
986 5606
3398 3761
4729 7420
2848 5683
41 7108
1732 3451
2551 3787
4646 6318
601 907
2793 8414
6634 7367
5715 7056
5957 8367
5818 5876
4826 8026
1514 8901
1968 4334
1658 7202
4249 7084
1797 8962
63 2901
7905 8646
584 4469
347 3084
3333 3702
4752 6782
4805 5169
2300 6859
4570 7131
5154 8566
4703 5670
83 6214
873 2490
5087 6424
2174 8011
3130 8427
3244 5042
4042 6041
1331 3160
4689 7542
1803 6136
3563 5942
171 6825
905 8989
329 8286
2042 5201
351 3041
1031 1415
2990 7147
1483 2589
1904 7160
1444 3873
4189 7585
1410 1505
1677 7639
1781 5594
1928 6354
3523 5745
107 4485
3213 5098
395 8913
1986 2833
6705 8704
1823 8281
181 3255
1485 4514
725 729
6526 8516
2827 3752
1375 5204
92 4368
1673 2416
4756 8807
3161 4696
1064 6334
870 1007
971 6821
8729 8974
232 1437
2367 8915
4114 6000
100 2772
5185 6708
1020 5450
273 5046
1390 3181
4546 6482
1597 4240
3769 5148
1021 3138
7264 7654
918 8016
1956 3463
4082 8885
1356 6683
2156 3400
1656 2898
2509 3612
472 7827
4733 8970
625 4544
1702 6988
200 8611
2847 6188
5746 8033
3018 7446
2261 7713
498 2848
937 4345
2953 4492
1866 4145
719 3553
5524 6525
1319 7843
3437 4504
549 4002
4473 8249
212 296
3525 8237
4157 5680
5154 6043
1541 5240
1874 5381
3998 5085
6586 8649
3193 5543
5914 8616
7243 7825
3208 7897
174 4076
2932 3331
6130 8045
124 6266
3129 4151
2118 3502
6948 7126
3652 5668
6504 7636
1388 5991
414 2254
2916 6803
5704 7715
6253 7133
1970 6128
3957 4104
6767 8029
2451 7235
2275 7163
1238 2341
4550 5515
335 2721
3504 5147
1281 8241
5193 5318
921 8552
5107 7734
432 5816
6115 7773
6316 8846
6181 6568
6442 7659
934 3944
1921 2596
3435 8198
4957 5566
3995 8947
1123 7728
3467 6969
3147 7203
7415 8383
2244 7229
855 1949
1274 1833
5297 7690
4 6455
473 7790
2700 7309
2297 2348
2400 4800
1496 7491
46 8621
3798 8816
43 7127
2569 2754
3429 5280
2443 7756
4542 6395
1451 8661
6274 6400
7685 8557
2075 6900
1676 3380
132 4307
2921 7352
1910 4587
615 3546
1687 6566
2497 4930
1207 8701
3319 8455
162 4173
1922 6607
3792 6017
5009 8605
1921 6982
4656 8905
4498 8020
3156 8592
231 7280
5651 6019
3703 4481
5741 8811
772 1093
2563 8137
5164 7679
1001 3210
1551 8436
45 5423
3124 7513
1537 2083
2286 3264
3074 8196
2071 5109
7562 8715
1098 5274
7708 8008
2463 5353
1754 2936
1462 6820
3531 5205
160 503
1352 7763
2708 8591
2690 8063
2217 5240
433 5409
3450 8694
5819 7583
4676 7735
4116 7829
4096 8509
6082 7766
3247 3349
6905 8572
8467 8819
2318 5466
2718 3774
6088 7033
2586 5281
7939 8560
4441 5995
2951 4820
7134 7887
1673 1926
4861 5379
102 151
4164 6543
6145 6850
2291 8112
575 7982
7594 8594
2521 2797
8113 8740
1452 6949
638 639
1862 3919
3902 7169
3233 8556
2722 7264
1990 4884
2335 8518
2655 8612
352 8812
2085 5772
181 6155
1269 8975
5198 6974
1721 3737
172 1334
4320 8428
46 7913
1683 7559
2623 5272
3862 6124
5128 6451
3998 8188
6314 8007
509 3427
2671 4393
91 2091
6660 7689
1236 5266
598 7287
2467 8435
5535 8829
974 5102
6747 7180
4129 8846
1428 8084
965 3421
3808 3931
7192 8575
1198 7758
3471 6605
2315 5587
1374 4094
4095 5443
7789 8025
3402 4527
2773 4623
1562 8436
1370 5033
2355 3461
5446 5989
1180 5089
1785 2029
5272 7811
6059 6828
7325 8963
3802 5062
2393 6510
407 4127
3671 5372
2330 7409
1774 2743
2666 6106
6449 7270
2144 8143
282 3577
2664 6265
1287 4007
4311 8300
184 8736
4659 7710
4971 7919
4563 5457
5056 6657
3641 7245
1524 6604
2791 7037
4771 8736
1440 6169
660 7723
4329 4359
1633 5490
3320 3973
6625 7518
4490 5372
4950 6137
383 8871
1947 8394
3943 6965
490 5303
5114 6911
2537 3183
453 6408
1565 7757
1527 2487
241 6678
330 3430
6071 6805
8265 8521
1210 5037
1253 3168
1391 7300
4423 5013
2149 3974
4864 6565
5848 6190
2025 3798
4463 7268
553 5465
1818 4051
3768 4510
397 2689
799 4939
1008 4638
2571 3395
692 2660
7944 8482
6519 8279
1204 8216
1679 5005
2362 8627
328 6599
591 4383
223 324
4074 6396
3532 3614
343 6773
5431 6841
3489 6125
2644 5649
1920 4754
1797 3757
5282 6480
6500 8776
2572 8953
3251 8798
2134 8773
5932 7762
3448 3953
5179 8497
806 8867
1039 4353
2432 5778
5460 8825
1097 1478
2919 6212
345 2835
326 2649
2117 3618
5401 6107
1807 4541
3378 4456
5128 8782
2728 3727
3625 7392
4217 6714
7161 7334
5054 8412
747 4496
2322 5567
1531 3587
205 7954
1404 4396
270 895
977 4271
451 6531
259 6966
4020 7240
2975 6412
6737 7016
4739 5203
971 4286
3261 5295
996 3633
2660 6701
3524 8695
8314 8778
4044 4389
1542 4766
474 4225
3018 3847
6750 7074
480 8014
6341 7925
2098 4360
6522 8439
1486 5694
1860 3406
5224 7379
2436 7614
2886 7184
1897 5908
6960 8346
1139 4053
4866 5331
3926 7326
4516 6874
2455 4706
1841 3333
3586 7557
1581 3076
4840 7587
1385 7880
2223 5851
4007 6425
4906 8031
5722 7947
3213 4786
3799 6343
3385 4916
2950 4997
7562 8691
2943 7933
1149 5713
3845 4889
6230 6786
4310 7336
6851 7045
635 5718
2918 5565
1329 3416
1708 8039
1102 2473
7115 8474
52 8493
3509 5477
1136 8459
1453 3650
331 3253
165 2159
4630 8176
6324 8138
3065 5959
4743 7938
787 2481
5103 7702
10 4346
3205 6100
3607 8836
5988 6163
2242 2384
121 4029
130 2647
583 7257
3119 7079
441 5202
520 8540
1072 1645
631 7100
628 8633
4573 5157
853 1213
7486 8402
4972 7429
4075 4523
3988 5494
722 8307
2567 3584
5359 8880
1218 4379
2326 3644
1295 1844
5795 7299
1478 1908
3267 4562
2241 6481
1423 4326
3624 4309
882 8081
3563 7082
7281 8794
1965 5516
1795 5701
3067 4832
1939 7435
2067 8380
2202 8534
4512 7288
1577 6987
4617 6534
1690 3328
6054 8308
422 8423
8001 8719
109 5775
502 3197
3866 8813
1787 8844
651 5925
223 448
2766 8051
3445 8334
3388 3772
461 1572
104 2310
2842 4565
3795 4725
331 1738
4134 4250
4081 4726
2774 4384
1036 3664
3374 7191
7102 7973
3320 4486
4716 8284
1942 3884
2490 2713
546 4666
5690 8396
1629 8662
1172 5611
3445 5584
2284 8581
675 1544
1611 4502
496 6354
2681 5785
6437 7011
3014 4797
7062 7292
3609 6042
1042 2367
2999 7992
4581 5176
3614 5659
4078 8011
5987 6426
5144 6322
6729 7688
4262 8666
7230 8377
4808 6977
2617 2698
4565 4718
1971 6022
355 5027
2262 6664
95 5159
2123 6771
5357 6861
6276 8746
1799 5469
888 2342
2070 6909
6846 7328
2938 8064
3791 5235
356 7222
3530 4217
2268 4412
1195 2146
1806 4934
6082 7161
71 3048
2414 3209
4795 8084
102 7560
4700 5650
7596 8073
2243 6120
1904 8515
850 4772
396 7519
3335 3771
2194 8678
1533 4794
2359 7418
3163 3981
2556 7286
919 4419
1049 5188
6466 7999
6556 7295
192 6478
3229 6668
2303 3599
6985 8523
71 3284
1103 1848
2266 2482
443 802
4787 8486
4397 8247
2072 6352
4147 8898
3334 3352
3481 6928
6242 7395
375 8347
2726 8851
6643 8171
1405 3388
142 6245
4148 5497
4686 7124
393 2180
6069 6869
851 4586
1863 3076
2385 4285
1533 6055
3525 6130
14 817
1268 1774
4780 5436
1797 6414
5652 7785
983 8693
799 8861
3551 8583
585 8348
4182 4683
1003 1116
1006 4617
3964 4455
1046 5710
6307 6646
5569 8338
1242 3499
3128 5409
1688 8559
4496 8438
3559 7820
5083 7505
5238 5771
818 8285
689 3229
196 1689
6607 8459
5206 6249
4617 7329
1802 7979
7385 8993
591 4296
609 1494
2535 7579
1682 6632
3345 8636
1684 7925
1530 7142
1748 5993
6377 8453
6951 8476
1848 6920
1395 7700
6314 7185
5836 8541
3263 3308
2618 6780
1075 7806
682 5256
460 5453
3397 8786
3106 6142
4187 5841
1097 8832
5697 6913
5360 7204
2456 8936
4045 6055
3922 5975
4054 8342
2672 4625
2608 6355
2326 6556
1544 7669
5491 7896
709 1090
5410 8837
4385 6968
7008 8979
3408 7944
70 3316
105 2484
5586 8444
2581 3350
2928 7569
6295 7847
3636 7045
4178 5188
1140 6078
1003 2696
2060 5241
6072 8484
4912 6987
1744 3908
72 8918
3120 7653
125 8768
2049 7731
130 7482
2734 3666
7784 7926
7469 7686
1899 1980
4792 8212
2297 5227
2101 7876
6388 8256
17 3250
141 1007
1358 7251
1199 2399
787 2319
2307 4565
3169 4836
4755 8009
849 3548
5714 7920
7324 7694
1539 6999
1971 7778
1774 6163
5976 7118
5732 6533
6596 7458
4849 6663
666 6187
3842 8585
3191 4711
263 4358
286 6007
2495 2645
2267 4612
5972 6223
3215 7518
2986 3281
1445 2083
1244 4233
217 3995
348 7514
4661 5928
3985 7835
820 6903
1868 5481
1872 8074
1353 5386
608 1575
718 1134
2480 6503
146 6865
503 8256
535 2204
5712 6575
3423 4286
5509 7679
3330 7466
3615 5220
4735 8316
3391 8198
5868 8060
1462 3062
1766 4647
6601 7733
1495 4131
3972 6298
6769 8279
4647 6346
2552 3933
375 3402
1501 8107
2272 6679
5977 6935
2396 8494
2326 5085
6436 8826
4323 5457
2727 8160
2105 4752
42 645
563 2314
340 8947
813 6408
1414 4983
286 6176
1409 5236
394 5536
3415 4584
2346 8118
1876 6564
934 3324
3246 3841
5247 6894
3556 6248
210 3289
953 1464
617 931
858 8623
1080 3846
7264 8536
58 1867
5074 8711
734 2842
3778 8629
4565 5503
1056 5490
2944 8908
828 3770
808 4300
3614 7266
6834 6958
1450 3972
6453 6840
2791 8745
405 8386
1349 2299
2246 7030
1094 8518
4965 5714
4201 7518
61 7503
3609 5693
1206 1446
595 5715
3474 8986
137 4006
7088 8146
3322 7337
4754 8254
1550 2285
2044 5053
2292 6917
3813 7772
5832 6687
471 1701
6644 7959
6998 7846
1610 8340
7843 8114
2052 6522
8696 8891
3551 6703
3869 7085
8617 8925
402 5857
1438 6496
2645 7534
2816 6578
2603 3015
6965 7082
7126 7272
8433 8435
183 3190
6505 7332
1402 6474
2769 5322
3068 8810
11 7598
3962 4774
5209 8772
1739 2221
5299 5593
7808 7868
2495 7616
5287 7107
6228 8126
408 4855
3079 8995
6051 8719
403 5195
480 1186
2044 4766
1791 7222
5401 6349
3087 7910
1146 2278
5775 6495
1520 5749
8730 8755
1315 7231
1870 5052
7021 8611
645 918
714 5915
71 3008
4290 4419
2964 8566
7327 8049
5727 7586
815 3816
272 2314
295 3214
1665 2023
2456 5568
216 1045
6413 8309
591 8083
2800 4509
376 6578
2445 5646
2655 2968
3097 3720
3454 6685
256 1950
2754 6298
223 685
3204 8167
324 2229
2830 4287
6306 6938
2275 4252
5955 7392
3919 7693
407 4723
5351 8107
1507 4539
4998 6406
6020 6684
4189 8127
814 6232
8076 8892
3412 5929
4147 4979
3585 6105
4167 5411
1074 4598
6239 7030
8789 8994
5798 6862
3254 8423
4385 8301
3248 4860
3746 5786
7028 8962
2621 6823
3536 8102
6416 7113
4910 8480
3937 5131
480 2527
7548 7745
5978 8593
74 7716
4763 8321
2606 3992
3578 6693
4125 4927
3995 7055
5524 8774
518 5833
389 5006
976 5228
522 5917
2865 8716
4409 6568
2706 7593
134 837
3228 7501
2821 4593
748 3213
7320 7658
3723 8028
2324 5156
4417 5658
78 3959
468 1039
2256 6909
5489 5753
1801 5805
629 2173
79 4913
379 5627
1543 3030
3436 5106
3718 5626
1060 2281
4338 7602
3666 3809
5416 8052
1288 3081
1647 1829
2330 3915
478 5776
2733 4501
5864 6571
3025 7548
2441 4328
6230 7112
3001 5635
837 1818
5955 8578
3660 8124
3152 8659
5710 5735
4793 5606
1314 4252
671 7067
1324 3803
1536 5311
1284 7809
4987 5636
5122 5856
3603 7434
512 6846
2223 7764
3055 8909
1763 6811
3273 7465
4054 7246
4098 6312
1564 2300
1423 5201
6136 7792
2732 6933
4216 6969
1663 2847
470 6951
4219 8416
1941 8613
7242 8374
2617 6426
231 970
3834 6945
1373 7069
330 3940
3848 5505
1208 7140
971 8094
5091 5498
532 5405
2340 8844
2048 6861
3728 7220
1637 2838
3527 4594
3754 8700
630 8693
5055 8226
1481 5638
2494 4780
936 2379
3969 6050
4878 6565
756 6000
2371 2878
1754 3891
4035 4183
2171 7723
5927 6079
6202 7234
3027 7644
1047 1805
4797 5426
397 4673
3179 4239
1393 8541
3327 4901
4075 7141
3686 6103
624 1385
2568 7926
1944 7924
1756 5254
258 6684
1879 2409
2072 7662
5566 6386
1052 7404
2649 3500
1827 8343
2314 7001
877 1366
8014 8248
2549 3745
1604 2567
4033 6505
1237 5279
3568 7252
7129 7544
1866 7930
440 5881
2243 8418
7392 7984
16 7242
4784 5673
1326 6113
925 3219
4166 4491
837 5206
169 2909
96 2145
6181 8531
3998 8099
560 3490
5073 5672
905 2786
5180 8241
6549 7415
773 6497
778 3895
139 4459
3370 4475
6686 7524
4875 5701
1127 8789
2395 3933
6946 8875
1577 8273
731 1237
2165 3990
2826 7313
794 1174
1640 5137
3992 4006
4600 6148
984 1647
5087 8937
2439 2616
47 1614
3850 8772
2769 8960
3867 5925
516 2847
1258 3227
6336 8568
1991 6735
3641 6804
148 3892
1408 8805
4022 7846
206 6232
7632 8360
5017 7964
7019 7899
756 3017
379 700
2120 5793
1323 4210
825 1633
144 7764
1870 7483
3955 7105
4407 5983
451 8734
1707 5253
2954 3550
105 7516
6083 8668
1325 1804
1318 4338
4979 5927
4252 5953
6886 7743
2322 6478
5544 5638
1882 6381
3048 7430
7008 8167
1282 3871
7195 7309
1905 8208
6803 8199
2316 6973
3940 5806
1745 6566
2203 6581
6253 7219
3584 8911
413 6099
5954 8100
3399 7516
1612 3204
8597 8920
4693 7828
762 2717
2290 3562
4729 6238
1127 4946
4868 6405
2882 6246
6951 8097
3355 3578
13 4863
1173 1809
6817 7488
1585 4885
1675 2852
3040 6137
4841 8378
1846 3715
6500 8714
3394 6905
4291 6810
445 7851
4100 6361
5131 6178
6348 8825
7914 8364
357 3546
3790 6183
48 463
4559 8868
3602 7969
3732 6579
1290 3719
2967 5644
1861 2375
2747 7906
944 6280
3654 5403
1055 4590
715 4329
817 6178
1543 2378
1342 8900
2790 7400
2101 8414
2570 4600
2032 7861
3155 8496
334 1433
1871 8789
6561 7312
875 7871
5483 7343
8530 8615
4129 7816
4667 7353
931 5172
2208 2641
1744 8033
1808 2035
4573 8950
5500 6704
5831 6840
1555 8466
1671 8757
154 7088
1261 8069
3461 5134
3985 6658
1551 6683
1542 3278
2755 7552
5773 6005
2916 7350
1693 6789
4998 6857
3570 6725
7995 8308
1163 1452
3461 8610
877 6421
2731 8690
775 1864
212 3394
1259 8185
6979 8089
3088 5702
1882 2813
3634 6373
3186 6907
1974 3966
1259 7703
5397 8632
600 4386
743 5086
922 3975
2676 7802
4847 5853
6087 8452
5454 8249
3684 5599
3840 6899
2026 8981
2509 7894
3568 4562
2383 2525
5278 5603
1734 7175
1142 4461
3018 5286
1093 4162
6897 8086
1741 2940
2985 3078
611 6648
1990 8880
3821 6474
4278 5865
1600 4230
3406 4123
3829 5215
1537 5143
3565 6383
863 3970
142 7705
6552 8541
755 5532
5011 7022
5936 8820
2221 7615
526 4547
1763 2880
7551 7920
3083 5384
1522 6857
6561 8326
1054 1090
3378 3535
3147 7708
7025 7419
471 7835
1982 2229
3708 7845
183 4812
2953 5007
2172 2812
2797 4429
1541 8605
1004 3760
4024 6746
3028 3845
5122 7108
236 5055
1542 8917
1636 5079
4398 4754
2755 4858
2544 4435
504 2577
4008 4579
119 6026
5040 7196
5751 6739
1488 1933
6976 8433
1067 5510
4488 6824
132 4669
1688 5061
5759 8109
3152 8833
1064 3154
637 7658
5096 5241
2199 4916
1529 5321
914 8332
2934 6316
1156 1246
445 3270
5215 6280
4377 5235
2874 2969
577 2859
3962 7868
6252 6262
6937 7090
2750 2838
3829 5684
3796 8802
1528 6286
1521 4096
1071 8876
266 3143
3776 5006
2077 4594
2437 4817
36 6202
2911 6957
3077 8394
4426 6719
3134 3302
4913 8476
3769 8827
3901 4216
3419 7743
1679 6077
6246 8631
4168 7146
610 8318
5930 7121
2879 4718
4081 4657
2893 6286
2188 5402
341 5628
4407 7368
3345 5570
355 5691
2672 8569
4456 6114
135 7857
4075 6994
4642 6913
3432 5353
1574 5287
6633 7705
734 5376
4237 7502
2041 8569
74 3299
616 5574
2234 4488
7460 8333
3477 4501
4666 6585
6181 8459
7040 7104
7372 8829
4230 7487
268 6694
1744 7496
364 7098
843 1392
4273 7214
1323 1344
431 3520
4271 8578
1681 7340
5516 6425
5873 7871
6862 7080
0 5337
1254 5549
8276 8893
327 6920
1571 6297
4792 8051
2960 4272
3349 4654
3399 6028
7126 8472
305 5368
4558 5311
272 5490
6693 6700
3757 7937
5093 5622
746 2223
2915 4330
1181 7121
7727 8799
2749 5425
2037 7302
545 4926
2130 5413
912 3943
5303 8829
7009 8036
2825 6166
4929 8424
1168 6738
4085 8475
4005 4710
848 6671
3209 6313
5293 8391
3616 5747
310 1385
356 1301
2315 7197
6182 8999
1377 5463
25 3414
4816 8252
2415 6043
7531 8023
5738 8588
6161 7779
799 3542
5366 6345
2403 6798
845 3183
3532 6921
4157 4981
3461 4608
4229 6602
6185 8334
3811 4007
1719 8801
1178 2466
3214 3642
6074 7204
1454 6908
783 7811
3601 7348
2032 7315
4586 4939
5854 7552
7012 7562
2835 6774
2226 6359
4014 6429
7282 8817
674 5130
8001 8346
4341 8124
6133 8123
4466 4699
3922 4673
5476 8231
2266 5802
3117 7309
4157 7531
450 3932
6378 7802
6879 7630
4610 7787
409 4344
369 2462
6901 7864
5811 7655
1319 5048
5746 7293
3272 4883
1245 1446
5195 7719
3402 3407
953 973
