simpleTopk:
100000000 2.8782644271850586
200000000 5.573405504226685
300000000 8.370437860488892
400000000 11.328673839569092
500000000 14.146281003952026
600000000 17.02877688407898
700000000 19.763882398605347
800000000 22.730722427368164
900000000 25.71811532974243
1000000000 28.58153462409973

heapTopk:
100000000 1.3848395347595215
200000000 2.7383711338043213
300000000 4.188471078872681
400000000 5.497952699661255
500000000 6.90692400932312
600000000 8.232776165008545
700000000 9.66237187385559
800000000 11.041110754013062
900000000 12.486682176589966
1000000000 13.947957992553711

quickTopk:
100000000 2.822949171066284
200000000 6.519983291625977
300000000 12.143933534622192
400000000 20.737667083740234
500000000 14.158072471618652
600000000 29.695396423339844
700000000 28.631475925445557
800000000 25.38526940345764
900000000 37.82840013504028
1000000000 45.36375331878662

